	1	7.57044	7.57044	0
	2	7.44353	7.50699	0.0634539
	3	7.59641	7.5368	0.0472306
	4	7.638	7.5621	0.0418981
	5	7.64196	7.57807	0.0361714
	6	7.65231	7.59044	0.0320211
	7	7.5793	7.58885	0.0271095
	8	7.47351	7.57443	0.0275507
	9	7.68492	7.58671	0.0272227
	10	7.55805	7.58384	0.0245169
	11	7.54427	7.58025	0.0224663
	12	7.71188	7.59121	0.0232583
	13	7.72624	7.6016	0.0237823
	14	7.53798	7.59706	0.0224822
	15	7.49192	7.59005	0.0220722
	16	7.47711	7.58299	0.0218199
	17	7.46055	7.57579	0.0217248
	18	7.66149	7.58055	0.0210284
	19	7.64405	7.58389	0.0201698
	20	7.61153	7.58527	0.0191845
	21	7.41769	7.57729	0.0199167
	22	7.53267	7.57526	0.0190978
	23	7.48532	7.57135	0.0186629
	24	7.74628	7.57864	0.0192978
	25	7.70007	7.5835	0.0191364
	26	7.43847	7.57792	0.0192133
	27	7.50803	7.57533	0.0186683
	28	7.58774	7.57578	0.0179947
	29	7.56077	7.57526	0.0173708
	30	7.51249	7.57317	0.0169117
	31	7.55095	7.57245	0.0163728
	32	7.72711	7.57728	0.0165732
	33	7.61112	7.57831	0.0160959
	34	7.5823	7.57843	0.0156157
	35	7.67196	7.5811	0.0153967
	36	7.56279	7.58059	0.0149716
	37	7.612	7.58144	0.014586
	38	7.57959	7.58139	0.0141971
	39	7.58321	7.58144	0.0138283
	40	7.6414	7.58294	0.0135613
	41	7.66098	7.58484	0.0133627
	42	7.5149	7.58317	0.0131465
	43	7.61968	7.58402	0.0128652
	44	7.48022	7.58166	0.0127889
	45	7.67104	7.58365	0.0126583
	46	7.63576	7.58478	0.0124317
	47	7.53024	7.58362	0.0122196
	48	7.53725	7.58266	0.0120012
	49	7.70436	7.58514	0.0120133
	50	7.74288	7.58829	0.0121861
