0.0230664	0	0
0.0461329	0	0
0.0691993	0	0
0.0922657	0	0
0.115332	0	0
0.138399	0	0
0.161465	0	0
0.184531	0	0
0.207598	0	0
0.230664	0	0
0.253731	0	0
0.276797	0	0
0.299864	0	0
0.32293	0	0
0.345996	0	0
0.369063	0	0
0.392129	0	0
0.415196	0	0
0.438262	0	0
0.461329	0	0
0.484395	0	0
0.507461	0	0
0.530528	0	0
0.553594	0	0
0.576661	0	0
0.599727	0	0
0.622794	0	0
0.64586	0	0
0.668926	0	0
0.691993	0	0
0.715059	0	0
0.738126	0	0
0.761192	0	0
0.784259	0	0
0.807325	0	0
0.830391	0	0
0.853458	0	0
0.876524	0	0
0.899591	5.30212e-05	2.05117e-05
0.922657	0.0034308	0.000183076
0.945724	0.0472752	0.000759675
0.96879	0.292598	0.00165207
0.991856	1.00493	0.0034453
1.01492	2.23731	0.00477634
1.03799	3.62435	0.00404089
1.06106	4.62364	0.00470784
1.08412	4.90113	0.00585682
1.10719	4.49156	0.00679765
1.13026	3.65418	0.00547607
1.15332	2.69293	0.0044689
1.17639	1.81887	0.00278191
1.19945	1.13188	0.00264586
1.22252	0.654833	0.00225674
1.24559	0.350968	0.00196661
1.26865	0.178934	0.00156956
1.29172	0.0894772	0.00106777
1.31479	0.049776	0.000909125
1.33785	0.0421131	0.00079028
1.36092	0.060876	0.000922862
1.38399	0.106873	0.00119526
1.40705	0.184544	0.00125492
1.43012	0.300771	0.00140296
1.45319	0.452815	0.00122937
1.47625	0.629946	0.00104373
1.49932	0.795152	0.00196335
1.52238	0.92346	0.00274969
1.54545	0.968709	0.00236407
1.56852	0.927965	0.00236252
1.59158	0.80608	0.00164955
1.61465	0.640584	0.00119939
1.63772	0.466225	0.00101192
1.66078	0.317751	0.00100614
1.68385	0.219968	0.00142749
1.70692	0.193834	0.00179288
1.72998	0.255738	0.00203545
1.75305	0.43458	0.00232135
1.77612	0.748658	0.0022573
1.79918	1.19776	0.00249342
1.82225	1.72477	0.00182481
1.84531	2.23652	0.00255337
1.86838	2.59486	0.00411432
1.89145	2.71504	0.00455802
1.91451	2.55728	0.00439106
1.93758	2.17975	0.00273109
1.96065	1.69152	0.00179547
1.98371	1.20033	0.00171068
2.00678	0.803232	0.0022671
2.02985	0.541798	0.00211252
2.05291	0.433261	0.00229653
2.07598	0.460407	0.0019313
2.09905	0.585844	0.00161613
2.12211	0.757236	0.000981741
2.14518	0.920056	0.00121121
2.16824	1.01608	0.0013845
2.19131	1.02231	0.00179709
2.21438	0.92022	0.00149393
2.23744	0.781554	0.00116569
2.26051	0.653888	0.00130114
2.28358	0.571149	0.00193522
2.30664	0.574397	0.00247379
