	1	-7.55023	-7.55023	0
	2	-7.57453	-7.56238	0.0121514
	3	-7.54531	-7.55669	0.0090334
	4	-7.53859	-7.55217	0.00782843
	5	-7.53832	-7.5494	0.00666649
	6	-7.53624	-7.5472	0.0058679
	7	-7.54863	-7.54741	0.00496349
	8	-7.56786	-7.54997	0.00500154
	9	-7.52921	-7.54766	0.00497717
	10	-7.55292	-7.54819	0.00448274
	11	-7.555	-7.54881	0.00410183
	12	-7.52549	-7.54686	0.00421866
	13	-7.52244	-7.54498	0.00431148
	14	-7.55853	-7.54595	0.00410732
	15	-7.56358	-7.54713	0.00400021
	16	-7.5664	-7.54833	0.00393094
	17	-7.57059	-7.54964	0.00391772
	18	-7.53407	-7.54878	0.00379358
	19	-7.53584	-7.54809	0.00365238
	20	-7.54342	-7.54786	0.00347282
	21	-7.57773	-7.54928	0.00359643
	22	-7.55765	-7.54966	0.00345011
	23	-7.56738	-7.55043	0.00338553
	24	-7.51827	-7.54909	0.00350754
	25	-7.52783	-7.54824	0.00347016
	26	-7.57488	-7.54927	0.00348785
	27	-7.56259	-7.54976	0.00339224
	28	-7.54767	-7.54969	0.0032697
	29	-7.5539	-7.54983	0.00315828
	30	-7.56222	-7.55024	0.003079
	31	-7.5557	-7.55042	0.00298322
	32	-7.52182	-7.54953	0.00302361
	33	-7.5437	-7.54935	0.00293586
	34	-7.54942	-7.54935	0.0028482
	35	-7.53318	-7.54889	0.00280396
	36	-7.55164	-7.54897	0.00272603
	37	-7.54195	-7.54878	0.0026581
	38	-7.54745	-7.54874	0.00258744
	39	-7.5496	-7.54876	0.00252032
	40	-7.53794	-7.54849	0.00247138
	41	-7.53376	-7.54813	0.00243699
	42	-7.56204	-7.54847	0.00240119
	43	-7.54023	-7.54827	0.00235249
	44	-7.56627	-7.54868	0.00233452
	45	-7.53314	-7.54834	0.00230804
	46	-7.53876	-7.54813	0.00226688
	47	-7.55748	-7.54833	0.00222703
	48	-7.55589	-7.54849	0.00218582
	49	-7.52627	-7.54803	0.00218823
	50	-7.52017	-7.54747	0.00221525
