1	27.0278	27.1844	31.4025
2	27.0278	27.6722	31.4409
3	26.6403	27.4272	31.0501
4	26.6403	27.3941	30.7186
5	27.0278	27.4046	30.8265
6	26.846	27.4289	30.4936
7	26.837	27.4323	30.1833
8	27.0278	27.469	30.0699
9	25.7055	27.4549	30.0033
10	24.9265	27.3806	29.8951
11	24.9265	27.0575	30.0058
12	24.9265	26.4538	29.6033
13	24.5467	26.1796	29.804
14	24.9265	25.5252	29.2705
15	24.9265	25.3291	28.9138
16	23.9727	25.286	28.5522
17	24.9265	25.2596	28.4004
18	24.9265	25.2533	28.2588
19	24.7626	25.198	28.0916
20	24.5488	25.2258	28.0294
21	24.5488	25.2534	27.9578
22	23.4259	25.2382	27.8531
23	23.9798	25.2353	27.8634
24	23.9798	25.1484	27.7641
25	23.9798	25.1183	27.7452
26	24.5488	25.0994	27.7428
27	24.5488	25.1274	27.6704
28	24.5488	25.1169	27.6331
29	24.5488	25.1666	27.6328
30	24.399	25.0942	27.6
31	24.0214	25.0892	27.5904
32	24.399	25.1444	27.6317
33	24.399	25.1201	27.5911
34	24.3496	25.1252	27.5686
35	24.3496	25.006	27.4204
36	24.3496	24.8798	27.3346
37	23.7382	24.7358	27.245
38	23.7382	24.6814	27.155
39	23.7382	24.8206	27.3168
40	24.3496	24.7655	27.2803
41	24.0657	24.6553	27.2391
42	24.0163	24.6792	27.2557
43	23.9906	24.7078	27.2513
44	24.0005	24.6926	27.2007
45	24.3496	24.7279	27.2615
46	24.3496	24.7376	27.2105
47	23.8599	24.7349	27.1551
48	23.6762	24.6575	27.0177
49	23.5957	24.6337	26.9747
50	24.1405	24.5958	26.9451
51	23.6333	24.6046	26.9436
52	24.3496	24.5823	26.8886
53	24.2605	24.5861	26.9235
54	23.6919	24.5409	26.8091
55	24.2605	24.4445	26.7538
56	24.2605	24.3696	26.673
57	23.745	24.3623	26.6553
58	24.2605	24.6434	27.0342
59	24.1979	24.5314	26.9001
60	24.1979	24.4287	26.8042
61	23.8753	24.3	26.6751
62	23.8277	24.2588	26.4587
63	23.8277	24.2518	26.3803
64	24.2605	24.2605	26.3536
65	24.2605	24.2605	26.3765
66	24.2605	24.2605	26.3693
67	24.2605	24.2605	26.3242
68	24.2605	24.2605	26.2856
69	24.1221	24.2589	26.3045
70	24.2546	24.2605	26.2661
71	24.1128	24.2599	26.2706
72	23.4698	24.2568	26.2671
73	23.745	24.2579	26.2607
74	22.7424	24.2533	26.2411
75	23.2436	24.2545	26.2069
76	24.102	24.2599	26.1843
77	23.5509	24.2571	26.1765
78	24.2605	24.2605	26.2826
79	24.0412	24.2518	26.2682
80	23.8657	24.2407	26.2722
81	24.0412	24.2518	26.2744
82	24.0028	24.2394	26.2625
83	23.9028	24.2402	26.2773
84	23.98	24.2221	26.2655
85	24.0313	24.2265	26.2676
86	23.1521	24.2169	26.2516
87	24.0313	24.1982	26.2363
88	24.0313	24.1829	26.2175
89	23.077	24.1333	26.2163
90	23.5376	24.0827	26.1863
91	23.5319	24.0293	26.1291
92	23.6317	24.0126	26.0988
93	23.0099	23.9454	26.075
94	23.0099	23.8122	25.9623
95	23.7145	23.844	25.9492
96	23.2939	23.8185	25.9531
97	23.2939	23.8166	25.9493
98	22.9959	23.6868	25.8489
99	22.5644	22.9902	25.2914
100	18.7137	22.9567	25.1843
101	22.5644	23.8079	26.224
102	22.5644	22.9767	25.5211
103	22.2284	22.9832	25.5283
104	22.4539	22.9885	25.2494
105	21.4061	22.9856	25.1618
106	22.5644	22.9838	25.086
107	22.5644	22.9855	25.0747
108	22.2375	22.9842	25.0443
109	22.9906	22.9958	25.0131
110	22.9906	22.9955	24.9641
111	22.9906	22.9944	24.957
112	22.9906	22.9929	24.9867
113	22.4486	22.9733	24.8971
114	22.4486	22.8917	24.8166
115	21.7005	22.6588	24.6306
116	20.9699	22.2053	24.4106
117	21.1643	21.8697	24.2449
118	21.1643	21.5375	24.0062
119	21.1643	21.5399	23.9373
120	20.9762	21.4473	23.8204
121	20.9762	21.4013	23.7318
122	20.9762	21.2746	23.6503
123	20.9762	21.3371	23.8729
124	20.9762	21.2938	23.7985
125	20.8862	21.1347	23.6267
126	20.9762	21.0813	23.5753
127	20.9762	21.0644	23.5086
128	20.9762	21.0304	23.4135
129	20.9762	21.0086	23.3685
130	20.9762	20.9995	23.3764
131	20.8296	20.9984	23.5021
132	20.3194	21.0037	23.6833
133	20.3194	20.9851	23.577
134	20.9762	21.0042	23.5599
135	20.8862	21.0027	23.5048
136	20.8522	20.9988	23.5297
137	20.8522	20.9747	23.4015
138	20.6757	20.972	23.3528
139	20.5902	20.9386	23.3557
140	20.6757	20.8536	23.2729
141	20.6757	20.737	23.1726
142	20.5857	20.788	23.2281
143	20.6757	20.6757	23.1032
144	20.0329	20.6732	23.0228
145	19.5363	20.6275	23.0047
146	20.0329	20.596	22.9265
147	19.8454	20.5369	22.8905
148	20.0329	20.5511	22.869
149	20.0329	20.5266	22.8782
150	20.0329	20.5284	23.2059
151	20.0329	20.616	23.3045
152	20.0329	20.6128	23.2772
153	19.5016	20.5838	23.2275
154	20.0329	20.6887	23.6163
155	20.0329	20.7598	23.6166
156	20.0329	20.6947	23.4466
157	20.0329	20.8208	23.5253
158	20.0329	20.6526	23.3489
159	19.753	20.5346	23.2203
160	19.4038	20.4732	23.1952
161	20.0329	20.4929	23.1681
162	20.0329	20.5093	23.2271
163	20.0329	20.4414	23.2567
164	19.8454	20.4354	23.2367
165	19.8454	20.5019	23.3289
166	19.8454	20.4086	23.1598
167	20.0329	20.345	23.0361
168	20.0329	20.2123	22.89
169	20.0329	20.1618	22.771
170	20.0329	20.1815	22.7934
171	19.7954	20.139	22.7839
172	19.7954	19.803	22.5121
173	19.4682	19.7902	22.3849
174	19.4682	19.8076	22.6897
175	19.7954	19.7954	22.4925
176	19.7954	19.7954	22.3599
177	17.6318	19.7864	22.2856
178	19.7954	19.7954	22.3244
179	18.8998	19.7896	22.2708
180	18.8998	19.7668	22.1785
181	18.8998	18.8998	21.6156
182	18.8998	18.8998	21.4921
183	18.8998	18.8998	21.3817
184	18.8998	18.8998	21.3338
185	18.8998	18.8998	21.5258
186	18.6398	18.8987	21.6798
187	18.553	18.8984	21.6533
188	18.8998	18.8998	21.6355
189	18.3977	18.8957	21.712
190	18.3977	18.8947	21.6795
191	18.3977	18.8786	21.696
192	18.3977	18.8711	21.7047
193	18.3977	18.8618	21.6635
194	18.3977	18.8833	21.7257
195	18.1604	18.8697	21.6954
196	17.9931	18.3223	21.5505
197	18.0017	18.1635	21.2916
198	18.1604	18.1665	21.3225
199	18.1604	18.1665	21.1844
200	16.5777	17.8217	20.908
201	16.5777	16.5777	20.0959
202	16.2047	16.5762	20.334
203	16.2047	16.5762	20.396
204	16.5777	16.5777	20.0687
205	16.5205	16.5775	19.8894
206	16.4172	16.5762	19.7806
207	16.4172	16.5736	19.6189
208	16.117	16.5731	19.547
209	16.4172	16.5694	19.4717
210	16.4172	16.5681	19.3618
211	16.4172	16.5636	19.4257
212	16.4172	16.5675	19.4283
213	15.8956	16.5609	19.3567
214	16.2282	16.5641	19.4249
215	16.2683	16.5576	19.3171
216	15.8956	16.5208	19.2642
217	16.129	16.5209	19.2953
218	16.129	16.5111	19.3021
219	16.129	16.5048	19.2922
220	16.129	16.4655	19.2443
221	16.129	16.5095	19.2785
222	16.129	16.519	19.4506
223	16.129	16.4764	19.353
224	16.129	16.4317	19.2499
225	16.129	16.4009	19.4209
226	16.129	16.3797	19.3638
227	16.129	16.3655	19.2408
228	16.129	16.3401	19.1839
229	16.129	16.3125	19.1923
230	16.129	16.3158	19.2117
231	16.129	16.2732	19.2349
232	16.129	16.2578	19.189
233	16.129	16.3117	19.3973
234	16.129	16.3031	19.3831
235	15.8647	16.281	19.3538
236	15.7042	16.2642	19.2246
237	15.8384	16.2505	19.1544
238	15.8384	16.1664	19.1242
239	15.8384	15.8438	18.8522
240	15.8384	15.8384	18.7825
241	15.8384	15.8384	18.6464
242	15.8384	15.8384	18.5947
243	15.8101	15.8383	18.7855
244	15.8101	15.8381	18.6707
245	15.8101	15.8382	18.6025
246	15.8384	15.8384	18.5224
247	15.8384	15.8384	18.8356
248	15.8384	15.8384	18.8815
249	15.8384	15.8384	18.9983
250	15.6778	15.8371	18.8858
251	15.8384	15.8384	18.8678
252	15.4898	15.8356	18.7524
253	15.8384	15.8384	18.7738
254	15.7706	15.8382	18.7782
255	15.7706	15.8346	18.7292
256	15.7706	15.8281	18.694
257	15.7706	15.8151	18.6748
258	15.317	15.7989	18.6214
259	15.7706	15.7997	18.6397
260	15.5018	15.7831	18.5945
261	14.9662	15.7444	18.5545
262	14.9662	15.684	18.6446
263	14.9662	15.6105	18.7091
264	14.9565	15.2249	18.4021
265	14.9662	15.0211	18.227
266	14.9662	14.9662	18.11
267	14.9662	14.9662	18.055
268	14.6191	14.9648	17.9296
269	14.6191	14.9649	18.4171
270	14.7622	14.9654	18.184
271	14.9662	14.9662	18.052
272	14.9662	14.9662	18.0148
273	14.9662	14.9662	18.0143
274	14.9662	14.9662	17.974
275	14.9662	14.9662	17.8564
276	14.5978	14.9648	17.9767
277	14.9662	14.9663	17.9602
278	14.9662	14.9662	17.8474
279	14.9662	14.9662	17.9473
280	14.9662	14.9662	17.9308
281	14.9662	14.9662	17.9185
282	14.9662	14.9662	17.9018
283	14.9662	14.9662	17.8756
284	14.2694	14.9636	17.922
285	14.9662	14.9666	17.9484
286	14.9662	14.9665	17.8702
287	14.9594	14.9664	17.8327
288	14.9662	14.9663	17.905
289	14.9662	14.9663	17.9622
290	14.9662	14.9662	17.8611
291	14.9662	14.9663	17.8933
292	14.9662	14.9662	17.8339
293	14.9662	14.9662	17.77
294	14.9662	14.9662	17.7689
295	14.9662	14.9663	17.7577
296	14.6581	14.9652	17.7444
297	14.9662	14.9664	17.7453
298	14.8858	14.9659	17.8332
299	14.9404	14.9662	17.7578
300	14.9662	14.9664	17.7667
301	14.9662	14.9666	17.8558
302	14.9259	14.966	17.7178
303	14.9259	14.966	17.7223
304	14.5978	14.963	17.7062
305	14.5978	14.9625	17.6806
306	14.5978	14.9629	17.683
307	14.5978	14.9593	17.6269
308	14.8932	14.9645	17.6034
309	14.8932	14.9641	17.6948
310	14.8932	14.9648	17.7206
311	14.9259	14.9651	17.7055
312	14.8932	14.9636	17.6588
313	14.9259	14.9651	17.7029
314	14.9259	14.9654	17.7487
315	14.6975	14.9649	17.8159
316	14.2841	14.9634	17.8796
317	14.8932	14.9654	17.8295
318	14.9259	14.9662	17.8141
319	14.9259	14.9662	17.7801
320	14.6007	14.963	17.7315
321	14.6007	14.9635	17.6807
322	14.6007	14.9616	17.6372
323	14.6007	14.9602	17.6394
324	14.5277	14.9495	17.6251
325	14.5603	14.9587	17.6565
326	14.6007	14.9593	17.6153
327	14.6007	14.9635	17.7023
328	14.8452	14.9637	17.615
329	14.8452	14.9621	17.6131
330	14.8452	14.9598	17.6538
331	14.7722	14.953	17.6736
332	14.7722	14.9471	17.6592
333	14.7722	14.9422	17.6266
334	14.7722	14.948	17.75
335	14.7722	14.9502	17.6445
336	14.8049	14.942	17.6466
337	14.7722	14.9393	17.665
338	14.7722	14.9187	17.6016
339	14.7722	14.9241	17.6162
340	14.7722	14.924	17.8143
341	14.6069	14.9244	17.8068
342	14.7722	14.9162	17.7698
343	14.7722	14.9077	17.6922
344	14.7722	14.9121	17.661
345	14.7722	14.8914	17.596
346	14.7722	14.884	17.6046
347	14.7722	14.8901	17.696
348	14.498	14.8975	17.678
349	14.7722	14.9522	17.7939
350	14.7722	14.8892	17.7592
351	14.7722	14.8946	17.685
352	14.7722	14.8844	17.6781
353	14.7722	14.9105	17.754
354	14.7722	14.883	17.7173
355	14.8049	15.4202	18.0124
356	14.8452	15.1171	17.8501
357	14.8452	15.0075	17.6281
358	14.8452	15.012	17.619
359	14.8452	15.0242	17.5906
360	14.8452	15.0066	17.5593
361	14.8452	14.9693	17.4947
362	14.8452	14.9641	17.435
363	14.8452	14.9486	17.4268
364	14.1383	14.9381	17.4387
365	14.8452	14.9482	17.445
366	14.6625	14.9289	17.4407
367	14.8452	14.9267	17.4201
368	14.4262	14.9255	17.4727
369	14.0201	14.915	17.4512
370	14.8452	14.9157	17.4854
371	14.8452	14.9236	17.6691
372	14.8452	14.9044	17.6489
373	14.8452	14.8986	17.5926
374	14.8452	14.9044	17.6377
375	14.8452	14.8921	17.5361
376	14.8452	14.8902	17.5207
377	14.4636	14.8855	17.4875
378	14.4636	14.875	17.5831
379	14.4636	14.8733	17.5219
380	14.4636	14.8603	17.4479
381	14.4636	14.8505	17.6441
382	14.4636	14.8344	17.6551
383	14.4636	14.8276	17.5662
384	14.4636	14.8193	17.5102
385	14.4636	14.8144	17.4546
386	14.4636	14.8225	17.7721
387	14.4636	14.8406	17.7853
388	14.4636	14.8975	18.0506
389	14.4636	14.9088	18.0435
390	14.4636	14.9411	18.0965
391	14.4636	14.817	17.914
392	14.4636	14.7906	17.6375
393	14.4636	14.7752	17.5302
394	14.4636	14.7482	17.3607
395	14.4636	14.764	17.3425
396	14.4636	14.7814	17.6462
397	14.4636	14.7733	17.6252
398	14.4636	14.7415	17.5271
399	14.4636	14.7271	17.51
400	13.3921	13.4551	16.7879
401	13.3921	13.3921	16.6351
402	13.3921	13.3921	16.3231
403	13.3566	13.392	16.2188
404	13.114	13.391	16.1557
405	13.3921	13.3921	16.1504
406	13.3921	13.3921	16.086
407	13.3921	13.3921	16.0335
408	13.3921	13.3921	16.0798
409	13.3921	13.3921	16.1131
410	13.3921	13.3921	16.0802
411	13.3921	13.3921	16.1115
412	13.3921	13.3921	16.1381
413	13.3921	13.3921	16.126
414	13.3921	13.3921	16.028
415	13.3921	13.3921	16.0506
416	13.3921	13.3921	16.0607
417	13.3921	13.3921	16.0722
418	13.3921	13.3921	16.11
419	13.3921	13.3921	16.0448
420	13.3921	13.3921	16.3564
421	13.3921	13.3921	16.2333
422	13.3921	13.3921	16.1173
423	13.3921	13.3921	16.1629
424	13.3921	13.3921	16.0963
425	13.3921	13.3921	16.1249
426	13.3921	13.3921	17.0207
427	13.3566	13.392	16.8661
428	13.1958	13.3907	16.7662
429	12.9086	13.3829	16.8211
430	13.2241	13.3807	16.8193
431	13.2241	13.3511	16.6973
432	13.2241	13.3511	16.6489
433	13.2241	13.3464	16.612
434	12.9086	13.3344	16.5772
435	13.2241	13.3236	16.5178
436	13.2241	13.3229	16.6092
437	13.2241	13.3048	16.5247
438	13.2241	13.3041	16.6886
439	13.2241	13.2853	16.5226
440	13.2241	13.2806	16.4483
441	13.2241	13.253	16.3592
442	13.2241	13.2463	16.3409
443	13.2241	13.2481	16.5724
444	13.2241	13.2514	16.6189
445	13.2241	13.2366	16.5089
446	13.2241	13.2535	16.5398
447	13.2241	13.2385	16.431
448	13.2241	13.2479	16.3543
449	13.2241	13.2493	16.3499
450	13.2241	13.2255	16.2156
451	13.2241	13.2328	16.1979
452	13.2241	13.2534	16.1321
453	13.2241	13.2481	16.1689
454	13.1886	13.2596	16.2156
455	13.1886	13.2717	16.1829
456	13.2241	13.281	16.2442
457	13.2241	13.2755	16.1801
458	13.2241	13.271	16.1486
459	13.2241	13.2626	16.1072
460	13.2155	13.2612	16.06
461	13.2155	13.2729	16.1899
462	13.2155	13.2701	16.2448
463	13.2241	13.2702	16.3314
464	13.2241	13.3073	16.4301
465	13.2241	13.3857	16.6288
466	13.2241	13.4761	16.6866
467	13.2241	13.3097	16.5086
468	13.2241	13.3254	16.7196
469	13.2241	13.2885	16.711
470	13.2241	13.2664	16.5672
471	13.2241	13.2594	16.4269
472	13.2241	13.2615	16.5265
473	13.2241	14.5011	18.2305
474	13.2241	14.383	18.2063
475	13.2241	14.1023	17.7562
476	13.2241	14.1314	17.7099
477	13.2241	13.7927	17.4418
478	13.2241	13.7212	17.3795
479	13.2241	14.1925	18.2899
480	13.2241	13.9011	17.8264
481	13.2241	13.9476	17.7344
482	13.2241	13.894	17.499
483	13.2241	14.0269	17.4411
484	13.2241	13.7387	17.2814
485	13.2241	13.5132	17.104
486	13.2206	13.3512	16.941
487	13.2206	13.295	16.8343
488	13.2206	13.2875	16.6804
489	13.2206	13.2844	16.6421
490	13.2206	13.2867	16.6722
491	13.2206	13.2885	16.6402
492	13.2206	13.2964	16.6325
493	13.2206	13.294	16.6327
494	13.2206	13.2938	16.5918
495	13.2206	13.2929	16.6744
496	13.2206	13.2912	16.5943
497	13.2206	13.3001	16.6029
498	12.5548	13.3053	16.6747
499	13.2206	13.3036	16.5369
500	13.2206	13.3044	16.5187
501	13.2206	13.3128	16.4837
502	13.1883	13.3105	16.4527
503	13.1883	13.3047	16.3859
504	13.1883	13.3041	16.3597
505	13.1376	13.299	16.4113
506	13.1376	13.3005	16.4186
507	13.1053	13.3144	16.5931
508	13.1883	13.3228	16.6301
509	13.1883	13.305	16.5631
510	13.1883	13.302	16.5604
511	13.1883	13.2997	16.5099
512	13.1883	13.3019	16.4961
513	13.1883	13.2991	16.4454
514	13.1883	13.304	16.5173
515	13.1883	13.3005	16.4271
516	13.1883	13.3111	16.5188
517	13.1883	13.3218	16.5656
518	13.1883	13.3029	16.6406
519	13.1883	13.2977	16.5671
520	13.1883	13.3001	16.5052
521	13.1883	13.2901	16.4191
522	13.0289	13.3196	16.6357
523	13.0289	13.2817	16.4698
524	13.1883	13.2873	16.4284
525	13.1883	13.281	16.4035
526	13.1883	13.2747	16.2945
527	13.1883	13.2853	16.3323
528	13.1883	13.288	16.2861
529	13.1883	13.2916	16.2883
530	13.1883	13.2917	16.2858
531	13.1883	13.2833	16.1977
532	13.1883	13.2854	16.1991
533	13.1883	13.2857	16.2359
534	13.1883	13.2884	16.1948
535	13.1883	13.2759	16.138
536	13.1883	13.2699	16.1063
537	13.1009	13.2774	16.0873
538	13.1883	13.2924	16.2385
539	13.1883	13.2836	16.1842
540	13.0747	13.2938	16.1029
541	13.0747	13.2883	16.0337
542	13.0747	13.2816	16.0054
543	13.0747	13.2771	16.0358
544	13.0747	13.266	16.0562
545	13.0747	13.3097	16.2321
546	13.0747	13.4889	16.7374
547	13.0747	13.367	16.5727
548	13.0747	13.3227	16.4154
549	13.0747	13.2935	16.2892
550	13.022	13.2829	16.2502
551	13.0106	13.2913	16.1664
552	13.1863	14.8514	17.498
553	13.0747	14.2766	17.1927
554	13.107	14.2443	17.0715
555	13.0747	14.2764	17.1416
556	13.0747	14.2201	17.0675
557	13.107	13.9173	16.8537
558	13.0747	14.3699	17.1658
559	13.0747	14.2125	17.1442
560	13.107	14.1273	17.084
561	13.2206	14.1603	17.0762
562	13.345	14.2802	17.1183
563	13.345	14.1282	17.0047
564	13.345	14.0028	16.8862
565	13.345	13.9391	16.794
566	13.3564	13.9951	16.8839
567	13.3564	14.0721	17.3754
568	13.1883	13.9136	17.2389
569	13.1883	13.7212	16.9691
570	13.1883	13.6257	16.8547
571	13.1883	13.6029	16.8514
572	13.1883	13.5748	16.7909
573	13.1883	13.5289	16.7187
574	13.1883	13.5017	16.6375
575	13.1883	13.5182	16.7792
576	13.1883	13.5135	16.7853
577	13.1883	13.5478	16.8241
578	13.1883	13.5711	16.9545
579	13.1883	13.599	16.9922
580	13.3564	16.0458	19.3923
581	13.3564	14.9147	18.7913
582	13.3564	14.2991	18.2458
583	13.3564	14.506	18.1743
584	13.3564	14.345	18.1037
585	13.3564	15.2333	18.9862
586	13.3564	14.8436	18.6229
587	13.3564	14.5518	18.1515
588	13.3564	14.7803	18.1994
589	13.3564	14.7103	18.1195
590	13.3564	14.6102	17.9801
591	13.3564	14.4845	17.7891
592	13.3564	14.1943	17.5345
593	13.3564	14.3186	17.6857
594	13.3564	14.4083	17.791
595	13.3564	14.2257	17.5591
596	13.3564	14.1604	17.4551
597	13.3564	14.173	17.5314
598	13.3564	14.2021	17.5992
599	13.3564	14.0721	17.4254
600	13.3564	13.841	17.2511
601	13.3564	13.7487	17.0851
602	13.1977	13.7329	16.9904
603	13.3564	13.7225	16.8658
604	13.3564	13.7128	16.833
605	13.3564	13.7235	16.8613
606	13.3564	13.6834	16.8579
607	13.3564	13.6515	16.8327
608	13.2801	13.6405	16.761
609	13.3564	13.6723	16.761
610	13.3564	13.5811	16.5942
611	13.2899	13.5857	16.5873
612	13.3564	13.6832	16.6686
613	13.3564	13.7229	16.7364
614	13.3564	13.7259	16.7651
615	13.3564	13.7582	16.8855
616	13.3564	13.7654	16.8555
617	13.3564	13.8504	16.9985
618	13.3564	13.7296	16.9144
619	13.3564	13.7966	16.9149
620	13.3564	13.7659	16.8863
621	13.3564	13.6781	16.7382
622	13.3564	15.3475	17.8321
623	13.3564	15.0183	17.6267
624	13.3564	14.8808	17.5341
625	13.3564	15.0127	17.6327
626	13.3564	14.8538	17.5508
627	13.3564	14.7118	17.4449
628	13.3564	14.7343	17.4734
629	13.3564	14.7167	17.4806
630	13.3564	14.5981	17.4044
631	13.3564	14.4387	17.2627
632	13.3564	14.3318	17.1682
633	13.3564	14.3016	17.1567
634	13.3564	14.293	17.1535
635	13.3564	14.1913	17.0644
636	13.3564	14.2163	17.0675
637	13.3564	14.0327	16.9331
638	13.3564	13.9548	16.7843
639	13.3564	13.964	16.9829
640	13.3564	13.9648	17.1008
641	13.3564	13.9391	17.0401
642	13.3564	13.9362	17.008
643	13.3564	13.9526	16.9931
644	13.3564	13.9429	16.9308
645	13.3564	14.0392	17.2829
646	13.3564	14.0916	17.3272
647	13.3564	14.0781	17.2308
648	13.3564	14.1536	17.3863
649	13.3564	14.3684	17.4577
650	13.3564	14.3433	17.3998
651	13.3564	14.424	17.4767
652	13.3564	14.3664	17.4204
653	13.3564	14.4189	17.4963
654	13.3564	14.2631	17.6637
655	13.3564	14.0168	17.39
656	13.3564	13.9846	17.2094
657	13.3564	14.4068	17.6798
658	13.3317	14.3298	17.5936
659	13.3317	14.2173	17.4498
660	13.3317	14.0848	17.264
661	13.3317	14.0645	17.1823
662	13.3317	14.0245	17.3046
663	13.3317	14.0116	17.1596
664	12.9939	13.9905	17.0537
665	13.2993	13.9668	17.1959
666	13.3317	13.9573	17.187
667	13.3317	13.9406	17.1268
668	13.3317	13.9078	16.9237
669	13.3317	13.9121	16.8214
670	13.0868	13.8641	16.7412
671	13.3317	13.8101	16.6109
672	13.3317	13.8442	16.6027
673	13.3317	13.9101	16.7218
674	13.3317	13.9182	16.7451
675	13.3317	13.8753	16.5943
676	13.3317	13.8658	16.5732
677	13.3317	13.7814	16.5007
678	13.3317	13.7203	16.3872
679	13.3317	13.689	16.3205
680	13.3317	13.684	16.2647
681	12.7494	13.693	16.4152
682	13.3317	14.6568	17.3347
683	13.1802	14.5574	17.3012
684	13.3317	14.4039	17.2514
685	13.3317	14.1763	17.1213
686	13.3317	14.0001	16.929
687	13.1802	13.9626	16.8582
688	13.1802	13.9393	16.8595
689	13.1802	13.8915	16.7627
690	13.1802	14.0541	16.9824
691	13.1802	14.0177	16.889
692	13.1802	13.9602	16.8861
693	13.1802	14.0492	16.9085
694	13.1802	13.9109	16.7484
695	13.1802	14.0042	16.8313
696	13.1802	13.9896	16.7346
697	13.1802	13.9009	16.642
698	13.1802	13.8482	16.7823
699	13.1802	13.7955	16.6517
700	13.059	13.7009	16.5691
701	13.059	13.0772	16.163
702	13.059	13.059	15.9765
703	13.059	13.059	15.8412
704	13.0301	13.0589	15.7606
705	13.0301	13.0589	15.9574
706	13.0074	13.0586	15.9358
707	13.059	13.059	15.9344
708	13.059	13.059	15.9355
709	13.059	13.059	15.8516
710	13.059	13.059	15.7617
711	13.059	13.059	15.8034
712	13.059	13.059	15.8622
713	13.059	13.059	15.9483
714	13.059	13.059	15.9118
715	13.059	13.059	15.9623
716	13.059	13.059	15.9596
717	13.059	13.2993	16.4817
718	13.059	13.1325	16.3401
719	13.059	13.086	16.2763
720	13.059	13.0742	16.1886
721	13.059	13.0715	16.1617
722	13.059	13.0596	16.1335
723	13.059	13.059	16.1182
724	13.059	13.059	16.0509
725	13.059	13.059	16.0108
726	13.059	13.059	16.0269
727	13.059	13.0617	16.0738
728	13.059	13.059	16.0192
729	13.059	13.059	15.9802
730	13.059	13.059	15.9573
731	13.059	13.059	16.0006
732	13.0478	13.0589	15.972
733	13.0278	13.0586	15.9306
734	13.0278	13.0892	16.0245
735	13.0278	13.0858	16.0131
736	13.0278	13.0696	15.9838
737	13.0278	13.0759	16.0638
738	12.8454	13.0959	16.0153
739	12.3935	13.0528	15.9502
740	12.8143	13.0543	15.914
741	12.8143	13.0499	15.9095
742	12.8454	13.0491	15.8621
743	12.8143	13.1052	16.015
744	12.9847	13.2839	16.5568
745	12.9735	13.3224	16.5243
746	12.9735	13.1261	16.2887
747	12.9735	13.0958	16.2179
748	12.9735	13.0797	16.1924
749	12.8454	13.0601	16.0738
750	12.7711	13.05	16.0869
751	12.8143	13.0569	16.1273
752	12.7711	13.0672	16.3216
753	12.8454	13.0948	16.4699
754	12.8143	13.1216	16.6062
755	12.9847	13.0723	16.5283
756	12.9735	13.0648	16.4016
757	12.9735	13.0555	16.403
758	12.9594	13.0541	16.3379
759	12.9735	13.084	16.45
760	12.9735	13.0543	16.3419
761	12.9735	13.0443	16.2872
762	12.7711	13.0472	16.3148
763	12.7711	13.0432	16.2126
764	12.7599	13.0124	16.081
765	12.7599	12.9958	16.0101
766	12.7599	13.0009	16.0026
767	12.7599	13.0199	16.2878
768	12.7599	13.0208	16.1905
769	12.7599	13.0058	16.179
770	12.7599	13.0092	16.1528
771	12.7599	13.0158	16.215
772	12.7599	13.0881	16.4474
773	12.7599	13.0244	16.276
774	12.7599	13.0725	16.4943
775	12.7599	13.0138	16.2852
776	12.7599	13.0443	16.4037
777	12.7599	13.0273	16.2684
778	12.7599	13.0319	16.3362
779	12.0945	12.9946	16.2179
780	12.1057	13.0094	16.3114
781	12.0945	12.8256	15.9691
782	12.0945	12.6504	15.8092
783	12.0945	12.5528	15.6765
784	12.0945	12.4621	15.5207
785	12.0945	12.4301	15.4366
786	12.0945	12.4034	15.4216
787	12.0945	12.3547	15.3843
788	12.0945	12.3264	15.3821
789	12.0945	12.3305	15.337
790	12.0945	12.4038	15.3558
791	12.0945	12.3482	15.2267
792	12.0945	12.3212	15.2057
793	12.0945	12.3671	15.3685
794	12.0945	12.3638	15.3664
795	12.0945	12.4545	15.8139
796	12.0945	12.4036	15.7046
797	12.0945	12.6106	16.1253
798	12.0945	12.446	15.8572
799	12.0945	12.5335	15.893
800	12.0945	12.4991	15.8494
801	12.0945	12.5012	15.8603
802	12.0945	12.4493	15.6901
803	12.0945	12.4855	16.0007
804	12.0945	12.4641	15.8276
805	12.0945	12.4193	15.7439
806	12.0945	12.388	15.6266
807	12.0945	12.3917	15.5747
808	12.0945	12.4369	15.6771
809	12.0945	12.4	15.539
810	12.0945	12.4404	15.5378
811	12.1057	12.4393	15.5782
812	12.0945	12.4831	16.0672
813	12.0945	12.475	15.9152
814	12.0945	12.48	15.8956
815	12.0945	12.5285	15.9625
816	12.0945	12.484	15.9043
817	12.0945	12.4188	15.7171
818	12.0945	12.3751	15.5957
819	12.0945	12.3776	15.5852
820	12.1057	12.4189	15.7386
821	12.1057	12.433	15.7558
822	12.1057	12.3879	15.65
823	12.1057	12.4468	15.7915
824	12.1057	12.4375	15.9871
825	12.1057	12.4257	15.8919
826	12.1057	12.456	15.8849
827	12.1057	12.4469	15.8655
828	12.1057	12.4478	15.8592
829	12.1057	12.4342	15.7359
830	12.1057	12.4726	15.7556
831	12.1057	12.4229	15.6222
832	12.1057	12.4113	15.5545
833	12.0541	12.3909	15.4034
834	12.1057	12.4094	15.4532
835	12.1057	12.4349	15.499
836	12.1057	12.4117	15.3812
837	12.1057	12.4549	15.5093
838	12.1057	12.4813	15.5775
839	12.1057	12.4775	15.5029
840	12.1057	12.4803	15.5419
841	12.1057	12.4764	15.497
842	12.1057	12.4646	15.4736
843	12.1057	12.441	15.4584
844	12.1057	12.4434	15.3449
845	12.1057	12.4989	15.5475
846	12.1057	12.5137	15.5313
847	12.1057	12.4803	15.4003
848	12.1057	12.6051	15.7452
849	12.1057	12.5555	15.6405
850	12.1057	12.5166	15.5364
851	12.1057	12.4934	15.4346
852	12.1057	12.4817	15.3981
853	12.1057	12.4813	15.3703
854	12.1057	12.4896	15.3356
855	12.1057	12.476	15.3031
856	12.1057	12.4557	15.2581
857	12.1057	12.4656	15.235
858	12.1057	12.4579	15.2073
859	12.1057	12.453	15.1801
860	12.1057	12.4576	15.1462
861	12.1057	12.447	15.1487
862	12.1057	12.4496	15.1942
863	12.1057	12.4271	15.2052
864	12.1057	12.4218	15.1941
865	12.1057	12.485	15.4892
866	12.1057	12.4812	15.4002
867	12.1057	12.5288	15.4402
868	12.1057	12.5702	15.4373
869	12.1057	12.4889	15.3523
870	12.1057	12.5073	15.3086
871	12.1057	12.6055	15.5685
872	12.1057	12.4944	15.4413
873	12.1057	12.4812	15.4195
874	12.1057	12.4823	15.4208
875	12.1057	12.4861	15.3853
876	12.1057	12.4566	15.3405
877	12.1057	12.4528	15.3201
878	12.1057	12.4396	15.315
879	12.1057	12.4393	15.2984
880	12.1057	12.4433	15.2388
881	12.0945	12.4908	15.3428
882	12.1057	12.4296	15.2575
883	12.1057	12.408	15.2739
884	12.1057	12.4333	15.42
885	12.1057	12.4262	15.4505
886	12.1057	12.4321	15.3959
887	12.1057	12.5322	15.5697
888	12.1057	12.5467	15.5998
889	12.1057	12.5338	15.595
890	12.1057	12.554	15.5435
891	12.1057	12.5249	15.4543
892	12.1057	12.4819	15.3665
893	12.1057	12.5184	15.536
894	12.1057	12.4891	15.4066
895	12.1057	12.5744	15.5653
896	12.1057	12.5897	15.6373
897	12.1057	12.5614	15.6
898	12.1057	12.5385	15.5916
899	12.1057	12.5234	15.5363
900	12.0945	12.5122	15.4734
901	12.1057	12.5206	15.4172
902	12.1057	12.5212	15.4062
903	12.1057	12.5767	15.6082
904	12.1057	12.58	15.6357
905	12.1057	12.559	15.5642
906	12.1057	12.5938	15.6516
907	12.1057	12.5587	15.6186
908	12.1057	12.5774	15.5867
909	12.1057	12.596	15.6266
910	12.1057	12.5696	15.635
911	12.1057	12.565	15.5771
912	12.1057	12.6101	15.7649
913	12.1057	12.7516	16.1412
914	12.1057	12.6386	15.9792
915	12.1057	12.7004	16.036
916	12.1057	12.6349	15.914
917	12.1057	12.6085	15.8326
918	12.1057	12.628	15.8049
919	12.1057	12.5665	15.7597
920	12.1057	12.5142	15.5927
921	12.1057	12.5707	15.6826
922	12.1057	12.5166	15.599
923	12.1057	12.5115	15.6702
924	12.1057	12.4813	15.5705
925	12.1057	12.5092	15.5977
926	12.1057	12.5373	15.5528
927	12.1057	12.5315	15.5359
928	12.1057	12.502	15.5474
929	11.8747	12.5983	15.7596
930	12.1057	12.6178	15.6918
931	12.1057	12.6143	15.7565
932	12.1057	12.6354	15.9412
933	12.1057	13.0582	16.5632
934	12.1057	12.83	16.3895
935	12.1057	12.6602	16.2106
936	12.1057	12.6242	16.143
937	12.1057	12.8633	16.4542
938	12.1057	12.7635	16.2632
939	12.1057	12.8256	16.3399
940	12.1057	13.0242	16.6159
941	12.1057	12.8622	16.3374
942	12.1057	12.9784	16.4255
943	12.1057	13.0891	16.569
944	12.1057	13.0475	16.4317
945	12.1057	12.8806	16.0533
946	12.1057	12.7876	15.9591
947	12.1057	12.8309	15.9084
948	12.1057	12.7474	15.9089
949	12.1057	12.8183	15.9411
950	12.1057	12.8315	15.8943
951	12.1057	12.7594	15.8394
952	12.1057	12.6919	15.7116
953	12.1057	12.7268	15.7378
954	12.1057	12.6313	15.5752
955	12.1057	12.6102	15.5564
956	12.1057	13.0723	16.3986
957	12.1057	12.7365	15.9097
958	12.1057	12.7798	15.9997
959	12.1057	12.9142	16.1947
960	12.0945	13.0917	16.2594
961	12.1057	12.996	16.128
962	12.1057	12.8647	15.9354
963	12.1057	12.9756	16.2721
964	12.1057	12.8401	16.0159
965	11.8314	12.5208	15.7302
966	11.8314	12.637	15.7245
967	11.8314	12.5474	15.5896
968	11.8314	12.2804	15.351
969	11.8314	12.5707	15.5555
970	11.8314	12.3172	15.3956
971	11.8314	12.061	15.1484
972	11.8314	12.0171	15.117
973	11.8314	12.0254	15.0583
974	11.8314	12.0432	15.0096
975	11.8314	12.0414	14.8992
976	11.8314	13.277	16.1548
977	11.8314	12.2091	15.4823
978	11.8314	12.1588	15.3337
979	11.8314	12.1868	15.3832
980	11.8314	13.001	15.8916
981	11.8314	12.291	15.5639
982	11.8314	12.2352	15.2918
983	11.8314	12.2342	15.2033
984	11.8314	12.2221	15.0772
985	11.8205	12.2158	15.0226
986	11.6504	12.1452	14.9728
987	11.3817	12.0338	14.8873
988	11.3817	11.9729	14.8755
989	11.3817	11.9454	14.858
990	11.5149	11.8305	14.6856
991	11.3817	11.7782	14.6592
992	11.3817	11.7474	14.616
993	11.3817	11.7409	14.5577
994	11.3817	11.731	14.5611
995	11.3817	11.7257	14.4825
996	11.3817	11.7094	14.4142
997	11.3817	11.7069	14.382
998	11.3817	11.7056	14.4614
999	11.3817	11.7039	14.3898
1000	11.3817	11.7181	14.4761
