1	27.0278	27.1844	31.4025
2	27.0278	27.6722	31.4409
3	26.6403	27.4272	31.0501
4	26.6403	27.3941	30.7186
5	27.0278	27.4046	30.8265
6	26.846	27.4289	30.4936
7	26.837	27.4323	30.1833
8	27.0278	27.469	30.0699
9	25.7055	27.4549	30.0033
10	26.4783	27.3543	29.882
11	26.1794	27.2813	30.1177
12	26.1078	27.1142	29.9513
13	26.4783	27.0114	30.2383
14	26.4665	26.7954	29.9253
15	26.3163	26.7312	29.8098
16	25.996	26.6536	29.5278
17	25.7573	26.6268	29.3996
18	26.4783	26.6563	29.291
19	26.4783	26.578	29.1526
20	26.1007	26.5418	29.0091
21	26.1007	26.5189	28.8991
22	25.0912	26.468	28.7849
23	25.617	26.4664	28.8006
24	25.9672	26.4565	28.7516
25	25.9672	26.4377	28.7521
26	26.1007	26.4706	28.785
27	26.1007	26.5096	28.7972
28	26.1007	26.4963	28.7383
29	26.1007	26.5399	28.7458
30	22.4734	26.4726	28.7177
31	26.0882	26.525	28.7307
32	26.0882	26.4901	28.7206
33	26.0882	26.4777	28.7265
34	26.0882	26.5031	28.7599
35	26.0507	26.5721	28.7416
36	26.055	26.4832	28.6762
37	26.0882	26.4901	28.6795
38	24.8387	26.4267	28.6086
39	24.8387	26.2834	28.5127
40	24.8387	25.7582	28.2189
41	24.8387	25.2264	27.9227
42	24.8387	25.1527	27.8663
43	24.6581	25.1206	28.0382
44	24.1289	25.0113	27.8438
45	22.8637	24.967	27.7021
46	22.8637	24.9323	27.5993
47	22.8637	24.7949	27.403
48	22.3653	24.6991	27.2769
49	22.3653	24.8256	27.2814
50	22.3653	24.1597	26.9318
51	22.3653	23.6084	26.6032
52	22.3653	23.1082	26.3857
53	22.3653	22.9519	26.1985
54	22.3653	22.9759	26.0511
55	22.3653	22.7973	25.8328
56	22.3653	22.7243	25.6292
57	21.9687	22.6947	25.5635
58	21.9687	22.7121	25.506
59	21.9687	22.626	25.394
60	19.8722	22.4828	25.2886
61	19.7997	19.8719	23.4379
62	19.5161	19.8694	23.2302
63	19.5161	19.8437	23.1699
64	19.5161	19.8466	23.2994
65	19.5161	19.811	23.1115
66	19.5161	19.7331	22.9845
67	19.4659	19.6113	22.8252
68	19.4377	19.6454	22.7385
69	19.5161	19.6229	22.7738
70	19.3012	19.5893	22.6748
71	19.2571	19.5133	22.608
72	19.5161	19.5579	22.6309
73	19.5161	19.5782	22.9168
74	19.5161	19.5261	22.79
75	19.2445	19.5289	23.047
76	19.1497	19.5124	22.8061
77	19.4471	19.5064	22.6936
78	18.8059	19.5027	22.6035
79	17.4973	19.4123	22.438
80	18.7939	19.4826	22.4916
81	18.7939	19.4655	22.447
82	18.7939	19.3868	22.2954
83	18.7939	19.3112	22.2106
84	18.6931	19.2719	22.1508
85	18.7939	19.2633	22.1291
86	18.8059	19.2635	22.1083
87	18.2603	19.1582	22.0084
88	18.8059	19.1298	22.004
89	18.1383	19.0296	21.9514
90	18.6542	18.9343	21.9297
91	18.7176	18.9409	21.8902
92	18.707	18.8899	21.8539
93	18.1665	18.8061	21.7676
94	18.695	18.8037	21.6712
95	18.5943	18.806	21.6663
96	18.7939	18.8053	21.6605
97	18.0402	18.8006	21.6015
98	18.0281	18.7901	21.6676
99	18.0281	18.7744	21.6049
100	18.0281	18.7651	21.5704
101	18.7939	19.5887	22.7247
102	18.7939	18.8899	22.1648
103	18.7939	18.8824	22.2428
104	18.707	18.8049	21.996
105	18.0409	18.798	21.8286
106	18.695	18.8002	21.717
107	18.5918	18.7963	21.6607
108	18.0402	18.7936	21.6334
109	18.695	18.7952	21.5742
110	18.695	18.7962	21.4914
111	18.695	18.7974	21.453
112	18.695	18.7976	21.4195
113	18.0359	18.7939	21.3176
114	18.0359	18.7888	21.2842
115	18.0359	18.7362	21.178
116	18.0359	18.6734	21.1919
117	18.0359	18.6328	21.1745
118	17.6968	18.5252	21.1098
119	17.6968	18.4122	21.0779
120	17.6968	18.3222	21.2037
121	17.6968	18.4037	21.3301
122	17.6968	18.2856	21.2868
123	17.2525	18.174	21.1986
124	17.6968	18.0538	21.0915
125	17.6968	17.984	20.9884
126	17.6968	17.9104	20.9173
127	17.6968	17.9079	20.8596
128	17.6968	17.8515	20.7506
129	17.6968	17.8696	20.7031
130	17.678	17.8959	20.7413
131	17.5701	17.8116	20.6948
132	17.678	17.678	20.7703
133	17.678	17.678	20.6119
134	17.678	17.678	20.6243
135	17.2424	17.6756	20.5593
136	17.5148	17.6774	20.5428
137	17.4435	17.6735	20.5501
138	17.4435	17.6745	20.5096
139	17.4639	17.675	20.5151
140	16.5194	17.6687	20.5034
141	16.5194	17.5297	20.3497
142	16.2977	16.5172	19.6945
143	16.2977	16.5154	19.6383
144	16.2977	16.514	19.5739
145	16.2977	16.5117	19.5252
146	16.2977	16.5114	19.4301
147	16.2977	16.5114	19.389
148	16.2977	16.5096	19.3415
149	16.2977	16.5025	19.3563
150	16.2977	16.5034	19.7298
151	16.2977	16.5315	19.8996
152	16.2977	16.517	19.9341
153	16.2977	16.5495	19.908
154	15.7302	16.6811	19.8715
155	16.2977	16.5102	19.7089
156	16.1601	16.5054	19.554
157	16.277	16.5102	19.591
158	16.277	16.5107	19.5025
159	16.2977	16.5149	19.5064
160	16.2977	16.5165	19.533
161	16.4988	16.518	19.4838
162	16.4988	16.5184	19.4337
163	16.4921	16.5182	19.5742
164	16.323	16.5171	19.5594
165	16.2324	16.5166	19.5367
166	16.4988	16.5174	19.5139
167	16.323	16.516	19.4541
168	16.323	16.5161	19.4008
169	16.4988	16.5158	19.3245
170	12.8278	15.4245	18.9222
171	12.8278	13.7669	18.1288
172	12.8278	13.5143	17.7649
173	12.8278	13.4617	17.5339
174	12.8278	13.4085	17.5944
175	12.8278	13.1287	17.1971
176	12.8278	13.093	17.3178
177	12.8278	12.9574	17.088
178	12.8278	13.0093	17.088
179	12.8278	12.9631	16.9648
180	12.8278	12.9529	16.8422
181	12.8278	12.9119	16.7535
182	12.8278	12.8898	16.6649
183	12.809	12.8908	16.536
184	12.8278	12.8838	16.4682
185	12.7867	12.9127	16.7411
186	12.7867	12.9281	16.9515
187	12.8278	13.0101	16.9585
188	12.4536	12.9835	16.9411
189	12.4536	13.0525	16.9061
190	12.4536	13.0263	16.9104
191	12.3732	13.0045	16.8769
192	12.4536	12.9669	16.8399
193	12.3732	12.9202	16.7511
194	12.3732	12.9571	16.8614
195	12.3732	12.8783	16.8028
196	12.3732	12.8606	16.8227
197	12.3732	12.7883	16.6803
198	12.3732	12.7628	16.7298
199	12.4397	12.755	16.6372
200	12.3732	12.6996	16.5078
201	12.3732	12.6728	16.4533
202	12.1162	12.6634	16.4259
203	12.2919	12.6477	16.4803
204	12.3732	12.6281	16.5806
205	12.3732	12.5853	16.4617
206	12.3732	12.55	16.3897
207	12.3732	12.5149	16.1978
208	12.3732	12.5455	16.1749
209	12.3732	12.5185	16.1151
210	12.3732	12.5176	15.9615
211	12.3732	12.5245	15.9779
212	12.273	12.5199	15.976
213	12.0169	12.5097	15.9086
214	12.0973	12.4886	15.879
215	12.3321	12.4811	15.8254
216	12.3321	12.4944	15.9962
217	12.3321	12.4999	15.9421
218	12.3321	12.5287	16.0642
219	12.3321	12.5272	16.082
220	12.3321	12.4966	15.9775
221	12.3321	12.5084	16.0228
222	12.3321	12.5472	16.1439
223	12.3321	12.5013	16.0181
224	12.3321	12.4991	15.9009
225	12.3321	12.5315	16.1608
226	12.3321	12.5442	16.1193
227	12.3321	12.5194	16.0136
228	12.2747	12.5061	15.937
229	12.2604	12.5073	15.9597
230	12.3321	12.5292	16.0226
231	12.2883	12.544	16.1929
232	12.3408	12.5811	16.1804
233	12.2883	12.5565	16.0997
234	12.2604	12.5381	16.0772
235	12.2883	12.539	16.0299
236	12.3408	12.535	15.9635
237	12.2604	12.5364	15.917
238	12.2604	12.5271	15.8667
239	12.141	12.5224	15.8251
240	12.2604	12.5246	15.8044
241	12.339	12.5594	15.7667
242	12.2604	12.5841	15.7632
243	12.2604	12.55	15.7414
244	12.339	12.5951	15.7414
245	12.3321	12.6209	15.7493
246	12.3687	12.6031	15.7183
247	12.2604	12.6253	15.9002
248	12.2604	12.5911	15.8433
249	12.3321	12.6283	15.9773
250	12.2883	12.6085	15.9415
251	12.3408	12.6383	15.987
252	12.3408	12.6453	15.9735
253	12.3408	12.5776	15.8288
254	12.2883	12.5883	15.7743
255	11.903	12.5786	15.7971
256	11.903	12.5909	15.8515
257	12.339	12.6133	15.8567
258	12.2604	12.6036	15.8487
259	12.3408	12.5883	15.7896
260	12.3408	12.6	15.7918
261	12.3168	12.605	15.8332
262	12.3408	12.5819	15.8346
263	12.3408	12.5798	15.8381
264	12.3408	12.5701	15.792
265	12.3408	12.5703	15.9199
266	12.3408	12.5762	15.8955
267	12.3408	12.5758	15.8548
268	12.3408	12.5638	15.7902
269	12.3408	12.6189	16.1122
270	12.3408	12.5796	15.9996
271	12.3408	12.5595	15.912
272	12.3408	12.5587	15.8129
273	12.21	12.5383	15.769
274	12.0343	12.5308	15.7254
275	12.0343	12.5248	15.5917
276	12.3408	12.5465	15.8175
277	12.3408	12.5377	15.8283
278	12.3408	12.5449	15.7277
279	12.3408	12.5422	15.8144
280	12.3408	12.5276	15.7127
281	12.3408	12.5246	15.7065
282	12.3408	12.5218	15.6384
283	12.3408	12.5207	15.6076
284	12.3408	12.5211	15.5528
285	12.3408	12.5231	15.5186
286	12.3408	12.5268	15.5302
287	12.156	12.5274	15.5589
288	12.3408	12.5379	15.7306
289	12.3408	12.5438	15.7224
290	12.3408	12.5447	15.7158
291	12.3408	12.553	15.8008
292	12.3408	12.5529	15.7508
293	12.2075	12.5528	15.7388
294	12.3408	12.5432	15.6957
295	12.3408	12.5447	15.6461
296	12.3408	12.5377	15.6072
297	12.3408	12.5292	15.5743
298	12.3408	12.5478	15.68
299	12.3408	12.5517	15.7233
300	12.3408	12.539	15.6672
301	12.2883	12.5322	15.6676
302	12.2883	12.5303	15.632
303	12.1162	12.5888	15.8447
304	12.2604	12.7053	15.9527
305	12.3408	12.626	15.899
306	12.3408	12.6153	15.8283
307	12.3408	12.5668	15.7204
308	12.3408	12.5669	15.725
309	12.3408	12.5592	15.7014
310	12.3408	12.5583	15.7012
311	12.3408	12.5767	15.7923
312	12.3408	12.5586	15.6775
313	12.3408	12.5598	15.6963
314	12.3408	12.5713	15.7265
315	12.3408	12.6409	15.8225
316	12.3408	12.599	15.7408
317	12.3408	12.6104	15.682
318	12.3408	12.5956	15.713
319	12.3408	12.5732	15.6446
320	11.7488	12.5695	15.6553
321	12.3408	12.5477	15.6189
322	12.3408	12.5373	15.5634
323	12.3408	12.5287	15.5516
324	12.3408	12.5209	15.4906
325	12.3408	12.5225	15.4782
326	12.3408	12.5161	15.3935
327	12.3408	12.5141	15.3979
328	12.3408	12.5005	15.2959
329	12.3408	12.4938	15.3389
330	12.3408	12.4837	15.3199
331	12.328	12.4932	15.4269
332	12.3408	12.4987	15.3878
333	12.328	12.5123	15.3804
334	12.328	12.5333	15.5679
335	12.328	12.5177	15.5283
336	12.328	12.5274	15.5619
337	12.3408	12.5208	15.4997
338	12.328	12.52	15.412
339	12.3408	12.5047	15.3861
340	11.7488	12.5304	15.503
341	11.736	12.4888	15.4877
342	11.736	12.4952	15.4313
343	11.736	12.4904	15.4321
344	11.7488	12.6334	15.5991
345	11.736	12.602	15.5647
346	11.736	12.8683	15.9132
347	11.7488	12.6201	15.6463
348	11.736	12.5235	15.645
349	11.736	12.5693	15.69
350	11.736	12.4905	15.5806
351	11.736	12.4775	15.5162
352	11.7488	12.6573	15.7545
353	11.7488	12.6943	15.7588
354	11.7488	12.6522	15.6749
355	11.7488	13.3076	16.0886
356	12.3408	13.3436	16.097
357	12.3687	13.0519	15.823
358	12.3408	12.928	15.7516
359	12.3408	13.0456	16.0244
360	12.3408	13.1208	16.0888
361	12.3687	12.9656	15.8766
362	12.3408	12.975	15.7747
363	12.3408	12.9121	15.7244
364	12.3408	12.8778	15.7453
365	12.3408	12.8462	15.6691
366	12.3408	12.8635	15.6507
367	12.3408	12.8337	15.5457
368	12.3408	12.7899	15.4932
369	12.3408	12.7901	15.4716
370	11.7877	12.7784	15.4651
371	11.3264	12.7236	15.4735
372	11.3264	12.6395	15.3583
373	11.3264	12.6638	15.4171
374	11.3264	12.5758	15.3258
375	11.3264	12.4565	15.2139
376	11.3264	12.4636	15.2358
377	11.3264	12.4909	15.239
378	11.3264	12.3864	15.3024
379	11.3264	12.2512	15.2162
380	11.3264	12.1714	15.1583
381	11.3264	12.1706	15.2858
382	11.2542	12.15	15.2428
383	11.2542	12.1771	15.2073
384	11.2542	12.04	15.1382
385	11.2542	12.0254	15.1271
386	11.3264	11.9342	15.0523
387	11.2542	11.9054	15.0168
388	11.3264	12.0701	15.3237
389	11.3264	11.9945	15.162
390	11.3264	12.0989	15.3227
391	11.3264	12.1424	15.3425
392	11.3264	11.9837	15.1177
393	11.3264	12.0017	15.1527
394	11.3264	11.9502	15.0686
395	11.3264	11.8965	14.9711
396	11.3264	11.9086	15.1344
397	11.3264	11.8435	15.0249
398	11.3264	11.7869	14.8969
399	11.3264	11.7466	14.7971
400	11.3264	11.7391	14.791
401	11.3264	11.74	14.8155
402	11.3264	11.7163	14.7261
403	11.3264	11.7292	14.75
404	11.3264	11.7196	14.7122
405	11.3264	11.7509	14.7771
406	11.3264	11.7385	14.7473
407	11.3264	11.6844	14.6601
408	11.3264	11.6724	14.641
409	11.3264	11.7172	14.7541
410	11.2151	11.6455	14.669
411	11.3264	11.6414	14.704
412	11.3264	11.6279	14.671
413	11.3264	11.6222	14.6903
414	11.3264	11.6402	14.7355
415	11.3264	11.5975	14.7199
416	11.3264	11.5872	14.6516
417	11.3264	11.6122	14.6923
418	11.3264	11.6731	14.8358
419	11.3264	11.6511	14.7467
420	11.0309	11.765	14.9092
421	11.0309	11.665	14.7604
422	11.0309	11.6827	14.7502
423	11.3264	11.6806	14.7426
424	11.2151	11.7008	14.7753
425	11.3264	11.7348	14.7815
426	11.3264	11.7748	15.5287
427	11.3264	11.6868	15.3692
428	11.3264	11.6627	15.2114
429	11.3264	11.6593	15.2252
430	11.3264	11.6478	15.2095
431	11.3264	11.6588	15.1274
432	11.2151	11.6742	15.0783
433	11.3264	11.6756	15.0187
434	11.3264	11.672	15.0274
435	11.3264	11.6559	14.9911
436	11.3264	11.7209	15.1216
437	11.3264	11.7363	15.0562
438	11.3264	11.6839	15.0104
439	11.3264	11.6724	14.9115
440	11.3264	11.6339	14.8041
441	11.3264	11.6168	14.7901
442	11.3264	11.6	14.7718
443	11.3264	11.6007	14.7637
444	11.246	11.6118	14.78
445	11.246	11.5839	14.7167
446	11.246	11.5541	14.6477
447	11.246	11.5459	14.6169
448	11.3264	11.5249	14.5908
449	11.3264	11.5226	14.5756
450	11.3264	11.5398	14.4998
451	11.246	11.5429	14.5022
452	11.246	11.5252	14.4623
453	11.3264	11.526	14.476
454	11.3264	11.6185	14.6944
455	11.3264	11.638	14.6927
456	11.3264	11.6455	14.7568
457	11.3264	11.6681	14.8377
458	11.3264	11.6697	14.8384
459	11.3264	11.6243	14.7555
460	11.3264	11.6077	14.7875
461	11.3264	11.5771	14.7432
462	11.3264	11.624	14.7428
463	11.3264	11.5429	14.6393
464	11.3264	11.5806	14.674
465	11.3264	11.6698	14.9571
466	11.3264	11.6278	14.9277
467	11.3264	11.5805	14.8714
468	11.3264	11.5253	14.8068
469	11.3264	11.5012	14.764
470	11.3264	11.4844	14.6988
471	11.3264	11.4827	14.6082
472	11.3264	11.4741	14.5686
473	11.3264	12.423	16.0044
474	11.3264	12.763	16.2164
475	11.2151	12.0681	15.6509
476	11.3264	13.2569	16.5523
477	11.3264	12.8671	16.2961
478	11.3264	12.5861	16.1086
479	11.3264	12.3201	16.0172
480	11.2151	12.1471	15.8245
481	11.3264	12.0588	15.7096
482	11.3264	11.9335	15.4128
483	11.3264	11.8255	15.2376
484	11.3264	11.8934	15.1718
485	11.3264	11.9551	15.3053
486	11.3264	11.9819	15.4436
487	11.3264	11.855	15.2908
488	11.3264	11.9003	15.2119
489	11.3264	11.8343	15.0985
490	11.0534	12.0429	15.3109
491	10.989	12.0362	15.3245
492	11.246	11.9731	15.2771
493	11.3264	12.0593	15.3314
494	11.3264	12.1537	15.4221
495	11.3264	12.212	15.5123
496	11.246	12.056	15.3784
497	11.3264	12.2158	15.4867
498	11.3264	12.2446	15.5047
499	11.3264	12.1598	15.404
500	11.246	12.1624	15.3839
501	11.246	12.1002	15.2497
502	11.3264	12.0233	15.1879
503	11.246	11.9962	15.1014
504	11.246	11.9519	15.0949
505	11.246	11.996	15.1302
506	11.246	11.9822	15.0846
507	11.246	12.0653	15.2401
508	11.3264	11.9847	15.1549
509	11.3264	11.9568	15.0941
510	11.246	11.9657	15.0899
511	11.3264	12.1066	15.1954
512	11.246	12.0229	15.1636
513	11.246	11.9682	15.0705
514	11.3264	11.9901	15.0899
515	11.3264	12.008	15.0295
516	11.3264	11.9677	14.9754
517	11.3264	11.9115	14.8947
518	11.3264	11.9875	14.9855
519	11.3264	11.929	14.9551
520	11.3264	11.9597	15.0063
521	11.3264	11.9502	14.9662
522	11.3264	12.0588	15.075
523	11.3264	12.0808	15.112
524	11.3264	12.0233	15.054
525	11.3264	12.2091	15.307
526	11.3264	12.1747	15.2455
527	11.3264	12.1886	15.2178
528	11.3264	12.0999	15.1026
529	11.3264	12.0677	15.1445
530	11.3264	12.0667	15.1694
531	11.3264	11.9519	15.0069
532	11.3264	11.9422	14.9814
533	11.3264	11.8799	14.9205
534	11.3264	11.9415	15.0157
535	11.3264	11.8918	14.9575
536	11.3264	11.927	14.9305
537	11.1647	11.924	14.864
538	10.989	11.919	15.0749
539	10.989	11.8409	14.9719
540	10.989	11.8568	14.9306
541	10.989	11.8974	14.8752
542	10.989	11.8703	14.9332
543	10.989	11.9167	15.0024
544	10.989	12.2585	15.2624
545	11.1647	12.3354	15.3895
546	11.1647	12.3598	15.4342
547	11.3264	12.2868	15.3906
548	11.3264	12.1316	15.2423
549	11.3264	12.0051	15.0943
550	11.1647	11.929	14.991
551	11.3264	11.8813	14.9193
552	11.5277	13.4259	15.9162
553	11.3264	12.881	15.7699
554	11.3264	12.5352	15.4684
555	11.3264	12.4814	15.3704
556	11.3264	12.3898	15.3106
557	11.5022	12.0447	15.1131
558	11.5022	12.0793	15.0439
559	11.4473	12.0803	15.0961
560	11.5277	12.1061	15.0892
561	11.5277	12.2101	15.1492
562	11.5277	12.0629	15.0419
563	11.5277	11.8853	14.8873
564	11.5277	11.8195	14.8436
565	11.5277	11.9237	14.8832
566	11.5277	11.902	14.8773
567	11.5277	12.1035	15.2903
568	11.5277	12.1142	15.2076
569	11.5277	12.0216	15.1507
570	11.5277	11.9905	15.0661
571	11.5277	11.9947	15.0031
572	11.5277	11.9754	14.9356
573	11.5277	12.0337	14.9139
574	11.5277	12.0286	15.0023
575	11.1902	12.0967	15.1551
576	11.1902	12.0691	15.096
577	11.1902	12.0571	15.0388
578	11.366	12.0361	15.0357
579	11.366	12.185	15.2491
580	12.0919	14.1239	16.5213
581	11.9161	13.5366	16.2345
582	12.0919	13.2082	15.9848
583	11.9161	13.1298	15.8259
584	11.9161	13.0678	15.8554
585	12.0919	13.0629	15.8459
586	11.9161	12.9936	15.6587
587	11.9161	13.0061	15.6512
588	11.9161	13.002	15.8783
589	11.9161	12.8333	15.8043
590	11.9161	12.7992	15.7421
591	11.9161	12.8567	15.7413
592	11.9161	12.7208	15.5954
593	11.9161	12.6657	15.5237
594	11.9161	12.7901	15.6914
595	11.9161	12.6439	15.5209
596	11.7034	12.5968	15.511
597	11.9161	12.6699	15.6815
598	11.9161	12.6713	15.6643
599	11.9161	12.749	15.796
600	11.9161	12.6633	15.7273
601	11.9161	12.7164	15.6608
602	11.9161	12.6253	15.5272
603	11.8748	12.6377	15.4563
604	11.9161	12.6054	15.3371
605	11.9161	12.7423	15.9161
606	11.9161	12.7051	15.7996
607	11.9161	12.6902	15.7373
608	11.9161	12.8998	15.9196
609	12.0919	12.8392	15.8718
610	11.4473	12.6742	15.6047
611	11.3429	12.6251	15.5067
612	11.3429	12.7188	15.4822
613	11.6292	12.6613	15.4615
614	11.5277	12.594	15.3228
615	11.2917	12.5722	15.2817
616	11.5277	12.5333	15.1724
617	11.366	12.5857	15.4593
618	11.5277	12.5486	15.45
619	11.7034	12.5534	15.3556
620	11.7034	12.5562	15.3305
621	11.7034	12.543	15.3044
622	12.0919	15.2471	17.5326
623	12.0919	13.9869	16.8805
624	12.0919	14.1794	17.0017
625	12.0919	13.7664	16.673
626	12.0919	13.7896	16.6452
627	12.0919	13.6672	16.5497
628	12.0919	13.656	16.6188
629	12.0919	13.5101	16.5338
630	11.7544	13.1818	16.338
631	11.4582	12.7915	16.0082
632	11.54	12.8399	16.0527
633	11.3552	12.512	15.7458
634	11.4287	12.2673	15.5585
635	11.2439	12.1749	15.3864
636	11.2439	12.1082	15.3516
637	11.2439	12.0036	15.1476
638	11.2439	12.0225	15.0386
639	11.2439	12.0423	15.5473
640	11.2439	12.086	15.5857
641	11.0681	12.0183	15.5643
642	11.1795	11.8778	15.3614
643	11.2439	11.8028	15.2284
644	11.2439	11.782	15.1058
645	11.2439	11.6833	14.9344
646	11.2274	11.7284	14.9406
647	11.2274	11.7282	14.8795
648	11.0681	11.6832	14.8222
649	11.2274	11.9755	15.5403
650	11.2439	12.171	15.7
651	11.2439	12.0998	15.5006
652	11.2439	11.985	15.3576
653	11.2439	12.0551	15.4586
654	11.2439	11.9308	15.6703
655	11.2439	11.7856	15.3228
656	11.2439	11.689	15.064
657	11.2439	12.8029	16.2054
658	11.2439	12.1333	15.76
659	11.2088	12.087	15.5292
660	10.9704	11.9746	15.3764
661	11.1553	11.9711	15.2665
662	10.9704	11.929	15.2141
663	10.9704	11.8511	15.0071
664	10.9704	11.8396	14.9274
665	10.9704	11.869	14.9224
666	10.9704	11.9435	15.1582
667	10.9704	11.7684	14.9387
668	10.9704	11.8031	14.8412
669	11.0818	11.8572	14.9889
670	10.9704	11.8731	14.919
671	10.9704	11.8091	14.7819
672	10.9704	11.7334	14.7249
673	10.9704	11.8327	14.8535
674	10.9704	11.921	14.8835
675	10.9704	11.8631	14.7411
676	11.1848	11.9113	14.7548
677	10.9704	11.8519	14.7135
678	10.9704	11.8241	14.6959
679	10.9704	11.7483	14.608
680	10.9704	11.7132	14.5374
681	10.9704	11.7599	14.786
682	11.4582	13.0981	15.7443
683	11.4582	12.695	15.4966
684	11.3552	12.3365	15.22
685	11.2439	12.3331	15.1933
686	11.3552	12.2154	15.0827
687	11.4287	12.1904	15.1241
688	11.4582	12.1997	15.0634
689	11.2439	12.0983	14.9609
690	11.0698	12.213	15.3402
691	11.2439	12.1924	15.2579
692	11.2546	12.2311	15.4498
693	11.4582	12.2829	15.3924
694	11.2439	12.2774	15.2645
695	11.7511	12.2428	15.1402
696	11.6398	12.2731	15.3507
697	11.6398	12.1619	15.2649
698	11.6398	12.2982	15.6189
699	11.8542	12.3929	15.6689
700	11.6398	12.3624	15.5709
701	11.6398	12.261	15.2891
702	11.6398	12.2077	15.1809
703	11.8246	12.1346	15.0761
704	11.6398	12.1102	14.9997
705	11.6398	12.0831	14.9023
706	11.6398	12.0394	14.8052
707	11.6398	12.0131	14.7761
708	11.6398	11.9939	14.7082
709	11.6398	11.9707	14.6184
710	10.9704	11.9109	14.5421
711	10.9704	11.9412	14.5262
712	11.1848	11.9366	14.5299
713	11.1848	11.9268	14.5577
714	11.0091	11.9064	14.5259
715	11.0091	11.8582	14.4978
716	11.1848	11.8869	14.4907
717	11.1848	12.0233	14.6163
718	10.9704	12.126	14.6711
719	11.1848	11.9748	14.5616
720	11.1848	11.9471	14.5333
721	11.1848	11.9342	14.4976
722	11.0091	11.9054	14.4838
723	11.0091	11.9076	14.4581
724	11.0091	11.9746	15.0046
725	11.0091	11.9192	14.8726
726	11.0091	11.9082	14.9512
727	11.0091	11.8949	14.9283
728	11.0091	11.9203	14.8854
729	11.0091	11.9018	14.8515
730	11.1848	11.906	14.8247
731	11.1848	11.9186	14.905
732	11.0091	11.9622	14.8589
733	11.1848	11.8971	14.7891
734	11.1848	11.9313	14.7665
735	11.1848	11.9098	14.6972
736	11.1848	11.8418	14.6993
737	11.1848	11.8402	14.7959
738	11.1848	11.9272	14.7328
739	11.1848	11.854	14.6318
740	11.1848	11.8229	14.5591
741	11.1848	11.8305	14.553
742	11.1848	11.793	14.5125
743	11.1848	11.7701	14.7318
744	11.1848	11.8141	14.932
745	11.1848	11.7778	14.8832
746	11.1848	11.6753	14.7386
747	11.1848	11.6548	14.6689
748	11.1848	11.6848	14.785
749	11.1848	11.7953	14.8466
750	11.1122	11.8337	14.869
751	11.051	11.7576	14.7818
752	10.8722	11.9653	14.9576
753	10.8722	12.0561	15.0663
754	10.8722	12.0396	15.0902
755	11.1848	12	14.9815
756	11.051	11.9005	14.8968
757	11.1848	11.8533	14.8386
758	10.8722	11.8883	14.8726
759	10.8722	11.8486	14.8357
760	10.8722	11.7842	14.7889
761	10.8722	11.6599	14.7738
762	10.8722	11.7499	14.8379
763	10.8722	11.6562	15.0064
764	10.8722	11.4906	14.7353
765	10.8722	11.4296	14.6405
766	10.8722	11.5239	14.7845
767	10.8722	11.4795	14.7441
768	10.8722	11.488	14.6666
769	10.8722	11.547	14.8855
770	10.8722	11.42	14.7429
771	10.8722	11.3431	14.5423
772	10.8722	11.4729	14.7134
773	10.8722	11.4416	14.6417
774	10.8722	11.4477	14.7678
775	10.8722	11.419	14.7611
776	10.8722	11.5214	14.671
777	10.8722	11.3665	14.5122
778	10.8722	11.3948	14.4824
779	10.8722	11.2817	14.3323
780	10.8722	11.2603	14.3265
781	10.8722	11.2427	14.2456
782	10.8722	11.2166	14.2037
783	10.8722	11.1912	14.1625
784	10.8722	11.1301	14.0324
785	10.8722	11.1561	14.0761
786	10.8349	11.0754	13.9141
787	10.8349	11.1223	14.0782
788	10.8722	11.1132	14.089
789	10.8722	11.1148	14.0731
790	10.8722	11.1739	14.4092
791	10.82	11.1243	14.2412
792	10.8722	11.096	14.1294
793	10.82	11.1286	14.1177
794	10.6964	11.1024	14.1383
795	10.6964	11.1592	14.3871
796	10.6964	11.1087	14.2397
797	10.6964	11.03	13.9802
798	10.6964	11.0026	13.9291
799	10.6964	10.9971	14.0161
800	10.6964	10.986	13.8671
801	10.6964	10.9806	13.8318
802	10.6964	10.9921	13.8632
803	10.6964	10.9899	13.888
804	10.6964	10.9937	13.8844
805	10.6964	11.0111	13.9232
806	10.6964	11.0247	14.034
807	10.6964	11.0127	14.0445
808	10.6964	11.0387	14.127
809	10.6964	11.0286	14.126
810	10.6964	11.0617	14.2243
811	10.5814	11.0594	14.2499
812	10.6964	11.0607	14.2619
813	10.6964	11.0557	14.1175
814	10.6964	11.0423	14.1389
815	10.82	11.0414	14.1667
816	10.8568	11.0323	14.2839
817	10.82	11.0233	14.1796
818	10.82	11.0195	14.2321
819	10.6964	11.0094	14.1847
820	10.8004	11.1651	14.3935
821	10.6964	11.078	14.2886
822	10.6964	11.0564	14.2551
823	10.6964	11.0658	14.2726
824	10.6443	11.0577	14.212
825	10.6964	11.0242	14.1562
826	10.6964	11.0162	14.028
827	10.6964	11.0233	13.9897
828	10.8722	11.3081	14.2484
829	10.8349	11.1886	14.1113
830	10.4195	11.104	14.0361
831	10.8722	11.2173	14.1124
832	10.8722	11.2834	14.1496
833	10.8722	11.097	14.0154
834	10.8722	11.2021	14.0658
835	10.8722	11.2538	14.0888
836	10.8722	11.1478	13.9663
837	10.8722	11.1093	14.0056
838	10.8722	11.1364	14.0412
839	10.8722	11.1912	14.2648
840	10.8722	11.3018	14.3543
841	10.8722	11.1771	14.2841
842	10.8722	11.1122	14.192
843	10.8722	11.1235	14.1804
844	10.8722	11.0991	14.0388
845	10.8722	11.1553	14.1671
846	10.8722	11.193	14.2362
847	10.8722	11.1764	14.1319
848	10.8722	11.192	14.2007
849	10.8722	11.1941	14.184
850	10.5757	11.1503	14.1091
851	10.4195	11.0667	13.9053
852	10.4195	11.0847	13.8953
853	10.5757	11.0889	13.9036
854	10.5757	11.0466	13.791
855	10.5736	11.0361	13.7787
856	10.5757	11.0121	13.7331
857	10.5757	11.0367	13.7677
858	10.5757	10.9915	13.7054
859	10.5757	10.9593	13.6748
860	10.5757	10.9225	13.5996
861	10.5757	10.8975	13.5849
862	10.5597	10.8632	13.5402
863	10.5757	10.8437	13.5016
864	10.5757	10.8507	13.5152
865	10.5757	10.9615	14.0547
866	10.4882	10.9655	13.8996
867	10.5757	10.9572	13.8277
868	10.4606	10.9175	13.7512
869	10.5757	10.9121	13.6595
870	10.3999	10.9312	13.6381
871	10.4195	10.9379	13.7504
872	10.4195	10.9241	13.6987
873	10.4195	10.8688	13.6565
874	10.3999	10.8629	13.6087
875	10.4195	10.87	13.5667
876	10.4195	10.8791	13.6555
877	10.4195	10.8673	13.6316
878	10.4195	10.8393	13.5911
879	10.3999	10.8378	13.6223
880	10.4195	10.822	13.5912
881	10.4195	10.8053	13.5564
882	10.4195	10.8141	13.512
883	10.4195	10.8516	13.5826
884	10.4195	10.877	13.6576
885	10.4195	10.9388	13.8285
886	10.4195	10.8361	13.6977
887	10.4195	10.8139	13.651
888	10.4195	10.8047	13.5926
889	10.4195	10.8053	13.7019
890	10.4195	10.8308	13.6701
891	10.4195	10.8886	13.7344
892	10.4195	10.8624	13.6754
893	10.4195	10.8735	13.7333
894	10.4195	10.8332	13.6131
895	10.4195	10.881	13.6867
896	10.4195	10.8598	13.6593
897	10.4195	10.834	13.6278
898	10.4195	10.8198	13.6094
899	10.5757	11.1411	14.2523
900	10.5757	10.9729	14.0162
901	10.5129	10.8568	13.8364
902	10.3999	10.8077	13.8109
903	10.3999	10.8062	13.7952
904	10.5129	10.795	13.6943
905	10.5129	10.7806	13.6325
906	10.5129	10.815	13.7021
907	10.3999	10.7841	13.6519
908	10.3999	10.7609	13.6343
909	10.3999	10.8411	13.8414
910	10.5757	10.8592	14.0769
911	10.5757	10.8826	13.9624
912	10.5757	10.8949	13.9283
913	10.5757	10.8257	13.8924
914	10.5757	10.8332	13.7953
915	10.5757	10.8787	13.8577
916	10.5757	10.8307	13.8313
917	10.5757	10.8094	13.7194
918	10.5757	10.8335	13.6734
919	10.5757	10.8562	13.7273
920	10.5757	10.8715	13.6647
921	10.5757	10.9426	13.7956
922	10.5757	10.9385	13.8675
923	10.5757	11.0224	14.024
924	10.5757	10.9154	13.8887
925	10.5757	10.9062	13.9178
926	10.5757	10.8706	13.7786
927	10.5757	10.8468	13.8799
928	10.5757	10.8028	13.7501
929	10.5757	10.8417	13.75
930	10.2639	10.8507	13.6992
931	10.4195	10.8479	13.652
932	10.2639	10.9291	13.8765
933	10.4195	10.8658	13.7479
934	10.4195	10.8916	13.7594
935	10.4195	10.8444	13.6909
936	10.4195	10.8956	13.8615
937	10.4195	10.9772	14.1168
938	10.4195	10.9585	13.9954
939	10.4195	10.9785	13.9864
940	10.4195	11.0581	14.1859
941	10.2438	10.948	14.0169
942	10.3999	11.0092	14.1736
943	10.2438	11.3116	14.4802
944	10.2438	11.2103	14.4218
945	10.2438	10.9522	13.9862
946	10.2438	10.9652	14.0353
947	10.4195	11.0293	14.0871
948	10.3999	11.1717	14.2214
949	10.2438	11.0215	14.0665
950	10.2438	10.941	13.9485
951	10.2438	11.0363	14.16
952	10.2438	11.1998	14.4056
953	10.4195	11.1003	14.2156
954	10.4195	11.113	14.1215
955	10.4195	10.999	14.0021
956	10.4195	11.4536	14.3944
957	10.3209	10.8314	13.9034
958	10.3209	10.7823	13.7944
959	10.3209	10.886	13.9638
960	10.1142	10.8619	13.8953
961	10.2438	10.7776	13.7783
962	10.3209	10.7586	13.6985
963	10.2438	10.6935	13.5793
964	10.3209	10.662	13.5322
965	10.3209	10.6611	13.5092
966	10.3209	10.7197	13.5969
967	10.3209	11.0129	14.614
968	10.3209	11.572	14.9888
969	10.3209	11.137	14.6386
970	10.2438	10.8012	14.2518
971	10.2438	10.6549	13.9798
972	10.0881	10.5959	13.8471
973	10.0881	10.5741	13.7816
974	10.0881	10.5966	13.7863
975	10.0881	10.5756	13.7507
976	10.4195	12.4325	15.2151
977	10.3209	10.9234	14.3009
978	10.3209	10.7531	14.0914
979	10.3209	10.836	14.2204
980	10.3209	12.3696	15.1209
981	10.3209	11.3943	14.6312
982	10.4195	11.2221	14.3681
983	10.4195	11.145	14.2523
984	10.4195	11.15	14.172
985	10.4195	11.0308	14.0712
986	10.4195	11.0127	13.9475
987	10.4195	11.0183	13.9083
988	10.4195	10.974	13.8604
989	10.4195	10.9704	13.8209
990	10.2438	10.9638	13.8706
991	10.4195	10.9118	13.7904
992	10.4195	10.8545	13.7005
993	10.4195	10.8353	13.6259
994	10.4195	10.8401	13.6681
995	10.4195	10.8232	13.6049
996	10.4195	10.795	13.5719
997	10.4195	10.7705	13.5157
998	10.4195	10.7958	13.5827
999	10.4195	10.7696	13.5261
1000	10.4195	10.8259	13.6204
