0.0256496	0	0
0.0512993	0	0
0.0769489	0	0
0.102599	0	0
0.128248	0	0
0.153898	0	0
0.179547	0	0
0.205197	0	0
0.230847	0	0
0.256496	0	0
0.282146	0	0
0.307796	0	0
0.333445	0	0
0.359095	0	0
0.384745	0	0
0.410394	0	0
0.436044	0	0
0.461694	0	0
0.487343	0	0
0.512993	0	0
0.538642	0	0
0.564292	0	0
0.589942	0	0
0.615591	0	0
0.641241	0	0
0.666891	0	0
0.69254	0	0
0.71819	0	0
0.74384	0	0
0.769489	0	0
0.795139	0	0
0.820788	0	0
0.846438	0	0
0.872088	0	0
0.897737	0.00118116	0.000322317
0.923387	0.0178074	0.00134337
0.949037	0.134115	0.00348285
0.974686	0.502314	0.00741902
1.00034	1.14226	0.0124837
1.02599	1.83524	0.0174063
1.05164	2.35456	0.0197735
1.07728	2.59255	0.0166719
1.10293	2.59032	0.016137
1.12858	2.44163	0.015686
1.15423	2.20475	0.0164531
1.17988	2.0181	0.0149141
1.20553	1.79795	0.0140865
1.23118	1.56901	0.0129379
1.25683	1.41425	0.01327
1.28248	1.27148	0.0123856
1.30813	1.12084	0.0129548
1.33378	1.00434	0.0118122
1.35943	0.928771	0.0106166
1.38508	0.862637	0.00962723
1.41073	0.81928	0.0103254
1.43638	0.766489	0.00907406
1.46203	0.720122	0.00800888
1.48768	0.699136	0.00808553
1.51333	0.685852	0.0086792
1.53898	0.682343	0.00902502
1.56463	0.674758	0.00698732
1.59028	0.667692	0.00608669
1.61593	0.672695	0.00703669
1.64158	0.684507	0.00775687
1.66723	0.705045	0.00768579
1.69288	0.717225	0.00787113
1.71853	0.739517	0.00815785
1.74418	0.771181	0.00761666
1.76983	0.803758	0.00709288
1.79547	0.840759	0.00686863
1.82112	0.880746	0.0067307
1.84677	0.937753	0.00768569
1.87242	0.975834	0.00821221
1.89807	1.01606	0.00816273
1.92372	1.0484	0.00814931
1.94937	1.0824	0.00692877
1.97502	1.12977	0.00616294
2.00067	1.17551	0.00747056
2.02632	1.19977	0.00636248
2.05197	1.2153	0.00775364
2.07762	1.23058	0.00697378
2.10327	1.22333	0.00748967
2.12892	1.2162	0.00718644
2.15457	1.21063	0.00747636
2.18022	1.18702	0.00728186
2.20587	1.1612	0.00632036
2.23152	1.14402	0.00753343
2.25717	1.11377	0.00805971
2.28282	1.07337	0.00580196
2.30847	1.04206	0.00682801
2.33412	1.0108	0.00616595
2.35977	0.976804	0.00670278
2.38542	0.95005	0.00707463
2.41107	0.928492	0.00539147
2.43672	0.922658	0.00484607
2.46237	0.905801	0.00482354
2.48802	0.897523	0.00523817
2.51366	0.890788	0.00577082
2.53931	0.889502	0.00604493
2.56496	0.884241	0.00554394
