	1	-20.4501	-20.4501	0
	2	-20.3107	-20.3804	0.0696651
	3	-20.3108	-20.3572	0.0464262
	4	-19.9634	-20.2587	0.103783
	5	-20.4106	-20.2891	0.0859334
	6	-20.24	-20.2809	0.0706394
	7	-20.4943	-20.3114	0.0670319
	8	-20.4171	-20.3246	0.0595368
	9	-20.3715	-20.3298	0.0527638
	10	-20.395	-20.3363	0.047641
	11	-20.4163	-20.3436	0.043702
	12	-20.1989	-20.3316	0.041678
	13	-20.0726	-20.3116	0.043205
	14	-20.2562	-20.3077	0.0401958
	15	-20.4223	-20.3153	0.0381927
	16	-20.2897	-20.3137	0.0357618
	17	-20.6143	-20.3314	0.0379616
	18	-20.4864	-20.34	0.0368123
	19	-20.2844	-20.3371	0.0349435
	20	-20.4893	-20.3447	0.0340123
	21	-20.2492	-20.3401	0.03267
	22	-20.6032	-20.3521	0.0333654
	23	-20.1197	-20.342	0.0334452
	24	-20.2924	-20.3399	0.0320879
	25	-20.3466	-20.3402	0.0307788
	26	-20.4414	-20.3441	0.0298264
	27	-20.2764	-20.3416	0.0288096
	28	-20.3919	-20.3434	0.0278197
	29	-20.4188	-20.346	0.0269688
	30	-20.5933	-20.3542	0.0273271
	31	-20.2898	-20.3521	0.0265125
	32	-20.1882	-20.347	0.0261768
	33	-20.2891	-20.3453	0.0254319
	34	-20.4663	-20.3488	0.0249282
	35	-20.5721	-20.3552	0.0250322
	36	-20.6279	-20.3628	0.0254793
	37	-20.1298	-20.3565	0.0255683
	38	-20.271	-20.3542	0.0249877
	39	-20.462	-20.357	0.0244949
	40	-20.5225	-20.3611	0.0242306
	41	-20.3277	-20.3603	0.0236463
	42	-20.4408	-20.3622	0.0231558
	43	-20.46	-20.3645	0.0227249
	44	-20.5915	-20.3697	0.0227939
	45	-20.3875	-20.3701	0.0222851
	46	-20.3345	-20.3693	0.021809
	47	-20.2675	-20.3671	0.0214496
	48	-20.503	-20.37	0.0211879
	49	-20.4068	-20.3707	0.0207646
	50	-20.4032	-20.3714	0.0203555
