0.0599768   -0.233762   -0.279597
0.399862   -0.0604918   0.0103305
-0.484461   -0.388429   0.293561
0.0852101   -0.32847   0.422017
0.17754   0.114969   -0.132031
-0.168896   0.120059   0.412626
0.129896   0.0277894   -0.138941
0.190773   -0.39668   0.203711
-0.361602   -0.30865   -0.160455
0.025635   0.210109   -0.380338
0.111524   -0.303142   -0.238781
0.0151938   -0.15672   -0.278986
-0.228988   0.108786   0.0305969
0.284957   0.0761089   0.33368
0.00644354   -0.355577   -0.0291455
0.378315   -0.194053   0.440979
-0.468231   -0.279429   -0.150344
-0.397703   0.123764   0.0543842
0.31626   -0.294997   0.397108
-0.451407   0.0355117   0.39072
-0.418866   0.093366   0.451395
-0.329133   0.418385   -0.375572
0.489543   -0.0707321   -0.236581
0.188606   0.440066   -0.177335
0.322491   -0.126173   0.211089
-0.0959548   -0.134231   -0.205228
0.267479   -0.353436   0.228303
0.383763   -0.0559709   -0.174108
0.449286   -0.450493   0.196884
-0.139475   -0.308621   -0.377559
0.157411   -0.298718   0.390854
-0.487955   0.383748   -0.395908
0.240127   0.155111   0.467879
-0.327493   -0.492289   -0.414511
0.176392   -0.327445   0.251037
0.154315   0.438551   0.123835
0.420916   -0.15951   -0.246436
-0.375399   -0.174777   -0.327898
-0.0523543   0.00515404   -0.312482
0.0114835   0.0584338   0.189011
0.1192   -0.376455   0.364729
0.49805   0.0981412   0.44133
-0.136712   -0.398254   -0.275738
0.0362058   0.238136   -0.457831
0.493156   0.00716964   -0.452236
-0.310464   -0.390951   0.431814
0.311678   -0.190117   0.386211
-0.419653   0.405869   -0.335571
0.450378   -0.187897   -0.124921
-0.272015   0.416156   0.17233
-0.000961616   0.2237   -0.0261451
0.121884   0.237978   -0.355528
-0.130392   0.0578256   -0.089524
-0.464772   -0.343278   0.4139
0.261279   -0.383624   0.0259966
0.404264   0.333576   0.0758059
0.46219   0.424807   0.285412
-0.208027   0.235356   -0.449921
0.217342   -0.294648   0.440726
0.244589   -0.189522   -0.410548
0.483531   -0.177502   0.263702
0.39509   0.0918548   0.450269
0.16752   -0.386722   -0.333752
-0.268229   -0.0532222   -0.300399
-0.132841   0.0214616   0.470343
-0.0744945   0.0849901   -0.142139
0.35055   -0.000810422   -0.0132818
0.288713   0.0493087   -0.411065
-0.285098   -0.388012   -0.0174882
-0.285328   0.179009   -0.199858
-0.0315031   0.227724   -0.259181
-0.27641   -0.229129   -0.321838
-0.199431   -0.0971829   0.310535
-0.126051   -0.0358332   -0.221822
-0.309426   -0.459374   -0.0164501
-0.208578   -0.14116   -0.0471134
-0.296605   0.349526   -0.463298
-0.215358   -0.420608   0.43837
0.420114   0.242002   0.142865
0.111285   0.417982   -0.158795
-0.205603   0.135854   -0.194882
-0.0971257   -0.0396781   -0.386693
0.316802   0.0620114   -0.0772661
-0.498805   -0.19435   -0.224031
0.288425   0.401151   0.313512
-0.358187   -0.294643   -0.457488
0.139635   0.0642771   0.262825
0.326306   0.257079   0.113596
0.0361307   -0.0320072   0.0980172
0.126909   -0.209304   0.0772509
-0.0847056   -0.253571   0.22201
-0.219044   -0.191283   0.116251
-0.0323503   -0.320019   0.182971
0.282611   -0.36569   -0.0624139
-0.216646   -0.0566749   -0.231639
0.190632   -0.371088   0.318334
0.0411096   -0.0836519   0.365733
-0.189578   -0.01009   -0.36367
0.444186   -0.109983   0.116756
0.0645194   -0.3136   0.201772
-0.241323   0.0599301   -0.346923
-0.232049   -0.193001   0.281007
-0.389752   -0.478167   -0.317806
-0.30323   0.390935   0.0375244
0.265776   0.319038   0.00553079
-0.435721   -0.462969   0.455281
-0.115142   0.309831   -0.329286
0.182986   0.243044   0.211413
