1.46816
1.46816
1.46816
1.46816
1.46816
1.46816
1.46816
1.46816
1.46816
1.46816
1.46816
1.46816
1.46816
1.46816
1.46816
1.46815
1.46814
1.46813
1.46812
1.4681
1.46808
1.46806
1.46804
1.46803
1.468
1.46799
1.46797
1.46793
1.46791
1.46788
1.46786
1.46783
1.46781
1.46779
1.46777
1.46775
1.46773
1.46771
1.46769
1.46767
1.46766
1.46765
1.46763
1.46762
1.46761
1.46761
1.4676
1.46759
1.46757
1.46756
1.46756
1.46755
1.46755
1.46753
1.46753
1.46753
1.46752
1.46751
1.46751
1.4675
1.46748
1.46747
1.46746
1.46746
1.46744
1.46744
1.46742
1.46741
1.46741
1.4674
1.46739
1.46738
1.46737
1.46736
1.46736
1.46735
1.46735
1.46734
1.46734
1.46733
1.46733
1.46731
1.46729
1.46728
1.46727
1.46727
1.46727
1.46726
1.46726
1.46725
1.46724
1.46723
1.46721
1.4672
1.4672
1.46719
1.46717
1.46716
1.46715
1.46714
1.46713
1.46711
1.4671
1.46709
1.46708
1.46707
1.46706
1.46705
1.46704
1.46703
1.46703
1.46704
1.46705
1.46706
1.46709
1.46714
1.46719
1.46726
1.46736
1.46747
1.46757
1.46766
1.46771
1.46773
1.46767
1.46754
1.46735
1.46713
1.46691
1.46673
1.46661
1.46656
1.4666
1.46668
1.46682
1.46696
1.4671
1.46719
1.4672
1.46712
1.46698
1.46681
1.46665
1.46654
1.46652
1.46657
1.46669
1.46685
1.46702
1.46719
1.46734
1.46745
1.46752
1.46755
1.46754
1.46752
1.4675
1.46749
1.46748
1.46746
1.46745
1.46745
1.46746
1.46747
1.46746
1.46741
1.46732
1.4672
1.46704
1.46688
1.46675
1.46664
1.46658
1.46655
1.46655
1.46662
1.46671
1.46682
1.46696
1.4671
1.46723
1.46734
1.46742
1.46748
1.46748
1.46745
1.46738
1.4673
1.46719
1.46709
1.467
1.46694
1.46691
1.46691
1.46693
1.46699
1.46704
1.46708
1.46712
1.46716
1.46718
1.46718
1.46718
1.46718
1.46718
1.46718
1.46719
1.46721
1.46722
1.46723
1.46722
1.46722
1.4672
1.46719
1.46718
1.46718
1.46718
1.46719
1.4672
1.46719
1.46718
1.46717
1.46715
1.46714
1.46712
1.46709
1.46707
1.46706
1.46705
1.46706
1.46707
1.4671
1.46714
1.46718
1.46722
1.46727
1.46732
1.46736
1.46741
1.46744
1.46745
1.46744
1.4674
1.46735
1.46727
1.46719
1.46712
1.46708
1.46707
1.46709
1.46716
1.46723
1.46732
1.46742
1.46751
1.46758
1.46762
1.4676
1.46753
1.46738
1.46719
1.46698
1.46678
1.46664
1.46656
1.46656
1.46665
1.46681
1.46702
1.46727
1.46754
1.4678
1.46801
1.46809
1.46798
1.46766
1.4672
1.46676
1.46644
1.46632
1.46637
1.46656
1.46681
1.4671
1.46739
1.46764
1.46789
1.46807
1.46819
1.46822
1.46816
1.46801
1.46779
1.46751
1.46722
1.46694
1.46671
1.46654
1.46647
1.46646
1.46653
1.46662
1.46673
1.46682
1.46691
1.46698
1.46703
1.46707
1.4671
1.46711
1.46713
1.46716
1.46715
1.46714
1.46714
1.46713
1.46711
1.46713
1.46714
1.46715
1.46717
1.46719
1.46721
1.46724
1.46728
1.46733
1.46741
1.46749
1.46759
1.4677
1.46781
1.46792
1.46799
1.46801
1.46794
1.46777
1.4675
1.4672
1.46693
1.46675
1.46668
1.4667
1.46677
1.46688
1.46699
1.46707
1.46714
1.46718
1.46719
1.46719
1.46717
1.46715
1.46714
1.46714
1.46715
1.46717
1.4672
1.46724
1.46727
1.46727
1.46725
1.4672
1.46714
1.46707
1.46701
1.46699
1.46698
1.467
1.46703
1.46706
1.4671
1.46714
1.46717
1.46721
1.46724
1.46726
1.46729
1.46732
1.46734
1.46734
1.46735
1.46735
1.46734
1.46732
1.46728
1.46726
1.46723
1.4672
1.46719
1.46719
1.46721
1.46726
1.46733
1.46742
1.46754
1.46769
1.46784
1.468
1.46815
1.46826
1.46828
1.46818
1.46796
1.46763
1.46723
1.46686
1.46656
1.46636
1.46625
1.46622
1.46625
1.46633
1.46644
1.46658
1.46672
1.46684
1.46695
1.46703
1.4671
1.46716
1.46719
1.46724
1.46728
1.46733
1.46739
1.46747
1.46755
1.46762
1.46769
1.46772
1.46771
1.46767
1.46758
1.46746
1.46735
1.46725
1.46718
1.46714
1.4671
1.46706
1.46701
1.46696
1.46694
1.46692
1.46695
1.46701
1.46709
1.46719
1.46728
1.46737
1.46744
1.46748
1.46749
1.46747
1.4674
1.46731
1.46721
1.46712
1.46703
1.46697
1.46694
1.46693
1.46694
1.46695
1.46698
1.467
1.46703
1.46705
1.46706
1.46708
1.4671
1.46711
1.46711
1.46711
1.46712
1.46712
1.46712
1.46712
1.46712
1.46712
1.46713
1.46714
1.46716
1.46717
1.46718
1.46719
1.4672
1.4672
1.46721
1.46719
1.46718
1.46717
1.46715
1.46715
1.46714
1.46715
1.46715
1.46716
1.46718
1.46721
1.46724
1.46727
1.46729
1.46731
1.46732
1.46732
1.4673
1.46727
1.46723
1.46716
1.4671
1.46702
1.46694
1.46687
1.46681
1.46678
1.46677
1.46679
1.46684
1.46691
1.46698
1.46705
1.46711
1.46716
1.46721
1.46723
1.46725
1.46726
1.46726
1.46727
1.46726
1.46725
1.46723
1.46721
1.46718
1.46715
1.46713
1.46712
1.46711
1.46711
1.46711
1.46711
1.46709
1.46708
1.46704
1.46699
1.46694
1.46689
1.46686
1.46685
1.46687
1.4669
1.46693
1.46698
1.46703
1.46708
1.46712
1.46716
1.46718
1.4672
1.46722
1.46723
1.46724
1.46726
1.4673
1.46734
1.4674
1.46747
1.46752
1.46755
1.46753
1.46744
1.4673
1.46712
1.46694
1.46682
1.46677
1.4668
1.46688
1.46702
1.46718
1.46735
1.46751
1.46765
1.46774
1.46778
1.46775
1.46765
1.46748
1.46726
1.46702
1.46679
1.4666
1.46646
1.46641
1.46643
1.46652
1.46665
1.46682
1.46699
1.46715
1.46733
1.46748
1.46762
1.46773
1.46778
1.46779
1.46775
1.46769
1.46763
1.46757
1.46753
1.46747
1.46738
1.46721
1.46699
1.46676
1.46656
1.46643
1.46638
1.46644
1.46655
1.46672
1.46691
1.4671
1.46727
1.46743
1.46755
1.46762
1.46763
1.46757
1.46747
1.46735
1.46723
1.46713
1.46707
1.46707
1.4671
1.46716
1.46725
1.46734
1.46743
1.46753
1.4676
1.46763
1.46761
1.46754
1.46743
1.46731
1.4672
1.46713
1.4671
1.4671
1.46711
1.46714
1.46716
1.46717
1.46717
1.46719
1.4672
1.46721
1.46722
1.46724
1.46725
1.46728
1.46729
1.4673
1.46732
1.46731
1.46728
1.46725
1.4672
1.46715
1.4671
1.46705
1.467
1.46696
1.46693
1.46691
1.46691
1.46692
1.46693
1.46695
1.46696
1.46698
1.467
1.46704
1.46707
1.46711
1.46716
1.46723
1.46732
1.46743
1.46758
1.46773
1.46791
1.46804
1.46813
1.4681
1.46792
1.46758
1.4672
1.46687
1.46673
1.46679
1.46699
1.46725
1.46748
1.46759
1.46755
1.46734
1.46702
1.4667
1.46646
1.46633
1.46631
1.46635
1.46642
1.46652
1.46665
1.46677
1.4669
1.46706
1.46722
1.46738
1.46756
1.46772
1.46785
1.46792
1.46789
1.46776
1.46756
1.46732
1.46711
1.46696
1.46689
1.4669
1.46695
1.46704
1.46712
1.46718
1.4672
1.46719
1.46714
1.46709
1.46702
1.46698
1.46695
1.46695
1.46696
1.46698
1.46699
1.467
1.46701
1.46701
1.467
1.46699
1.467
1.46701
1.46704
1.46709
1.46714
1.46718
1.46723
1.46728
1.46733
1.46737
1.46738
1.46738
1.46737
1.46735
1.46731
1.46728
1.46725
1.46723
1.4672
1.46718
1.46717
1.46713
1.4671
1.46706
1.46702
1.46698
1.46694
1.46693
1.46692
1.46693
1.46697
1.46702
1.46708
1.46714
1.46721
1.46726
1.46729
1.46731
1.46729
1.46726
1.46719
1.46713
1.46707
1.46703
1.46701
1.46702
1.46706
1.46712
1.46718
1.46724
1.46731
1.46735
1.46738
1.46738
1.46741
1.46743
1.46745
1.46748
1.46749
1.46748
1.46744
1.46738
1.4673
1.4672
1.4671
1.46701
1.46694
1.4669
1.46689
1.46688
1.46689
1.46692
1.46694
1.46698
1.46701
1.46704
1.46708
1.46713
1.46718
1.46722
1.46726
1.46729
1.4673
1.46731
1.4673
1.46727
1.46725
1.46723
1.46721
1.4672
1.46721
1.46724
1.46726
1.4673
1.46732
1.46735
1.46737
1.46738
1.4674
1.46739
1.46739
1.46738
1.46736
1.46733
1.4673
1.46726
1.46721
1.46716
1.46711
1.46706
1.46704
1.46701
1.46701
1.46702
1.46705
1.46708
1.46712
1.46716
1.46721
1.46727
1.46732
1.46738
1.46744
1.46751
1.46757
1.46761
1.46762
1.46758
1.46749
1.46735
1.46718
1.46701
1.4669
1.46684
1.46685
1.4669
1.46699
1.46709
1.46722
1.46733
1.46744
1.46753
1.46759
1.4676
1.46755
1.46745
1.4673
1.46711
1.46694
1.4668
1.46671
1.46669
1.46672
1.46678
1.46685
1.46695
1.46704
1.46714
1.46723
1.46732
1.4674
1.46745
1.46747
1.46748
1.46746
1.46743
1.46736
1.46731
1.46727
1.46724
1.46723
1.46723
1.46724
1.46726
1.46727
1.46724
1.46722
1.46717
1.46712
1.46706
1.46702
1.46699
1.46699
1.46701
1.46705
1.46712
1.46721
1.46732
1.46742
1.46755
1.46767
1.46778
1.46783
1.4678
1.46767
1.46742
1.46712
1.46684
1.46666
1.46658
1.46661
1.4667
1.46682
1.46693
1.46704
1.46712
1.46718
1.46722
1.46725
1.46726
1.46727
1.46727
1.46727
1.46727
1.46729
1.46731
1.46732
1.46733
1.46734
1.46735
1.46732
1.46724
1.46713
1.46701
1.46689
1.4668
1.46675
1.46673
1.46676
1.46682
1.46689
1.46698
1.46708
1.46716
1.46724
1.46732
1.46742
1.46751
1.46758
1.46765
1.46771
1.46774
1.46775
1.76816
1.76816
1.76816
1.76816
1.76816
1.76816
1.76816
1.76816
1.76816
1.76816
1.76816
1.76816
1.76816
1.76815
1.76814
1.76813
1.76813
1.76811
1.76809
1.76807
1.76805
1.76803
1.768
1.76799
1.76796
1.76792
1.7679
1.76787
1.76784
1.76781
1.7678
1.76776
1.76774
1.76773
1.76771
1.76768
1.76766
1.76765
1.76763
1.76762
1.76761
1.76761
1.7676
1.76759
1.76756
1.76756
1.76755
1.76754
1.76753
1.76752
1.76752
1.76752
1.76751
1.76751
1.76749
1.76747
1.76747
1.76745
1.76745
1.76743
1.76742
1.76741
1.7674
1.76739
1.76738
1.76737
1.76736
1.76735
1.76735
1.76734
1.76734
1.76733
1.76732
1.76732
1.7673
1.76728
1.76727
1.76726
1.76726
1.76725
1.76725
1.76724
1.76723
1.76721
1.7672
1.76719
1.76718
1.76717
1.76715
1.76714
1.76712
1.76711
1.7671
1.76708
1.76707
1.76706
1.76705
1.76704
1.76703
1.76701
1.76816
1.76816
1.76816
1.76816
1.76816
1.76816
1.76816
1.76816
1.76816
1.76816
1.76816
1.76816
1.76816
1.76815
1.76814
1.76813
1.76813
1.76811
1.76809
1.76807
1.76805
1.76803
1.768
1.76799
1.76796
1.76792
1.7679
1.76787
1.76784
1.76781
1.7678
1.76776
1.76774
1.76773
1.76771
1.76768
1.76766
1.76765
1.76763
1.76762
1.76761
1.76761
1.7676
1.76759
1.76756
1.76756
1.76755
1.76754
1.76753
1.76752
1.76752
1.76752
1.76751
1.76751
1.76749
1.76747
1.76747
1.76745
1.76745
1.76743
1.76742
1.76741
1.7674
1.76739
1.76738
1.76737
1.76736
1.76735
1.76735
1.76734
1.76734
1.76733
1.76732
1.76732
1.7673
1.76728
1.76727
1.76726
1.76726
1.76725
1.76725
1.76724
1.76723
1.76721
1.7672
1.76719
1.76718
1.76717
1.76715
1.76714
1.76712
1.76711
1.7671
1.76708
1.76707
1.76706
1.76705
1.76704
1.76703
1.76701
1.46816
1.46816
1.46816
1.46816
1.46816
1.46816
1.46816
1.46816
1.46816
1.46816
1.46816
1.46816
1.46816
1.46816
1.46816
1.46815
1.46814
1.46813
1.46812
1.4681
1.46808
1.46806
1.46804
1.46803
1.468
1.46799
1.46797
1.46793
1.46791
1.46788
1.46786
1.46783
1.46781
1.46779
1.46777
1.46775
1.46773
1.46771
1.46769
1.46767
1.46766
1.46765
1.46763
1.46762
1.46761
1.46761
1.4676
1.46759
1.46757
1.46756
1.46756
1.46755
1.46755
1.46753
1.46753
1.46753
1.46752
1.46751
1.46751
1.4675
1.46748
1.46747
1.46746
1.46746
1.46744
1.46744
1.46742
1.46741
1.46741
1.4674
1.46739
1.46738
1.46737
1.46736
1.46736
1.46735
1.46735
1.46734
1.46734
1.46733
1.46733
1.46731
1.46729
1.46728
1.46727
1.46727
1.46727
1.46726
1.46726
1.46725
1.46724
1.46723
1.46721
1.4672
1.4672
1.46719
1.46717
1.46716
1.46715
1.46714
1.46713
1.46711
1.4671
1.46709
1.46708
1.46707
1.46706
1.46705
1.46704
1.46703
1.46703
1.46704
1.46705
1.46706
1.46709
1.46714
1.46719
1.46726
1.46736
1.46747
1.46757
1.46766
1.46771
1.46773
1.46767
1.46754
1.46735
1.46713
1.46691
1.46673
1.46661
1.46656
1.4666
1.46668
1.46682
1.46696
1.4671
1.46719
1.4672
1.46712
1.46698
1.46681
1.46665
1.46654
1.46652
1.46657
1.46669
1.46685
1.46702
1.46719
1.46734
1.46745
1.46752
1.46755
1.46754
1.46752
1.4675
1.46749
1.46748
1.46746
1.46745
1.46745
1.46746
1.46747
1.46746
1.46741
1.46732
1.4672
1.46704
1.46688
1.46675
1.46664
1.46658
1.46655
1.46655
1.46662
1.46671
1.46682
1.46696
1.4671
1.46723
1.46734
1.46742
1.46748
1.46748
1.46745
1.46738
1.4673
1.46719
1.46709
1.467
1.46694
1.46691
1.46691
1.46693
1.46699
1.46704
1.46708
1.46712
1.46716
1.46718
1.46718
1.46718
1.46718
1.46718
1.46718
1.46719
1.46721
1.46722
1.46723
1.46722
1.46722
1.4672
1.46719
1.46718
1.46718
1.46718
1.46719
1.4672
1.46719
1.46718
1.46717
1.46715
1.46714
1.46712
1.46709
1.46707
1.46706
1.46705
1.46706
1.46707
1.4671
1.46714
1.46718
1.46722
1.46727
1.46732
1.46736
1.46741
1.46744
1.46745
1.46744
1.4674
1.46735
1.46727
1.46719
1.46712
1.46708
1.46707
1.46709
1.46716
1.46723
1.46732
1.46742
1.46751
1.46758
1.46762
1.4676
1.46753
1.46738
1.46719
1.46698
1.46678
1.46664
1.46656
1.46656
1.46665
1.46681
1.46702
1.46727
1.46754
1.4678
1.46801
1.46809
1.46798
1.46766
1.4672
1.46676
1.46644
1.46632
1.46637
1.46656
1.46681
1.4671
1.46739
1.46764
1.46789
1.46807
1.46819
1.46822
1.46816
1.46801
1.46779
1.46751
1.46722
1.46694
1.46671
1.46654
1.46647
1.46646
1.46653
1.46662
1.46673
1.46682
1.46691
1.46698
1.46703
1.46707
1.4671
1.46711
1.46713
1.46716
1.46715
1.46714
1.46714
1.46713
1.46711
1.46713
1.46714
1.46715
1.46717
1.46719
1.46721
1.46724
1.46728
1.46733
1.46741
1.46749
1.46759
1.4677
1.46781
1.46792
1.46799
1.46801
1.46794
1.46777
1.4675
1.4672
1.46693
1.46675
1.46668
1.4667
1.46677
1.46688
1.46699
1.46707
1.46714
1.46718
1.46719
1.46719
1.46717
1.46715
1.46714
1.46714
1.46715
1.46717
1.4672
1.46724
1.46727
1.46727
1.46725
1.4672
1.46714
1.46707
1.46701
1.46699
1.46698
1.467
1.46703
1.46706
1.4671
1.46714
1.46717
1.46721
1.46724
1.46726
1.46729
1.46732
1.46734
1.46734
1.46735
1.46735
1.46734
1.46732
1.46728
1.46726
1.46723
1.4672
1.46719
1.46719
1.46721
1.46726
1.46733
1.46742
1.46754
1.46769
1.46784
1.468
1.46815
1.46826
1.46828
1.46818
1.46796
1.46763
1.46723
1.46686
1.46656
1.46636
1.46625
1.46622
1.46625
1.46633
1.46644
1.46658
1.46672
1.46684
1.46695
1.46703
1.4671
1.46716
1.46719
1.46724
1.46728
1.46733
1.46739
1.46747
1.46755
1.46762
1.46769
1.46772
1.46771
1.46767
1.46758
1.46746
1.46735
1.46725
1.46718
1.46714
1.4671
1.46706
1.46701
1.46696
1.46694
1.46692
1.46695
1.46701
1.46709
1.46719
1.46728
1.46737
1.46744
1.46748
1.46749
1.46747
1.4674
1.46731
1.46721
1.46712
1.46703
1.46697
1.46694
1.46693
1.46694
1.46695
1.46698
1.467
1.46703
1.46705
1.46706
1.46708
1.4671
1.46711
1.46711
1.46711
1.46712
1.46712
1.46712
1.46712
1.46712
1.46712
1.46713
1.46714
1.46716
1.46717
1.46718
1.46719
1.4672
1.4672
1.46721
1.46719
1.46718
1.46717
1.46715
1.46715
1.46714
1.46715
1.46715
1.46716
1.46718
1.46721
1.46724
1.46727
1.46729
1.46731
1.46732
1.46732
1.4673
1.46727
1.46723
1.46716
1.4671
1.46702
1.46694
1.46687
1.46681
1.46678
1.46677
1.46679
1.46684
1.46691
1.46698
1.46705
1.46711
1.46716
1.46721
1.46723
1.46725
1.46726
1.46726
1.46727
1.46726
1.46725
1.46723
1.46721
1.46718
1.46715
1.46713
1.46712
1.46711
1.46711
1.46711
1.46711
1.46709
1.46708
1.46704
1.46699
1.46694
1.46689
1.46686
1.46685
1.46687
1.4669
1.46693
1.46698
1.46703
1.46708
1.46712
1.46716
1.46718
1.4672
1.46722
1.46723
1.46724
1.46726
1.4673
1.46734
1.4674
1.46747
1.46752
1.46755
1.46753
1.46744
1.4673
1.46712
1.46694
1.46682
1.46677
1.4668
1.46688
1.46702
1.46718
1.46735
1.46751
1.46765
1.46774
1.46778
1.46775
1.46765
1.46748
1.46726
1.46702
1.46679
1.4666
1.46646
1.46641
1.46643
1.46652
1.46665
1.46682
1.46699
1.46715
1.46733
1.46748
1.46762
1.46773
1.46778
1.46779
1.46775
1.46769
1.46763
1.46757
1.46753
1.46747
1.46738
1.46721
1.46699
1.46676
1.46656
1.46643
1.46638
1.46644
1.46655
1.46672
1.46691
1.4671
1.46727
1.46743
1.46755
1.46762
1.46763
1.46757
1.46747
1.46735
1.46723
1.46713
1.46707
1.46707
1.4671
1.46716
1.46725
1.46734
1.46743
1.46753
1.4676
1.46763
1.46761
1.46754
1.46743
1.46731
1.4672
1.46713
1.4671
1.4671
1.46711
1.46714
1.46716
1.46717
1.46717
1.46719
1.4672
1.46721
1.46722
1.46724
1.46725
1.46728
1.46729
1.4673
1.46732
1.46731
1.46728
1.46725
1.4672
1.46715
1.4671
1.46705
1.467
1.46696
1.46693
1.46691
1.46691
1.46692
1.46693
1.46695
1.46696
1.46698
1.467
1.46704
1.46707
1.46711
1.46716
1.46723
1.46732
1.46743
1.46758
1.46773
1.46791
1.46804
1.46813
1.4681
1.46792
1.46758
1.4672
1.46687
1.46673
1.46679
1.46699
1.46725
1.46748
1.46759
1.46755
1.46734
1.46702
1.4667
1.46646
1.46633
1.46631
1.46635
1.46642
1.46652
1.46665
1.46677
1.4669
1.46706
1.46722
1.46738
1.46756
1.46772
1.46785
1.46792
1.46789
1.46776
1.46756
1.46732
1.46711
1.46696
1.46689
1.4669
1.46695
1.46704
1.46712
1.46718
1.4672
1.46719
1.46714
1.46709
1.46702
1.46698
1.46695
1.46695
1.46696
1.46698
1.46699
1.467
1.46701
1.46701
1.467
1.46699
1.467
1.46701
1.46704
1.46709
1.46714
1.46718
1.46723
1.46728
1.46733
1.46737
1.46738
1.46738
1.46737
1.46735
1.46731
1.46728
1.46725
1.46723
1.4672
1.46718
1.46717
1.46713
1.4671
1.46706
1.46702
1.46698
1.46694
1.46693
1.46692
1.46693
1.46697
1.46702
1.46708
1.46714
1.46721
1.46726
1.46729
1.46731
1.46729
1.46726
1.46719
1.46713
1.46707
1.46703
1.46701
1.46702
1.46706
1.46712
1.46718
1.46724
1.46731
1.46735
1.46738
1.46738
1.46741
1.46743
1.46745
1.46748
1.46749
1.46748
1.46744
1.46738
1.4673
1.4672
1.4671
1.46701
1.46694
1.4669
1.46689
1.46688
1.46689
1.46692
1.46694
1.46698
1.46701
1.46704
1.46708
1.46713
1.46718
1.46722
1.46726
1.46729
1.4673
1.46731
1.4673
1.46727
1.46725
1.46723
1.46721
1.4672
1.46721
1.46724
1.46726
1.4673
1.46732
1.46735
1.46737
1.46738
1.4674
1.46739
1.46739
1.46738
1.46736
1.46733
1.4673
1.46726
1.46721
1.46716
1.46711
1.46706
1.46704
1.46701
1.46701
1.46702
1.46705
1.46708
1.46712
1.46716
1.46721
1.46727
1.46732
1.46738
1.46744
1.46751
1.46757
1.46761
1.46762
1.46758
1.46749
1.46735
1.46718
1.46701
1.4669
1.46684
1.46685
1.4669
1.46699
1.46709
1.46722
1.46733
1.46744
1.46753
1.46759
1.4676
1.46755
1.46745
1.4673
1.46711
1.46694
1.4668
1.46671
1.46669
1.46672
1.46678
1.46685
1.46695
1.46704
1.46714
1.46723
1.46732
1.4674
1.46745
1.46747
1.46748
1.46746
1.46743
1.46736
1.46731
1.46727
1.46724
1.46723
1.46723
1.46724
1.46726
1.46727
1.46724
1.46722
1.46717
1.46712
1.46706
1.46702
1.46699
1.46699
1.46701
1.46705
1.46712
1.46721
1.46732
1.46742
1.46755
1.46767
1.46778
1.46783
1.4678
1.46767
1.46742
1.46712
1.46684
1.46666
1.46658
1.46661
1.4667
1.46682
1.46693
1.46704
1.46712
1.46718
1.46722
1.46725
1.46726
1.46727
1.46727
1.46727
1.46727
1.46729
1.46731
1.46732
1.46733
1.46734
1.46735
1.46732
1.46724
1.46713
1.46701
1.46689
1.4668
1.46675
1.46673
1.46676
1.46682
1.46689
1.46698
1.46708
1.46716
1.46724
1.46732
1.46742
1.46751
1.46758
1.46765
1.46771
1.46774
1.46775
1.4463
1.44624
1.44615
1.44602
1.44584
1.44568
1.44552
1.44538
1.44528
1.44523
1.44521
1.44523
1.44529
1.44538
1.44547
1.44557
1.44566
1.44575
1.44583
1.44587
1.44589
1.44589
1.44586
1.44581
1.44574
1.44567
1.44561
1.44556
1.44552
1.44549
1.44547
1.44546
1.44548
1.44553
1.44561
1.44572
1.44585
1.44597
1.44609
1.44616
1.44618
1.44615
1.44609
1.44602
1.44599
1.44602
1.44612
1.44628
1.44646
1.44663
1.44673
1.4467
1.44652
1.44617
1.44572
1.44528
1.44499
1.44489
1.44497
1.44517
1.44539
1.4456
1.44578
1.4459
1.44597
1.446
1.446
1.44597
1.44592
1.44587
1.44583
1.44579
1.44576
1.44574
1.44574
1.44575
1.44575
1.44574
1.44573
1.44572
1.44571
1.4457
1.44567
1.44565
1.44565
1.44565
1.44565
1.44567
1.44569
1.4457
1.44572
1.44575
1.44578
1.44581
1.44583
1.44585
1.44586
1.44588
1.44589
1.44589
1.37273
1.37273
1.37273
1.3727
1.37269
1.37267
1.37265
1.37265
1.37266
1.37269
1.37274
1.37282
1.37293
1.37308
1.37327
1.37347
1.37363
1.3737
1.3736
1.3733
1.37288
1.37247
1.37218
1.37205
1.37203
1.37208
1.37216
1.37222
1.37226
1.37228
1.37229
1.3723
1.37233
1.3724
1.3725
1.37263
1.37277
1.37289
1.37296
1.37295
1.37284
1.37269
1.37256
1.37254
1.37267
1.37293
1.3733
1.37369
1.37395
1.37391
1.37349
1.37279
1.37211
1.37172
1.37166
1.37181
1.37205
1.37224
1.37238
1.37246
1.37248
1.37247
1.37244
1.37241
1.37239
1.3724
1.37241
1.37243
1.37247
1.37253
1.37259
1.37268
1.37275
1.37284
1.37295
1.37306
1.37317
1.37328
1.37335
1.3734
1.3734
1.37332
1.37318
1.37297
1.37274
1.37255
1.37239
1.37229
1.37225
1.37225
1.37228
1.37232
1.37234
1.37235
1.37237
1.3724
1.37244
1.37252
1.37262
1.37274
1.37557
1.37576
1.37595
1.37609
1.37613
1.37601
1.37573
1.37535
1.37498
1.37474
1.37465
1.3747
1.37482
1.37497
1.3751
1.37524
1.37536
1.37549
1.37559
1.3757
1.37579
1.37587
1.37588
1.37585
1.37575
1.37562
1.37548
1.37533
1.37522
1.37516
1.37514
1.3752
1.3753
1.37543
1.37557
1.37568
1.37575
1.37574
1.37565
1.37552
1.37538
1.37524
1.37514
1.37507
1.37503
1.37501
1.37501
1.37503
1.37505
1.37508
1.37512
1.37516
1.3752
1.37523
1.37526
1.37527
1.37529
1.3753
1.37531
1.37532
1.37533
1.37533
1.37534
1.37536
1.37537
1.37538
1.37539
1.37539
1.37542
1.37544
1.37548
1.37553
1.37557
1.37561
1.37563
1.37564
1.37561
1.37556
1.37548
1.37539
1.37529
1.37521
1.37516
1.37513
1.37513
1.37516
1.3752
1.37523
1.37526
1.37529
1.37533
1.37537
1.37544
1.37551
1.37553
1.37548
1.37532
1.37509
1.37485
1.37469
1.40886
1.40892
1.40906
1.40923
1.4094
1.40956
1.40967
1.40977
1.40985
1.40992
1.40999
1.41007
1.41016
1.41026
1.41033
1.41037
1.41036
1.41029
1.41014
1.40991
1.40956
1.40915
1.40877
1.4085
1.40839
1.4084
1.40852
1.40869
1.40885
1.40901
1.40915
1.40927
1.40936
1.40942
1.40949
1.40954
1.40958
1.40961
1.40966
1.40971
1.40975
1.40981
1.40988
1.40997
1.41008
1.41019
1.41028
1.4103
1.41022
1.41002
1.40974
1.40947
1.40927
1.40918
1.40916
1.40919
1.40923
1.40927
1.40933
1.4094
1.4095
1.4096
1.40972
1.40981
1.40985
1.40984
1.40978
1.40968
1.40955
1.40941
1.40927
1.40915
1.40905
1.40898
1.40898
1.40901
1.40906
1.40915
1.40927
1.40941
1.40956
1.40974
1.40992
1.4101
1.41025
1.41036
1.41036
1.41026
1.41005
1.40975
1.40943
1.40917
1.40902
1.40897
1.40902
1.40913
1.40928
1.40943
1.40955
1.40962
1.44483
1.4448
1.44473
1.44467
1.44462
1.4446
1.44461
1.44465
1.44469
1.44472
1.44472
1.4447
1.44467
1.44461
1.44458
1.44457
1.44459
1.44463
1.44468
1.44473
1.44478
1.44482
1.44485
1.44486
1.44485
1.44484
1.44482
1.44479
1.44476
1.44473
1.4447
1.44467
1.44463
1.44459
1.44457
1.44456
1.44457
1.4446
1.44463
1.44466
1.44467
1.44465
1.44459
1.44451
1.44444
1.44436
1.44431
1.44428
1.44428
1.4443
1.44433
1.44437
1.44442
1.44447
1.44453
1.44459
1.44465
1.4447
1.44474
1.44477
1.44482
1.44485
1.44487
1.44488
1.44488
1.44487
1.44486
1.44485
1.44485
1.44485
1.44486
1.44487
1.44487
1.44486
1.44484
1.4448
1.44475
1.44468
1.44459
1.4445
1.44442
1.44435
1.4443
1.44426
1.44422
1.4442
1.44419
1.4442
1.44421
1.44423
1.44427
1.44431
1.44436
1.44442
1.44448
1.44454
1.4446
1.44465
1.44468
1.44469
1.42472
1.42469
1.42466
1.42462
1.42458
1.42456
1.42454
1.42454
1.42455
1.42457
1.4246
1.42462
1.42465
1.42468
1.4247
1.42473
1.42475
1.42476
1.42477
1.42479
1.4248
1.42481
1.42482
1.42483
1.42484
1.42486
1.42487
1.42489
1.42492
1.42494
1.42497
1.42499
1.42498
1.42492
1.42483
1.42469
1.42454
1.42439
1.42426
1.42418
1.42415
1.42418
1.42425
1.42434
1.42444
1.42452
1.42459
1.42466
1.42472
1.42476
1.4248
1.42481
1.42482
1.42482
1.42482
1.42481
1.42481
1.4248
1.42479
1.42479
1.42479
1.42478
1.42478
1.42477
1.42476
1.42474
1.42472
1.42468
1.42462
1.42456
1.42451
1.42447
1.42444
1.42446
1.4245
1.42456
1.42462
1.42469
1.42476
1.42484
1.42491
1.42497
1.425
1.42504
1.42504
1.42503
1.425
1.42496
1.4249
1.42481
1.42471
1.4246
1.42449
1.42439
1.42433
1.42429
1.42429
1.42429
1.42434
1.42439
1.42446
1.42453
1.42458
1.42463
1.42468
1.42472
1.42475
1.42476
1.42479
1.4248
1.42481
1.42481
1.42481
1.4248
1.42478
1.42476
1.42474
1.42471
1.42468
1.42465
1.42463
1.42463
1.42462
1.42463
1.42465
1.42466
1.42467
1.42469
1.42472
1.42473
1.42474
1.42474
1.42474
1.42474
1.42473
1.42472
1.42471
1.4247
1.4247
1.42471
1.42471
1.42471
1.42472
1.42474
1.42475
1.42477
1.42479
1.42479
1.42477
1.42476
1.42474
1.4247
1.42467
1.42465
1.42464
1.42461
1.42458
1.42456
1.42454
1.42451
1.42451
1.42451
1.42455
1.42458
1.42465
1.42475
1.42485
1.42494
1.42501
1.42505
1.42502
1.42492
1.42476
1.42457
1.42438
1.42427
1.42424
1.42427
1.42433
1.42441
1.42451
1.42461
1.42468
1.42473
1.42478
1.42483
1.42486
1.42488
1.42489
1.42489
1.42489
1.42486
1.42484
1.4248
1.42475
1.42471
1.42467
1.42463
1.4246
1.42457
1.42455
1.42455
1.42454
1.42455
1.42456
1.42458
1.42461
1.42464
1.4247
1.42475
1.42478
1.4248
1.42481
1.42479
1.42475
1.42469
1.42462
1.42456
1.42453
1.42453
1.42454
1.42456
1.42458
1.42459
1.42458
1.42455
1.42452
1.42447
1.42444
1.42441
1.42439
1.42439
1.42442
1.42446
1.42451
1.42458
1.42468
1.42479
1.42492
1.42505
1.42517
1.42527
1.42533
1.42533
1.42524
1.42508
1.42487
1.42466
1.42445
1.42431
1.4242
1.42415
1.42414
1.42416
1.42418
1.42423
1.42427
1.42431
1.42433
1.42435
1.42437
1.42439
1.42441
1.42443
1.42446
1.42448
1.42451
1.42451
1.42454
1.42457
1.42461
1.42466
1.42472
1.42479
1.42485
1.42487
1.42486
1.4248
1.42467
1.4245
1.42431
1.42412
1.42399
1.42391
1.42388
1.42391
1.42399
1.42412
1.42427
1.42444
1.42462
1.42482
1.42502
1.4252
1.42536
1.4255
1.42561
1.42571
1.4258
1.42584
1.42571
1.42529
1.42462
1.42393
1.42353
1.4235
1.42375
1.42406
1.42429
1.42436
1.42428
1.4241
1.42395
1.42387
1.42391
1.42402
1.42417
1.42434
1.42449
1.42461
1.4247
1.42476
1.42479
1.42481
1.42482
1.42485
1.42491
1.42499
1.4251
1.42518
1.4252
1.42516
1.42503
1.42485
1.42466
1.4245
1.42439
1.42434
1.42433
1.42433
1.42434
1.42435
1.42436
1.42434
1.42433
1.42434
1.42435
1.42437
1.42444
1.42451
1.42461
1.42476
1.42494
1.42511
1.42525
1.42531
1.42524
1.42505
1.42478
1.42455
1.42442
1.42446
1.42465
1.42493
1.42525
1.42553
1.42564
1.42549
1.42504
1.42444
1.42392
1.42365
1.42368
1.42389
1.42416
1.42441
1.42462
1.42475
1.42481
1.4248
1.42475
1.42469
1.42463
1.42457
1.42454
1.42454
1.42455
1.42459
1.42464
1.42469
1.42474
1.42478
1.4248
1.4248
1.4248
1.42479
1.42477
1.42476
1.42476
1.42476
1.42477
1.42478
1.42479
1.42482
1.42483
1.42484
1.42487
1.42488
1.42489
1.42489
1.42489
1.42491
1.42492
1.42493
1.42494
1.42495
1.42495
1.42496
1.42496
1.42494
1.42492
1.42487
1.42481
1.42476
1.42471
1.42466
1.42463
1.42463
1.42464
1.42467
1.4247
1.42474
1.4248
1.42486
1.42495
1.42504
1.42512
1.4252
1.42525
1.42526
1.42522
1.42509
1.4249
1.42466
1.42444
1.42428
1.4242
1.42419
1.42423
1.4243
1.42436
1.42443
1.42448
1.42452
1.42457
1.42459
1.42461
1.42464
1.42467
1.4247
1.42472
1.42477
1.4248
1.42482
1.42484
1.42486
1.42486
1.42485
1.42484
1.42481
1.42479
1.42476
1.42473
1.4247
1.42467
1.42463
1.4246
1.42457
1.42455
1.42452
1.42449
1.42448
1.42446
1.42447
1.42446
1.42447
1.42448
1.4245
1.42452
1.42454
1.42456
1.42458
1.4246
1.42463
1.42463
1.42463
1.42464
1.42464
1.42463
1.42462
1.42461
1.42461
1.42461
1.4246
1.4246
1.42462
1.42465
1.42467
1.42468
1.42469
1.42469
1.42467
1.42464
1.4246
1.42455
1.42451
1.42447
1.42445
1.42444
1.42445
1.42448
1.4245
1.42455
1.42458
1.42463
1.42467
1.42472
1.42477
1.42482
1.42487
1.42491
1.42495
1.42498
1.42501
1.42503
1.42503
1.42503
1.42502
1.42499
1.42495
1.4249
1.42486
1.42481
1.4248
1.42479
1.42479
1.42479
1.42478
1.42476
1.42471
1.42466
1.4246
1.42455
1.42451
1.4245
1.42449
1.4245
1.42451
1.42452
1.42454
1.42454
1.42455
1.42456
1.42456
1.42456
1.42458
1.42459
1.4246
1.42462
1.42464
1.42466
1.42467
1.4247
1.42473
1.42477
1.42481
1.42486
1.42492
1.42499
1.42507
1.42514
1.42521
1.42525
1.42523
1.4251
1.42488
1.4246
1.42433
1.42412
1.42404
1.42404
1.42412
1.42424
1.42435
1.42445
1.42453
1.42458
1.4246
1.42461
1.4246
1.42459
1.42457
1.42455
1.42452
1.42449
1.42446
1.42441
1.42437
1.42433
1.42429
1.42427
1.42427
1.42428
1.42431
1.42437
1.42446
1.42459
1.42475
1.42497
1.42521
1.4255
1.42578
1.42602
1.42611
1.42599
1.42562
1.42505
1.42444
1.42396
1.42369
1.42367
1.42381
1.42403
1.42426
1.42445
1.4246
1.42468
1.4247
1.42466
1.42459
1.4245
1.42441
1.42433
1.42427
1.42424
1.42423
1.42424
1.42425
1.42428
1.42429
1.42432
1.42433
1.42435
1.42438
1.42442
1.42445
1.42448
1.42451
1.42454
1.42457
1.4246
1.42462
1.42464
1.42466
1.42467
1.42469
1.42472
1.42475
1.42477
1.42478
1.42481
1.42484
1.42487
1.4249
1.42494
1.42497
1.42501
1.42502
1.42502
1.42497
1.4249
1.42479
1.42468
1.42456
1.42445
1.42435
1.42428
1.42425
1.42423
1.42425
1.42427
1.42429
1.42433
1.42436
1.4244
1.42445
1.42451
1.42458
1.42465
1.42475
1.42485
1.42496
1.42504
1.42508
1.42502
1.42487
1.42467
1.42444
1.42424
1.42414
1.42412
1.42417
1.42426
1.42438
1.42449
1.42459
1.42468
1.42477
1.42486
1.42496
1.42504
1.42507
1.42508
1.42502
1.42488
1.42469
1.42449
1.42431
1.42418
1.42411
1.4241
1.42411
1.42414
1.42417
1.42419
1.42422
1.42424
1.42425
1.42427
1.42428
1.42429
1.42431
1.42432
1.42434
1.42436
1.42438
1.42439
1.4244
1.42441
1.42441
1.4244
1.42439
1.42438
1.42437
1.42437
1.42436
1.42437
1.42437
1.42439
1.4244
1.42446
1.4245
1.42456
1.42465
1.42475
1.42484
1.42496
1.42506
1.42515
1.4252
1.42522
1.42521
1.42517
1.42515
1.42515
1.42514
1.42511
1.425
1.42478
1.42445
1.42403
1.42364
1.42337
1.42327
1.42334
1.42356
1.42382
1.42409
1.42434
1.42455
1.4247
1.42479
1.42484
1.42485
1.42482
1.42479
1.42475
1.42472
1.42471
1.42475
1.42483
1.42498
1.42517
1.42538
1.42558
1.42572
1.42576
1.42568
1.42546
1.42517
1.42485
1.42454
1.42427
1.42405
1.4239
1.42383
1.42383
1.42387
1.42396
1.42408
1.4242
1.42432
1.42445
1.42456
1.42466
1.42475
1.42485
1.42497
1.4251
1.42524
1.4254
1.42554
1.42564
1.42564
1.42548
1.42515
1.42472
1.4243
1.424
1.42389
1.42395
1.42408
1.42425
1.42442
1.42456
1.42468
1.42477
1.42485
1.4249
1.42494
1.42498
1.425
1.42501
1.42502
1.42502
1.42501
1.42501
1.42499
1.42498
1.42494
1.4249
1.42485
1.4248
1.42475
1.42471
1.42469
1.42469
1.42472
1.42476
1.42482
1.42488
1.42494
1.42497
1.42496
1.42493
1.42487
1.42478
1.42468
1.4246
1.42454
1.4245
1.42447
1.42448
1.42449
1.42452
1.42454
1.42455
1.42457
1.42457
1.42457
1.42456
1.42455
1.42455
1.42457
1.42457
1.42458
1.42461
1.42465
1.42469
1.42474
1.42479
1.42484
1.42486
1.42487
1.42484
1.4248
1.42474
1.42465
1.42455
1.42446
1.42439
1.42436
1.42437
1.42441
1.42449
1.42459
1.42472
1.42487
1.42502
1.42519
1.42534
1.42545
1.42544
1.42529
1.42498
1.42459
1.42417
1.42385
1.42368
1.42365
1.42372
1.42385
1.424
1.42413
1.42426
1.42436
1.42446
1.42453
1.42461
1.42468
1.42475
1.42482
1.42488
1.42491
1.4249
1.4248
1.42465
1.42446
1.42428
1.42415
1.42411
1.42413
1.42422
1.42433
1.42446
1.42457
1.42468
1.42475
1.4248
1.42483
1.42482
1.42482
1.4248
1.42479
1.4248
1.42482
1.42484
1.42485
1.42482
1.42477
1.42468
1.42458
1.42448
1.4244
1.42436
1.42436
1.42438
1.42443
1.42448
1.42452
1.42457
1.42461
1.42462
1.42463
1.42465
1.42467
1.42468
1.4247
1.42473
1.42478
1.42483
1.42487
1.42488
1.42486
1.42479
1.42469
1.42456
1.42446
1.42442
1.42443
