1.5
1.5
1.50001
1.50002
1.50004
1.50007
1.5001
1.50013
1.50017
1.50021
1.50026
1.50032
1.50038
1.50045
1.50052
1.50059
1.50068
1.50076
1.50086
1.50096
1.50106
1.50117
1.50129
1.50142
1.50155
1.50168
1.50183
1.50197
1.50213
1.50229
1.50246
1.50264
1.50282
1.50301
1.50321
1.50342
1.50363
1.50385
1.50408
1.50432
1.50456
1.50482
1.50508
1.50535
1.50563
1.50592
1.50622
1.50653
1.50685
1.50718
1.50752
1.50788
1.50824
1.50862
1.509
1.50941
1.50982
1.51025
1.51069
1.51115
1.51162
1.51211
1.51261
1.51313
1.51367
1.51423
1.51481
1.51541
1.51602
1.51666
1.51733
1.51801
1.51873
1.51946
1.52023
1.52102
1.52184
1.5227
1.52359
1.52451
1.52547
1.52647
1.5275
1.52858
1.52971
1.53088
1.5321
1.53337
1.5347
1.53608
1.53753
1.53904
1.54062
1.54226
1.54399
1.54579
1.54767
1.54964
1.5517
1.55385
1.55609
1.55844
1.56088
1.56342
1.56606
1.5688
1.57162
1.57452
1.57748
1.58048
1.58349
1.58646
1.58935
1.59206
1.59452
1.59661
1.59819
1.59912
1.59923
1.59838
1.5965
1.59362
1.58991
1.58578
1.58182
1.57877
1.57731
1.57792
1.58076
1.58561
1.59196
1.59913
1.60639
1.61306
1.61861
1.62273
1.6254
1.62694
1.62795
1.62923
1.63158
1.63557
1.6413
1.64842
1.65622
1.66385
1.6706
1.67594
1.67962
1.68162
1.68209
1.68133
1.67973
1.67766
1.67549
1.67342
1.67157
1.66989
1.66833
1.66679
1.66523
1.6636
1.66189
1.6601
1.65832
1.65679
1.6559
1.65608
1.65769
1.66088
1.6656
1.6716
1.6785
1.68592
1.69343
1.70062
1.70709
1.71252
1.71668
1.71945
1.72083
1.72095
1.72005
1.71845
1.71654
1.71471
1.71334
1.71274
1.71308
1.71441
1.71664
1.71958
1.72295
1.72646
1.72985
1.73291
1.73548
1.73752
1.73904
1.74014
1.74096
1.74162
1.74225
1.74288
1.74354
1.74417
1.74472
1.74515
1.74547
1.7457
1.74591
1.74617
1.74654
1.74703
1.74764
1.74833
1.74906
1.7498
1.75053
1.75127
1.75206
1.75295
1.75399
1.75523
1.7567
1.75838
1.76025
1.76225
1.7643
1.76633
1.76823
1.76993
1.77135
1.77241
1.77306
1.77324
1.77293
1.77212
1.77085
1.7692
1.7673
1.76536
1.76361
1.76232
1.76169
1.76182
1.76267
1.76409
1.76579
1.76745
1.76874
1.76939
1.76919
1.76802
1.76588
1.76289
1.75932
1.75561
1.75234
1.75016
1.74968
1.75127
1.75498
1.76048
1.76712
1.77413
1.78068
1.78605
1.78962
1.7909
1.78953
1.7854
1.77883
1.77071
1.76264
1.75667
1.75461
1.75723
1.76387
1.77283
1.78214
1.79017
1.79594
1.79895
1.79909
1.79645
1.79128
1.78398
1.77513
1.76546
1.75587
1.74728
1.74051
1.73617
1.73459
1.73582
1.73963
1.74547
1.7526
1.76018
1.76748
1.77401
1.77951
1.78396
1.78748
1.79021
1.79234
1.794
1.79533
1.7964
1.79729
1.79807
1.7988
1.7995
1.8002
1.80093
1.80169
1.80246
1.80321
1.80393
1.80457
1.80506
1.80533
1.80531
1.80491
1.80401
1.8025
1.80024
1.79709
1.79293
1.78765
1.78123
1.77383
1.76585
1.75803
1.75133
1.74677
1.74503
1.74617
1.74961
1.75435
1.75939
1.76393
1.76755
1.77011
1.77169
1.77248
1.77274
1.77271
1.77262
1.77263
1.77284
1.77324
1.77379
1.77435
1.77476
1.7749
1.77469
1.77416
1.77347
1.77286
1.77261
1.77297
1.77401
1.77567
1.77776
1.78002
1.78222
1.78419
1.78582
1.78709
1.78799
1.78855
1.78878
1.78868
1.78827
1.78756
1.78657
1.78534
1.78392
1.78239
1.78084
1.77937
1.77807
1.77701
1.77625
1.77577
1.77553
1.77545
1.77539
1.77519
1.77466
1.77356
1.77167
1.76873
1.76449
1.75876
1.75142
1.74252
1.73235
1.72153
1.71102
1.70204
1.69579
1.69316
1.6944
1.69911
1.70644
1.71538
1.72506
1.73475
1.74391
1.7521
1.75903
1.76459
1.7688
1.77182
1.77387
1.77519
1.77598
1.77634
1.77632
1.77588
1.77495
1.77341
1.77118
1.7682
1.76445
1.76001
1.75506
1.7499
1.74494
1.74061
1.73727
1.73507
1.73395
1.73367
1.73399
1.73473
1.73585
1.73738
1.73935
1.7417
1.74421
1.74661
1.74858
1.74988
1.75035
1.74991
1.74859
1.74653
1.7439
1.74098
1.7381
1.73559
1.73376
1.73284
1.73293
1.73397
1.73578
1.73814
1.74077
1.74346
1.74604
1.74841
1.75052
1.75236
1.75395
1.75531
1.75648
1.75751
1.75841
1.75922
1.75994
1.7606
1.7612
1.76173
1.76219
1.76259
1.7629
1.76312
1.76325
1.76327
1.76318
1.76298
1.76269
1.76231
1.76188
1.76142
1.76099
1.76061
1.76033
1.76018
1.76015
1.76024
1.7604
1.76057
1.76068
1.76063
1.76037
1.75985
1.75903
1.75794
1.75662
1.75516
1.75367
1.75227
1.7511
1.75031
1.75004
1.75039
1.75148
1.75335
1.75599
1.75927
1.76299
1.76691
1.77071
1.77414
1.77699
1.77915
1.78057
1.78132
1.78148
1.78119
1.78056
1.77973
1.77877
1.77774
1.77669
1.77565
1.77469
1.77386
1.77324
1.77287
1.77278
1.77295
1.77332
1.7738
1.77433
1.77483
1.7753
1.77581
1.77646
1.77738
1.77871
1.78054
1.78287
1.78563
1.78867
1.79181
1.79486
1.79764
1.80003
1.80196
1.80342
1.80442
1.805
1.80525
1.80522
1.80499
1.80459
1.80404
1.8033
1.80226
1.80081
1.79879
1.79613
1.79283
1.78907
1.78524
1.78191
1.77971
1.77912
1.7803
1.78299
1.78663
1.79047
1.79381
1.79608
1.79687
1.79599
1.79342
1.7893
1.78398
1.77794
1.7718
1.76628
1.76208
1.75981
1.75985
1.76231
1.76693
1.77319
1.78039
1.78777
1.79465
1.80048
1.80488
1.80763
1.80864
1.8079
1.8055
1.80162
1.79654
1.79066
1.78445
1.77835
1.77274
1.76775
1.76335
1.75944
1.75601
1.7533
1.75183
1.75223
1.75492
1.75992
1.76671
1.77442
1.78208
1.78889
1.79427
1.7979
1.79968
1.79963
1.79792
1.79481
1.79073
1.78621
1.78184
1.7782
1.77568
1.7744
1.77422
1.77477
1.77561
1.77633
1.77656
1.77607
1.77468
1.77233
1.76905
1.765
1.76048
1.75595
1.75191
1.74881
1.7469
1.74616
1.74635
1.74708
1.748
1.74884
1.74949
1.74992
1.75019
1.75035
1.75046
1.75051
1.75049
1.75035
1.75005
1.74955
1.74884
1.74793
1.74686
1.74572
1.74459
1.7436
1.74286
1.74249
1.74258
1.74318
1.7443
1.74593
1.74799
1.75039
1.75302
1.75577
1.75855
1.76127
1.76388
1.76632
1.76855
1.77054
1.77226
1.77366
1.77466
1.77517
1.77505
1.77414
1.77222
1.76907
1.76444
1.75819
1.75032
1.7412
1.73168
1.7231
1.71703
1.71461
1.71589
1.71967
1.72403
1.72717
1.72801
1.72637
1.72295
1.71909
1.71643
1.71638
1.71956
1.72565
1.73368
1.74252
1.75129
1.75943
1.76665
1.77279
1.77772
1.78132
1.78348
1.78407
1.78299
1.7802
1.77572
1.76977
1.7628
1.75557
1.74903
1.74412
1.74145
1.74111
1.74263
1.74527
1.74824
1.75091
1.7529
1.75407
1.75451
1.75449
1.75437
1.75451
1.75517
1.75645
1.75829
1.7605
1.76286
1.76518
1.76734
1.76931
1.77115
1.77294
1.77479
1.77675
1.77883
1.78095
1.78301
1.78487
1.78638
1.78746
1.78801
1.78802
1.78748
1.78646
1.78505
1.78337
1.78156
1.77978
1.77815
1.77679
1.77575
1.77503
1.77462
1.77448
1.77458
1.77492
1.77552
1.77643
1.77772
1.77943
1.78159
1.78415
1.78702
1.79005
1.79306
1.79584
1.79822
1.80006
1.80127
1.80181
1.80173
1.80116
1.80032
1.79945
1.79884
1.79871
1.79919
1.80028
1.80185
1.80366
1.80544
1.80692
1.8079
1.80826
1.80797
1.80709
1.80574
1.80403
1.80209
1.79997
1.79767
1.79516
1.79242
1.7895
1.78653
1.78374
1.78142
1.77983
1.77918
1.77957
1.78093
1.78311
1.78588
1.78899
1.79222
1.7954
1.7984
1.80114
1.80356
1.8056
1.80724
1.80842
1.80914
1.80937
1.80915
1.80853
1.8076
1.80648
1.80531
1.80424
1.80337
1.80276
1.80241
1.80227
1.80222
1.80217
1.80202
1.80167
1.80109
1.80027
1.7992
1.79793
1.79651
1.79498
1.79339
1.79181
1.7903
1.78892
1.78774
1.78685
1.78634
1.78627
1.78669
1.78761
1.78897
1.7907
1.79266
1.79472
1.79676
1.79864
1.80028
1.80158
1.8025
1.80297
1.80295
1.80239
1.80123
1.79942
1.79694
1.79382
1.79017
1.78626
1.78249
1.77941
1.77754
1.77726
1.77865
1.78144
1.78509
1.78898
1.79256
1.79542
1.7973
1.79808
1.79774
1.79631
1.7939
1.79073
1.78713
1.78361
1.78076
1.7792
1.77938
1.78142
1.78509
1.78991
1.79526
1.8006
1.8055
1.80969
1.81302
1.81542
1.81686
1.81738
1.81702
1.81589
1.81413
1.81192
1.80948
1.80708
1.80493
1.8032
1.80201
1.80132
1.80103
1.80098
1.80099
1.80094
1.80075
1.80047
1.8002
1.80011
1.80038
1.80116
1.80252
1.80444
1.80677
1.80927
1.81168
1.81372
1.81517
1.81583
1.81554
1.81417
1.81163
1.80787
1.80296
1.79721
1.79125
1.78605
1.78271
1.78211
1.78446
1.78923
1.79539
1.80181
1.80766
1.81247
1.81609
1.81861
1.82019
1.82105
1.82137
1.82132
1.82105
1.82066
1.82021
1.81973
1.81923
1.81867
1.81801
1.8172
1.81623
1.81513
1.81404
1.81317
1.81284
1.81337
1.81502
1.81785
1.82174
1.82639
1.83138
1.8363
1.84081
1.84467
1.84774
1.84995
1.85126
1.85166
1.85117
1.8498
1.84757
1.84452
1.84073
1.83629
1.83139
1.82624
1.8
1.8
1.80001
1.80003
1.80005
1.80008
1.80011
1.80016
1.8002
1.80026
1.80032
1.80038
1.80046
1.80054
1.80062
1.80071
1.80081
1.80092
1.80103
1.80115
1.80128
1.80142
1.80156
1.80171
1.80187
1.80203
1.80221
1.80239
1.80258
1.80278
1.80299
1.8032
1.80343
1.80366
1.80391
1.80416
1.80442
1.8047
1.80498
1.80527
1.80558
1.80589
1.80622
1.80656
1.80691
1.80728
1.80766
1.80805
1.80845
1.80887
1.80931
1.80976
1.81022
1.81071
1.81121
1.81173
1.81227
1.81283
1.81341
1.81401
1.81463
1.81528
1.81595
1.81665
1.81737
1.81813
1.81891
1.81973
1.82057
1.82146
1.82238
1.82333
1.82433
1.82537
1.82646
1.82759
1.82877
1.83001
1.8313
1.83265
1.83407
1.83555
1.8371
1.83873
1.84043
1.84222
1.84409
1.84605
1.84811
1.85028
1.85254
1.85492
1.8574
1.86
1.86272
1.86555
1.86849
1.87153
1.87466
1.87787
1.8
1.8
1.80001
1.80003
1.80005
1.80008
1.80011
1.80016
1.8002
1.80026
1.80032
1.80038
1.80046
1.80054
1.80062
1.80071
1.80081
1.80092
1.80103
1.80115
1.80128
1.80142
1.80156
1.80171
1.80187
1.80203
1.80221
1.80239
1.80258
1.80278
1.80299
1.8032
1.80343
1.80366
1.80391
1.80416
1.80442
1.8047
1.80498
1.80527
1.80558
1.80589
1.80622
1.80656
1.80691
1.80728
1.80766
1.80805
1.80845
1.80887
1.80931
1.80976
1.81022
1.81071
1.81121
1.81173
1.81227
1.81283
1.81341
1.81401
1.81463
1.81528
1.81595
1.81665
1.81737
1.81813
1.81891
1.81973
1.82057
1.82146
1.82238
1.82333
1.82433
1.82537
1.82646
1.82759
1.82877
1.83001
1.8313
1.83265
1.83407
1.83555
1.8371
1.83873
1.84043
1.84222
1.84409
1.84605
1.84811
1.85028
1.85254
1.85492
1.8574
1.86
1.86272
1.86555
1.86849
1.87153
1.87466
1.87787
1.5
1.5
1.50001
1.50002
1.50004
1.50007
1.5001
1.50013
1.50017
1.50021
1.50026
1.50032
1.50038
1.50045
1.50052
1.50059
1.50068
1.50076
1.50086
1.50096
1.50106
1.50117
1.50129
1.50142
1.50155
1.50168
1.50183
1.50197
1.50213
1.50229
1.50246
1.50264
1.50282
1.50301
1.50321
1.50342
1.50363
1.50385
1.50408
1.50432
1.50456
1.50482
1.50508
1.50535
1.50563
1.50592
1.50622
1.50653
1.50685
1.50718
1.50752
1.50788
1.50824
1.50862
1.509
1.50941
1.50982
1.51025
1.51069
1.51115
1.51162
1.51211
1.51261
1.51313
1.51367
1.51423
1.51481
1.51541
1.51602
1.51666
1.51733
1.51801
1.51873
1.51946
1.52023
1.52102
1.52184
1.5227
1.52359
1.52451
1.52547
1.52647
1.5275
1.52858
1.52971
1.53088
1.5321
1.53337
1.5347
1.53608
1.53753
1.53904
1.54062
1.54226
1.54399
1.54579
1.54767
1.54964
1.5517
1.55385
1.55609
1.55844
1.56088
1.56342
1.56606
1.5688
1.57162
1.57452
1.57748
1.58048
1.58349
1.58646
1.58935
1.59206
1.59452
1.59661
1.59819
1.59912
1.59923
1.59838
1.5965
1.59362
1.58991
1.58578
1.58182
1.57877
1.57731
1.57792
1.58076
1.58561
1.59196
1.59913
1.60639
1.61306
1.61861
1.62273
1.6254
1.62694
1.62795
1.62923
1.63158
1.63557
1.6413
1.64842
1.65622
1.66385
1.6706
1.67594
1.67962
1.68162
1.68209
1.68133
1.67973
1.67766
1.67549
1.67342
1.67157
1.66989
1.66833
1.66679
1.66523
1.6636
1.66189
1.6601
1.65832
1.65679
1.6559
1.65608
1.65769
1.66088
1.6656
1.6716
1.6785
1.68592
1.69343
1.70062
1.70709
1.71252
1.71668
1.71945
1.72083
1.72095
1.72005
1.71845
1.71654
1.71471
1.71334
1.71274
1.71308
1.71441
1.71664
1.71958
1.72295
1.72646
1.72985
1.73291
1.73548
1.73752
1.73904
1.74014
1.74096
1.74162
1.74225
1.74288
1.74354
1.74417
1.74472
1.74515
1.74547
1.7457
1.74591
1.74617
1.74654
1.74703
1.74764
1.74833
1.74906
1.7498
1.75053
1.75127
1.75206
1.75295
1.75399
1.75523
1.7567
1.75838
1.76025
1.76225
1.7643
1.76633
1.76823
1.76993
1.77135
1.77241
1.77306
1.77324
1.77293
1.77212
1.77085
1.7692
1.7673
1.76536
1.76361
1.76232
1.76169
1.76182
1.76267
1.76409
1.76579
1.76745
1.76874
1.76939
1.76919
1.76802
1.76588
1.76289
1.75932
1.75561
1.75234
1.75016
1.74968
1.75127
1.75498
1.76048
1.76712
1.77413
1.78068
1.78605
1.78962
1.7909
1.78953
1.7854
1.77883
1.77071
1.76264
1.75667
1.75461
1.75723
1.76387
1.77283
1.78214
1.79017
1.79594
1.79895
1.79909
1.79645
1.79128
1.78398
1.77513
1.76546
1.75587
1.74728
1.74051
1.73617
1.73459
1.73582
1.73963
1.74547
1.7526
1.76018
1.76748
1.77401
1.77951
1.78396
1.78748
1.79021
1.79234
1.794
1.79533
1.7964
1.79729
1.79807
1.7988
1.7995
1.8002
1.80093
1.80169
1.80246
1.80321
1.80393
1.80457
1.80506
1.80533
1.80531
1.80491
1.80401
1.8025
1.80024
1.79709
1.79293
1.78765
1.78123
1.77383
1.76585
1.75803
1.75133
1.74677
1.74503
1.74617
1.74961
1.75435
1.75939
1.76393
1.76755
1.77011
1.77169
1.77248
1.77274
1.77271
1.77262
1.77263
1.77284
1.77324
1.77379
1.77435
1.77476
1.7749
1.77469
1.77416
1.77347
1.77286
1.77261
1.77297
1.77401
1.77567
1.77776
1.78002
1.78222
1.78419
1.78582
1.78709
1.78799
1.78855
1.78878
1.78868
1.78827
1.78756
1.78657
1.78534
1.78392
1.78239
1.78084
1.77937
1.77807
1.77701
1.77625
1.77577
1.77553
1.77545
1.77539
1.77519
1.77466
1.77356
1.77167
1.76873
1.76449
1.75876
1.75142
1.74252
1.73235
1.72153
1.71102
1.70204
1.69579
1.69316
1.6944
1.69911
1.70644
1.71538
1.72506
1.73475
1.74391
1.7521
1.75903
1.76459
1.7688
1.77182
1.77387
1.77519
1.77598
1.77634
1.77632
1.77588
1.77495
1.77341
1.77118
1.7682
1.76445
1.76001
1.75506
1.7499
1.74494
1.74061
1.73727
1.73507
1.73395
1.73367
1.73399
1.73473
1.73585
1.73738
1.73935
1.7417
1.74421
1.74661
1.74858
1.74988
1.75035
1.74991
1.74859
1.74653
1.7439
1.74098
1.7381
1.73559
1.73376
1.73284
1.73293
1.73397
1.73578
1.73814
1.74077
1.74346
1.74604
1.74841
1.75052
1.75236
1.75395
1.75531
1.75648
1.75751
1.75841
1.75922
1.75994
1.7606
1.7612
1.76173
1.76219
1.76259
1.7629
1.76312
1.76325
1.76327
1.76318
1.76298
1.76269
1.76231
1.76188
1.76142
1.76099
1.76061
1.76033
1.76018
1.76015
1.76024
1.7604
1.76057
1.76068
1.76063
1.76037
1.75985
1.75903
1.75794
1.75662
1.75516
1.75367
1.75227
1.7511
1.75031
1.75004
1.75039
1.75148
1.75335
1.75599
1.75927
1.76299
1.76691
1.77071
1.77414
1.77699
1.77915
1.78057
1.78132
1.78148
1.78119
1.78056
1.77973
1.77877
1.77774
1.77669
1.77565
1.77469
1.77386
1.77324
1.77287
1.77278
1.77295
1.77332
1.7738
1.77433
1.77483
1.7753
1.77581
1.77646
1.77738
1.77871
1.78054
1.78287
1.78563
1.78867
1.79181
1.79486
1.79764
1.80003
1.80196
1.80342
1.80442
1.805
1.80525
1.80522
1.80499
1.80459
1.80404
1.8033
1.80226
1.80081
1.79879
1.79613
1.79283
1.78907
1.78524
1.78191
1.77971
1.77912
1.7803
1.78299
1.78663
1.79047
1.79381
1.79608
1.79687
1.79599
1.79342
1.7893
1.78398
1.77794
1.7718
1.76628
1.76208
1.75981
1.75985
1.76231
1.76693
1.77319
1.78039
1.78777
1.79465
1.80048
1.80488
1.80763
1.80864
1.8079
1.8055
1.80162
1.79654
1.79066
1.78445
1.77835
1.77274
1.76775
1.76335
1.75944
1.75601
1.7533
1.75183
1.75223
1.75492
1.75992
1.76671
1.77442
1.78208
1.78889
1.79427
1.7979
1.79968
1.79963
1.79792
1.79481
1.79073
1.78621
1.78184
1.7782
1.77568
1.7744
1.77422
1.77477
1.77561
1.77633
1.77656
1.77607
1.77468
1.77233
1.76905
1.765
1.76048
1.75595
1.75191
1.74881
1.7469
1.74616
1.74635
1.74708
1.748
1.74884
1.74949
1.74992
1.75019
1.75035
1.75046
1.75051
1.75049
1.75035
1.75005
1.74955
1.74884
1.74793
1.74686
1.74572
1.74459
1.7436
1.74286
1.74249
1.74258
1.74318
1.7443
1.74593
1.74799
1.75039
1.75302
1.75577
1.75855
1.76127
1.76388
1.76632
1.76855
1.77054
1.77226
1.77366
1.77466
1.77517
1.77505
1.77414
1.77222
1.76907
1.76444
1.75819
1.75032
1.7412
1.73168
1.7231
1.71703
1.71461
1.71589
1.71967
1.72403
1.72717
1.72801
1.72637
1.72295
1.71909
1.71643
1.71638
1.71956
1.72565
1.73368
1.74252
1.75129
1.75943
1.76665
1.77279
1.77772
1.78132
1.78348
1.78407
1.78299
1.7802
1.77572
1.76977
1.7628
1.75557
1.74903
1.74412
1.74145
1.74111
1.74263
1.74527
1.74824
1.75091
1.7529
1.75407
1.75451
1.75449
1.75437
1.75451
1.75517
1.75645
1.75829
1.7605
1.76286
1.76518
1.76734
1.76931
1.77115
1.77294
1.77479
1.77675
1.77883
1.78095
1.78301
1.78487
1.78638
1.78746
1.78801
1.78802
1.78748
1.78646
1.78505
1.78337
1.78156
1.77978
1.77815
1.77679
1.77575
1.77503
1.77462
1.77448
1.77458
1.77492
1.77552
1.77643
1.77772
1.77943
1.78159
1.78415
1.78702
1.79005
1.79306
1.79584
1.79822
1.80006
1.80127
1.80181
1.80173
1.80116
1.80032
1.79945
1.79884
1.79871
1.79919
1.80028
1.80185
1.80366
1.80544
1.80692
1.8079
1.80826
1.80797
1.80709
1.80574
1.80403
1.80209
1.79997
1.79767
1.79516
1.79242
1.7895
1.78653
1.78374
1.78142
1.77983
1.77918
1.77957
1.78093
1.78311
1.78588
1.78899
1.79222
1.7954
1.7984
1.80114
1.80356
1.8056
1.80724
1.80842
1.80914
1.80937
1.80915
1.80853
1.8076
1.80648
1.80531
1.80424
1.80337
1.80276
1.80241
1.80227
1.80222
1.80217
1.80202
1.80167
1.80109
1.80027
1.7992
1.79793
1.79651
1.79498
1.79339
1.79181
1.7903
1.78892
1.78774
1.78685
1.78634
1.78627
1.78669
1.78761
1.78897
1.7907
1.79266
1.79472
1.79676
1.79864
1.80028
1.80158
1.8025
1.80297
1.80295
1.80239
1.80123
1.79942
1.79694
1.79382
1.79017
1.78626
1.78249
1.77941
1.77754
1.77726
1.77865
1.78144
1.78509
1.78898
1.79256
1.79542
1.7973
1.79808
1.79774
1.79631
1.7939
1.79073
1.78713
1.78361
1.78076
1.7792
1.77938
1.78142
1.78509
1.78991
1.79526
1.8006
1.8055
1.80969
1.81302
1.81542
1.81686
1.81738
1.81702
1.81589
1.81413
1.81192
1.80948
1.80708
1.80493
1.8032
1.80201
1.80132
1.80103
1.80098
1.80099
1.80094
1.80075
1.80047
1.8002
1.80011
1.80038
1.80116
1.80252
1.80444
1.80677
1.80927
1.81168
1.81372
1.81517
1.81583
1.81554
1.81417
1.81163
1.80787
1.80296
1.79721
1.79125
1.78605
1.78271
1.78211
1.78446
1.78923
1.79539
1.80181
1.80766
1.81247
1.81609
1.81861
1.82019
1.82105
1.82137
1.82132
1.82105
1.82066
1.82021
1.81973
1.81923
1.81867
1.81801
1.8172
1.81623
1.81513
1.81404
1.81317
1.81284
1.81337
1.81502
1.81785
1.82174
1.82639
1.83138
1.8363
1.84081
1.84467
1.84774
1.84995
1.85126
1.85166
1.85117
1.8498
1.84757
1.84452
1.84073
1.83629
1.83139
1.82624
1.79975
1.79515
1.79136
1.78874
1.78757
1.78803
1.79012
1.79369
1.79847
1.80406
1.81006
1.81605
1.82167
1.82664
1.83076
1.83394
1.83616
1.83747
1.83802
1.83801
1.83767
1.83728
1.83711
1.83738
1.83825
1.83978
1.84196
1.8447
1.84789
1.85143
1.85523
1.85915
1.86301
1.86652
1.86938
1.87127
1.87198
1.8714
1.8696
1.86686
1.86361
1.86039
1.85766
1.85564
1.85419
1.85282
1.85088
1.84772
1.84287
1.83623
1.82812
1.81943
1.81161
1.80639
1.8052
1.80851
1.81554
1.82459
1.83375
1.84157
1.84727
1.85073
1.85223
1.85227
1.85135
1.84992
1.84838
1.84702
1.84605
1.84556
1.84557
1.84599
1.8467
1.84759
1.84853
1.84949
1.85044
1.85139
1.85241
1.85353
1.85481
1.85628
1.85795
1.8598
1.86177
1.8638
1.86581
1.86771
1.86944
1.87095
1.87221
1.87319
1.8739
1.87436
1.87459
1.87462
1.87449
1.87423
1.87389
1.87351
1.79998
1.79969
1.79949
1.7994
1.79944
1.79961
1.79989
1.80023
1.80053
1.80065
1.80041
1.79954
1.79772
1.79457
1.78973
1.78296
1.77431
1.76444
1.75467
1.74683
1.74258
1.74256
1.74617
1.75199
1.75858
1.76494
1.77063
1.7756
1.78
1.78406
1.788
1.79187
1.79557
1.79883
1.80125
1.8025
1.80234
1.80081
1.79831
1.79554
1.79338
1.79253
1.79313
1.79457
1.79561
1.79477
1.79071
1.78272
1.77122
1.75823
1.74731
1.74207
1.74403
1.75164
1.7616
1.77103
1.77847
1.78374
1.78729
1.78979
1.79182
1.79378
1.79592
1.79832
1.80095
1.8037
1.8064
1.80891
1.81107
1.81274
1.81381
1.81417
1.81373
1.81242
1.81014
1.80684
1.80245
1.79701
1.79062
1.78354
1.77621
1.76927
1.76345
1.7594
1.75754
1.7579
1.76015
1.76368
1.76786
1.77217
1.7763
1.7801
1.78359
1.78683
1.78989
1.79276
1.79533
1.79739
1.79862
1.79869
1.79988
1.79664
1.79145
1.78454
1.77663
1.76905
1.76344
1.76123
1.76286
1.76763
1.77411
1.78082
1.78672
1.79128
1.79438
1.79606
1.79643
1.79558
1.79357
1.79045
1.78633
1.78142
1.77607
1.77075
1.76601
1.76235
1.76006
1.75923
1.75966
1.76098
1.76268
1.76418
1.76493
1.76449
1.76265
1.75948
1.75536
1.75092
1.74693
1.74402
1.74257
1.74261
1.74388
1.74603
1.7487
1.75163
1.75464
1.7576
1.7604
1.76294
1.76514
1.76696
1.7684
1.76949
1.77029
1.77087
1.77128
1.77157
1.77176
1.77187
1.77189
1.77184
1.7717
1.7715
1.77124
1.77092
1.77054
1.77004
1.76936
1.76842
1.76713
1.76543
1.76328
1.76071
1.75783
1.75481
1.75188
1.74933
1.74742
1.74636
1.74623
1.74696
1.74838
1.7502
1.75211
1.75386
1.7553
1.75637
1.7571
1.75753
1.75767
1.75742
1.7566
1.75511
1.75309
1.7511
1.75005
1.75091
1.75417
1.75955
1.80034
1.80692
1.81248
1.81648
1.81875
1.81942
1.81873
1.81691
1.81417
1.81063
1.80632
1.80121
1.79524
1.78839
1.78073
1.77247
1.76397
1.75574
1.74851
1.74322
1.74094
1.74251
1.74811
1.75708
1.76805
1.77951
1.79026
1.79956
1.80714
1.81303
1.81741
1.8205
1.82255
1.82376
1.82428
1.82425
1.82375
1.82286
1.82158
1.81994
1.81787
1.81528
1.81203
1.80793
1.80279
1.79651
1.78918
1.78123
1.7735
1.76712
1.76307
1.76178
1.76289
1.76553
1.76872
1.77183
1.77456
1.77685
1.77867
1.77989
1.78028
1.77964
1.77787
1.77506
1.77156
1.76785
1.76447
1.76191
1.76052
1.7605
1.7619
1.76464
1.76854
1.77327
1.77842
1.78355
1.78824
1.79215
1.79496
1.79646
1.79647
1.79483
1.79144
1.78629
1.77949
1.7714
1.76268
1.75433
1.7475
1.74325
1.74213
1.74399
1.74804
1.75318
1.75833
1.76264
1.76562
1.76708
1.76715
1.76619
1.79992
1.79847
1.79748
1.79716
1.79746
1.79809
1.79873
1.7991
1.79909
1.79875
1.79827
1.79788
1.79781
1.79813
1.79882
1.79971
1.80057
1.80116
1.80132
1.80094
1.80001
1.7986
1.79682
1.79482
1.79274
1.7907
1.78881
1.78712
1.78568
1.7845
1.78361
1.78305
1.78283
1.78296
1.78338
1.78398
1.78461
1.78509
1.7853
1.78521
1.78491
1.78462
1.78464
1.78525
1.78662
1.7888
1.79166
1.79495
1.79841
1.80177
1.80484
1.80749
1.80963
1.81124
1.81231
1.81283
1.81281
1.81228
1.81125
1.80975
1.80783
1.80556
1.80302
1.80032
1.79757
1.79487
1.79228
1.78982
1.78745
1.78511
1.78272
1.78027
1.77775
1.77525
1.77289
1.77083
1.76923
1.76826
1.76803
1.76863
1.77007
1.77233
1.77531
1.77886
1.78283
1.78708
1.79145
1.79585
1.80018
1.80433
1.80821
1.81172
1.81475
1.81722
1.81907
1.8203
1.82094
1.82106
1.82082
1.82039
1.79998
1.79972
1.79978
1.80024
1.8011
1.8023
1.80372
1.80523
1.8067
1.80803
1.80913
1.80996
1.81051
1.81077
1.81077
1.81053
1.81007
1.80943
1.80862
1.80769
1.80664
1.8055
1.80427
1.80296
1.80156
1.80005
1.79839
1.79653
1.79443
1.79206
1.78943
1.7866
1.78377
1.78122
1.77935
1.77858
1.77925
1.78151
1.78521
1.78998
1.79529
1.80061
1.80547
1.80958
1.81279
1.81505
1.81642
1.81702
1.81697
1.81642
1.81549
1.81432
1.81302
1.81167
1.81034
1.80907
1.80785
1.80669
1.80557
1.80448
1.80345
1.80249
1.8016
1.80076
1.8
1.79935
1.7989
1.79878
1.79915
1.80009
1.8016
1.80356
1.80577
1.80796
1.80989
1.81134
1.81217
1.81229
1.81168
1.81036
1.80839
1.80586
1.80289
1.79961
1.79617
1.79274
1.7895
1.78663
1.78432
1.78278
1.78218
1.78267
1.78429
1.78698
1.79053
1.79467
1.79906
1.80337
1.80734
1.81077
1.81358
1.81571
1.8172
1.81809
1.81848
1.81844
1.81806
1.8174
1.81655
1.81556
1.81448
1.81337
1.81228
1.81127
1.8104
1.80973
1.8093
1.80915
1.8093
1.80972
1.81039
1.81121
1.81213
1.81305
1.81391
1.81464
1.81522
1.81561
1.81584
1.81592
1.8159
1.8158
1.81569
1.81561
1.81558
1.81564
1.81577
1.81599
1.81624
1.8165
1.81672
1.81684
1.81682
1.81661
1.81621
1.81562
1.81487
1.81402
1.81318
1.81243
1.81189
1.8116
1.81161
1.81192
1.81249
1.81328
1.81428
1.81546
1.81682
1.81831
1.8199
1.82146
1.82285
1.82387
1.82432
1.824
1.82275
1.82052
1.81739
1.81366
1.80986
1.80668
1.80483
1.8048
1.8066
1.80986
1.81388
1.81795
1.82152
1.82426
1.82602
1.82682
1.82676
1.82597
1.82459
1.82273
1.82052
1.81808
1.81551
1.81292
1.81042
1.80813
1.80613
1.80452
1.80336
1.80266
1.80242
1.8026
1.80315
1.80398
1.80503
1.80622
1.80747
1.80873
1.8099
1.8109
1.81162
1.81196
1.81185
1.81122
1.81009
1.80855
1.80679
1.80506
1.80364
1.80279
1.80261
1.80309
1.80406
1.80526
1.80647
1.80752
1.80837
1.8091
1.80983
1.81073
1.81195
1.81356
1.81557
1.81788
1.82035
1.82282
1.82511
1.82704
1.82843
1.82914
1.829
1.82786
1.82556
1.82199
1.81712
1.81106
1.80413
1.79685
1.78997
1.78427
1.78038
1.77862
1.77898
1.78113
1.7846
1.7889
1.79358
1.79826
1.80269
1.80672
1.81031
1.81347
1.8163
1.81886
1.82122
1.8234
1.8254
1.82718
1.82872
1.82999
1.831
1.83173
1.83219
1.83234
1.8321
1.83139
1.83007
1.82808
1.82544
1.82232
1.81907
1.81621
1.8143
1.81388
1.8153
1.81859
1.82352
1.82963
1.83633
1.843
1.84912
1.85424
1.85804
1.86026
1.86071
1.85928
1.85591
1.85066
1.84372
1.83534
1.82577
1.81516
1.80357
1.79125
1.77927
1.7699
1.76604
1.76925
1.77829
1.78968
1.79998
1.80737
1.81191
1.81488
1.81794
1.82235
1.82848
1.83585
1.84349
1.85046
1.85612
1.86019
1.86267
1.86377
1.86379
1.86305
1.86186
1.86044
1.85885
1.85702
1.85473
1.85173
1.84781
1.84299
1.83754
1.83207
1.82737
1.82415
1.8228
1.82325
1.82508
1.82772
1.83068
1.83367
1.83659
1.83943
1.84226
1.84512
1.84803
1.85096
1.85384
1.85654
1.85885
1.86053
1.86128
1.86076
1.85868
1.85487
1.84946
1.843
1.83651
1.83127
1.82833
1.82798
1.8295
1.83149
1.83241
1.83101
1.82656
1.81903
1.80936
1.79962
1.79275
1.79123
1.79561
1.80412
1.81392
1.82255
1.82873
1.83224
1.83344
1.83299
1.8316
1.82992
1.82846
1.82758
1.82742
1.82791
1.82887
1.83004
1.83115
1.832
1.83244
1.83242
1.83193
1.83105
1.82988
1.82855
1.82718
1.8259
1.82476
1.82378
1.82292
1.82213
1.82134
1.82049
1.81953
1.81844
1.8172
1.8158
1.81425
1.81257
1.81077
1.80886
1.80685
1.80473
1.80249
1.80013
1.79765
1.79505
1.79236
1.78962
1.78691
1.78434
1.78203
1.78012
1.77871
1.77787
1.77758
1.77777
1.77828
1.77896
1.77959
1.78003
1.78011
1.77972
1.77879
1.77721
1.77491
1.77183
1.7679
1.76313
1.75764
1.75174
1.74594
1.74098
1.73765
1.73652
1.73772
1.74088
1.74531
1.75021
1.75496
1.75916
1.76266
1.76544
1.76761
1.76927
1.77055
1.77151
1.77221
1.77268
1.7729
1.77286
1.77254
1.77191
1.77098
1.76974
1.76825
1.76655
1.76473
1.76287
1.76109
1.75945
1.75803
1.75689
1.75606
1.75556
1.75538
1.75554
1.75602
1.75681
1.75788
1.7592
1.76075
1.76248
1.76434
1.76629
1.76828
1.77025
1.77214
1.7739
1.77549
1.77687
1.77803
1.77898
1.77971
1.78027
1.78068
1.78098
1.78124
1.78148
1.78175
1.7821
1.78252
1.78301
1.78354
1.78405
1.78447
1.78475
1.78482
1.78467
1.78433
1.78386
1.78337
1.783
1.78286
1.7831
1.78377
1.7849
1.78644
1.78829
1.79033
1.7924
1.79436
1.7961
1.79752
1.79857
1.79918
1.79935
1.79905
1.7983
1.79708
1.79541
1.79331
1.79081
1.78793
1.78474
1.78131
1.77774
1.77415
1.77069
1.76747
1.76464
1.76226
1.76033
1.75881
1.75758
1.75648
1.75541
1.75429
1.75317
1.75216
1.75145
1.75121
1.75157
1.75253
1.754
1.75583
1.75785
1.7599
1.76188
1.76375
1.76549
1.7671
1.7686
1.77
1.77132
1.77254
1.77365
1.77465
1.77552
1.77624
1.77679
1.77716
1.77732
1.77724
1.77689
1.77622
1.77516
1.77366
1.77161
1.76891
1.76548
1.76123
1.75621
1.75062
1.74495
1.73999
1.73669
1.73588
1.73789
1.74236
1.74837
1.75483
1.76083
1.76584
1.76963
1.77229
1.77401
1.77505
1.77568
1.77612
1.77654
1.77705
1.77771
1.77856
1.77962
1.78095
1.78259
1.78462
1.78707
1.78994
1.79319
1.79674
1.80042
1.80406
1.80746
1.81038
1.81255
1.81367
1.81337
1.81123
1.80679
1.79964
1.78956
1.77678
1.76221
1.74761
1.73536
1.72777
1.72615
1.73018
1.73809
1.74751
1.75636
1.76334
1.76797
1.77036
1.77094
1.77033
1.76917
1.76805
1.76742
1.76757
1.76862
1.77051
1.77307
1.77606
1.77924
1.78244
1.78551
1.78839
1.79106
1.79351
1.79577
1.79782
1.79966
1.80128
1.80266
1.80379
1.80465
1.80525
1.8056
1.80571
1.80558
1.80524
1.80469
1.80394
1.80299
1.80185
1.80051
1.79895
1.79715
1.79509
1.79273
1.79004
1.78699
1.78356
1.77977
1.77567
1.77137
1.76706
1.76298
1.75939
1.75661
1.75485
1.75426
1.75485
1.75648
1.75893
1.7619
1.76513
1.76837
1.77147
1.77431
1.77683
1.77899
1.78077
1.78212
1.78298
1.78324
1.78277
1.78142
1.77906
1.77563
1.77122
1.76619
1.76117
1.75704
1.75464
1.75448
1.75647
1.76001
1.76422
1.7683
1.77167
1.77406
1.77539
1.77569
1.77501
1.77339
1.77085
1.76741
1.76315
1.75827
1.75314
1.7483
1.74444
1.74216
1.74186
1.74353
1.74681
1.75115
1.75596
1.7608
1.76542
1.76971
1.77369
1.77743
1.78101
1.78447
1.78783
1.79109
1.7942
1.79714
1.79988
1.80239
1.8047
1.80682
1.8088
1.81069
1.81253
1.81439
1.81629
1.81828
1.82037
1.82256
1.82485
1.82721
1.82959
1.83196
1.83422
1.8363
1.83808
1.83945
1.84025
1.84033
1.83956
1.83779
1.83497
1.8311
1.82631
1.82086
1.81508
1.80929
1.80373
1.79844
1.79331
1.78827
1.7834
1.77921
1.77663
1.77683
1.78085
1.78899
1.80056
1.81407
1.82773
1.84003
1.85001
1.85726
1.86187
1.86417
1.86465
1.86388
1.86239
1.86066
1.85908
1.85789
1.8572
1.85696
1.85695
1.85684
1.85616
1.85437
1.85093
1.84545
1.83782
1.82837
1.8179
1.80759
1.79877
1.79247
1.78928
1.78928
1.79223
1.79766
1.80494
1.81338
1.82226
1.83094
1.83894
1.84592
1.85174
1.85632
1.85971
1.86197
1.86316
1.86331
1.86243
1.86046
1.8573
1.85281
1.84684
1.83934
1.83053
1.8211
1.81232
1.80589
1.80329
1.80507
1.81049
1.81794
1.82571
1.83256
1.83788
1.84151
1.84359
1.84435
1.84404
1.84289
1.84108
1.83878
1.83614
1.83326
1.83024
1.82716
1.82407
1.821
1.818
1.81508
1.81232
1.80979
1.80759
1.80581
1.80454
1.80379
1.80348
1.80348
1.80358
1.80354
1.80317
1.80229
1.80083
1.79883
1.79643
1.79389
1.79152
1.78965
1.78856
1.7884
1.78914
1.79065
1.7927
1.79503
1.79742
1.7997
1.80178
1.80362
1.80522
1.80665
1.80797
1.80923
1.81051
1.81183
1.81319
1.81455
1.81586
1.81704
1.81798
1.8186
1.81882
1.81857
1.81784
1.81664
1.81505
1.81323
1.8114
1.80982
1.8088
1.80859
1.80933
1.81102
1.8135
1.81646
1.81956
1.82243
1.82471
1.82612
1.82639
1.82529
1.82264
1.81831
1.81234
1.80507
1.79725
1.79011
1.78518
1.78377
1.78648
1.79288
1.80177
1.81169
1.8214
1.83011
1.83744
1.8433
1.8478
1.85109
1.85336
1.85478
1.85546
1.85545
1.85476
1.85339
1.85137
1.84889
1.84632
1.84427
1.84343
1.84435
1.8472
1.85168
1.85708
1.86259
1.86752
1.87141
1.87406
1.87546
1.87573
1.8751
1.87383
1.87223
1.87055
1.86899
1.86761
1.86636
1.86513
1.86376
1.86218
1.86045
1.85876
1.85741
1.85672
1.85696
1.85823
1.86042
1.86324
1.86633
1.8693
1.87188
1.87391
1.87538
1.87636
1.87695
1.87729
1.87749
1.87759
1.87763
1.87757
1.87733
1.87679
1.87584
1.8744
1.87247
1.87022
1.86799
1.86622
1.86538
1.86574
1.86723
1.86943
1.87172
