1
1
1.00001
1.00002
1.00003
1.00004
1.00006
1.00009
1.00011
1.00014
1.00018
1.00021
1.00025
1.0003
1.00034
1.0004
1.00045
1.00051
1.00057
1.00064
1.00071
1.00078
1.00086
1.00094
1.00103
1.00112
1.00122
1.00132
1.00142
1.00153
1.00164
1.00176
1.00188
1.00201
1.00214
1.00228
1.00242
1.00257
1.00272
1.00288
1.00304
1.00321
1.00339
1.00357
1.00375
1.00395
1.00415
1.00435
1.00457
1.00479
1.00502
1.00525
1.00549
1.00574
1.006
1.00627
1.00655
1.00683
1.00713
1.00743
1.00775
1.00807
1.00841
1.00876
1.00912
1.00949
1.00987
1.01027
1.01068
1.01111
1.01155
1.01201
1.01248
1.01298
1.01349
1.01401
1.01456
1.01513
1.01572
1.01634
1.01698
1.01764
1.01834
1.01905
1.0198
1.02058
1.0214
1.02225
1.02313
1.02405
1.02502
1.02603
1.02708
1.02818
1.02932
1.03053
1.03178
1.03309
1.03447
1.0359
1.0374
1.03896
1.04059
1.04228
1.04404
1.04586
1.04775
1.04968
1.05165
1.05365
1.05566
1.05764
1.05956
1.06138
1.06302
1.06441
1.06546
1.06608
1.06615
1.06559
1.06434
1.06241
1.05994
1.05719
1.05455
1.05251
1.05154
1.05195
1.05384
1.05707
1.06131
1.06609
1.07093
1.07537
1.07907
1.08182
1.0836
1.08463
1.0853
1.08615
1.08772
1.09038
1.0942
1.09895
1.10414
1.10923
1.11373
1.11729
1.11975
1.12108
1.12139
1.12089
1.11982
1.11844
1.11699
1.11562
1.11438
1.11326
1.11222
1.11119
1.11015
1.10907
1.10793
1.10673
1.10555
1.10453
1.10393
1.10405
1.10512
1.10726
1.1104
1.1144
1.119
1.12395
1.12895
1.13374
1.13806
1.14168
1.14445
1.1463
1.14722
1.1473
1.1467
1.14564
1.14436
1.14314
1.14223
1.14182
1.14205
1.14294
1.14443
1.14638
1.14863
1.15097
1.15324
1.15527
1.15699
1.15834
1.15936
1.1601
1.16064
1.16108
1.1615
1.16192
1.16236
1.16278
1.16314
1.16343
1.16365
1.1638
1.16394
1.16412
1.16436
1.16469
1.16509
1.16555
1.16604
1.16653
1.16702
1.16752
1.16804
1.16863
1.16933
1.17015
1.17113
1.17225
1.1735
1.17483
1.1762
1.17755
1.17882
1.17996
1.1809
1.18161
1.18204
1.18216
1.18195
1.18141
1.18057
1.17947
1.1782
1.17691
1.17574
1.17488
1.17446
1.17454
1.17512
1.17606
1.17719
1.1783
1.17916
1.17959
1.17946
1.17868
1.17726
1.17526
1.17288
1.17041
1.16823
1.16678
1.16645
1.16751
1.16999
1.17365
1.17808
1.18275
1.18712
1.1907
1.19308
1.19393
1.19302
1.19027
1.18589
1.18047
1.17509
1.17111
1.16974
1.17148
1.17591
1.18189
1.18809
1.19345
1.19729
1.1993
1.19939
1.19763
1.19419
1.18932
1.18342
1.17697
1.17058
1.16486
1.16034
1.15745
1.15639
1.15721
1.15975
1.16365
1.1684
1.17345
1.17832
1.18267
1.18634
1.18931
1.19165
1.19347
1.19489
1.196
1.19688
1.1976
1.19819
1.19872
1.1992
1.19966
1.20014
1.20062
1.20113
1.20164
1.20214
1.20262
1.20304
1.20337
1.20355
1.20354
1.20327
1.20267
1.20167
1.20016
1.19806
1.19529
1.19177
1.18749
1.18255
1.17724
1.17202
1.16755
1.16451
1.16335
1.16412
1.16641
1.16957
1.17292
1.17596
1.17837
1.18008
1.18113
1.18165
1.18182
1.18181
1.18175
1.18175
1.18189
1.18216
1.18253
1.1829
1.18317
1.18327
1.18313
1.18277
1.18231
1.1819
1.18174
1.18198
1.18267
1.18378
1.18517
1.18668
1.18815
1.18946
1.19055
1.19139
1.192
1.19237
1.19252
1.19245
1.19218
1.19171
1.19105
1.19023
1.18928
1.18826
1.18723
1.18625
1.18538
1.18468
1.18416
1.18384
1.18369
1.18363
1.18359
1.18346
1.1831
1.18238
1.18111
1.17915
1.17633
1.17251
1.16762
1.16168
1.1549
1.14769
1.14068
1.13469
1.13053
1.12877
1.1296
1.13274
1.13762
1.14359
1.15004
1.1565
1.1626
1.16806
1.17269
1.17639
1.1792
1.18121
1.18258
1.18346
1.18399
1.18423
1.18422
1.18392
1.1833
1.18227
1.18079
1.1788
1.1763
1.17334
1.17004
1.1666
1.16329
1.16041
1.15818
1.15671
1.15596
1.15578
1.156
1.15649
1.15723
1.15825
1.15957
1.16113
1.16281
1.1644
1.16572
1.16659
1.1669
1.1666
1.16573
1.16435
1.1626
1.16066
1.15873
1.15706
1.15584
1.15523
1.15528
1.15598
1.15719
1.15876
1.16052
1.16231
1.16403
1.16561
1.16701
1.16824
1.1693
1.17021
1.17099
1.17167
1.17227
1.17281
1.1733
1.17373
1.17413
1.17449
1.1748
1.17506
1.17527
1.17541
1.1755
1.17551
1.17545
1.17532
1.17512
1.17487
1.17458
1.17428
1.17399
1.17374
1.17355
1.17345
1.17343
1.17349
1.1736
1.17372
1.17378
1.17376
1.17358
1.17323
1.17269
1.17196
1.17108
1.17011
1.16911
1.16818
1.1674
1.16688
1.16669
1.16693
1.16766
1.1689
1.17066
1.17284
1.17533
1.17794
1.18047
1.18276
1.18466
1.1861
1.18705
1.18755
1.18765
1.18746
1.18704
1.18649
1.18585
1.18516
1.18446
1.18377
1.18313
1.18257
1.18216
1.18191
1.18185
1.18196
1.18221
1.18254
1.18288
1.18322
1.18354
1.18388
1.18431
1.18492
1.18581
1.18702
1.18858
1.19042
1.19245
1.19454
1.19657
1.19842
1.20002
1.20131
1.20228
1.20295
1.20334
1.2035
1.20348
1.20332
1.20306
1.20269
1.2022
1.20151
1.20054
1.1992
1.19742
1.19522
1.19271
1.19016
1.18794
1.18647
1.18608
1.18686
1.18866
1.19108
1.19365
1.19588
1.19739
1.19792
1.19733
1.19561
1.19287
1.18932
1.18529
1.1812
1.17752
1.17472
1.17321
1.17323
1.17487
1.17795
1.18213
1.18693
1.19185
1.19643
1.20032
1.20325
1.20509
1.20576
1.20527
1.20367
1.20108
1.1977
1.19378
1.18963
1.18557
1.18182
1.1785
1.17557
1.17296
1.17067
1.16887
1.16789
1.16815
1.16995
1.17328
1.17781
1.18295
1.18806
1.19259
1.19618
1.1986
1.19979
1.19976
1.19861
1.19654
1.19382
1.19081
1.18789
1.18547
1.18378
1.18293
1.18281
1.18318
1.18374
1.18422
1.18437
1.18405
1.18312
1.18156
1.17937
1.17666
1.17365
1.17063
1.16794
1.16587
1.1646
1.16411
1.16423
1.16472
1.16533
1.16589
1.16632
1.16661
1.16679
1.1669
1.16697
1.16701
1.16699
1.1669
1.1667
1.16637
1.16589
1.16528
1.16457
1.16381
1.16306
1.1624
1.16191
1.16166
1.16172
1.16212
1.16287
1.16395
1.16533
1.16692
1.16868
1.17051
1.17237
1.17418
1.17592
1.17754
1.17903
1.18036
1.18151
1.18244
1.18311
1.18344
1.18337
1.18276
1.18148
1.17938
1.17629
1.17212
1.16688
1.1608
1.15445
1.14873
1.14469
1.14307
1.14393
1.14644
1.14935
1.15145
1.15201
1.15091
1.14863
1.14606
1.14429
1.14425
1.14637
1.15043
1.15579
1.16168
1.16752
1.17295
1.17777
1.18186
1.18515
1.18755
1.18898
1.18938
1.18866
1.1868
1.18381
1.17985
1.1752
1.17038
1.16602
1.16274
1.16097
1.16074
1.16175
1.16351
1.16549
1.16727
1.1686
1.16938
1.16967
1.16966
1.16958
1.16967
1.17011
1.17097
1.17219
1.17366
1.17524
1.17678
1.17822
1.17954
1.18076
1.18196
1.18319
1.1845
1.18589
1.1873
1.18867
1.18991
1.19092
1.19164
1.19201
1.19201
1.19165
1.19097
1.19003
1.18891
1.18771
1.18652
1.18544
1.18453
1.18383
1.18336
1.18308
1.18299
1.18305
1.18328
1.18368
1.18429
1.18514
1.18629
1.18773
1.18943
1.19135
1.19337
1.19537
1.19723
1.19882
1.20004
1.20084
1.2012
1.20115
1.20078
1.20021
1.19964
1.19923
1.19914
1.19946
1.20019
1.20123
1.20244
1.20362
1.20461
1.20526
1.2055
1.20531
1.20473
1.20382
1.20269
1.20139
1.19998
1.19844
1.19677
1.19495
1.193
1.19102
1.18916
1.18761
1.18655
1.18612
1.18638
1.18729
1.18874
1.19059
1.19266
1.19481
1.19693
1.19893
1.20076
1.20237
1.20374
1.20482
1.20561
1.20609
1.20625
1.2061
1.20569
1.20506
1.20432
1.20354
1.20283
1.20225
1.20184
1.20161
1.20151
1.20148
1.20145
1.20135
1.20112
1.20073
1.20018
1.19947
1.19862
1.19767
1.19665
1.1956
1.19454
1.19353
1.19261
1.19183
1.19124
1.19089
1.19085
1.19113
1.19174
1.19265
1.1938
1.19511
1.19648
1.19784
1.1991
1.20018
1.20105
1.20166
1.20198
1.20197
1.20159
1.20082
1.19961
1.19796
1.19588
1.19345
1.19084
1.18833
1.18627
1.18502
1.18484
1.18577
1.18763
1.19006
1.19265
1.19504
1.19694
1.1982
1.19872
1.19849
1.19754
1.19593
1.19382
1.19142
1.18907
1.18717
1.18614
1.18625
1.18761
1.19006
1.19327
1.19684
1.2004
1.20367
1.20646
1.20868
1.21028
1.21124
1.21159
1.21135
1.21059
1.20942
1.20794
1.20632
1.20472
1.20328
1.20214
1.20134
1.20088
1.20069
1.20065
1.20066
1.20062
1.2005
1.20031
1.20013
1.20007
1.20025
1.20077
1.20168
1.20296
1.20451
1.20618
1.20779
1.20915
1.21011
1.21055
1.21036
1.20945
1.20776
1.20525
1.20198
1.19814
1.19417
1.1907
1.18847
1.18807
1.18964
1.19282
1.19693
1.20121
1.20511
1.20831
1.21073
1.21241
1.21346
1.21403
1.21424
1.21422
1.21404
1.21377
1.21347
1.21316
1.21282
1.21245
1.21201
1.21147
1.21082
1.21009
1.20936
1.20878
1.20856
1.20892
1.21001
1.2119
1.2145
1.21759
1.22092
1.2242
1.22721
1.22978
1.23183
1.2333
1.23417
1.23444
1.23411
1.2332
1.23171
1.22968
1.22715
1.2242
1.22092
1.2175
1.2
1.2
1.20001
1.20002
1.20003
1.20005
1.20008
1.2001
1.20014
1.20017
1.20021
1.20026
1.2003
1.20036
1.20041
1.20048
1.20054
1.20061
1.20069
1.20077
1.20085
1.20094
1.20104
1.20114
1.20125
1.20136
1.20147
1.20159
1.20172
1.20185
1.20199
1.20214
1.20229
1.20244
1.2026
1.20277
1.20295
1.20313
1.20332
1.20352
1.20372
1.20393
1.20415
1.20437
1.20461
1.20485
1.2051
1.20536
1.20563
1.20591
1.2062
1.2065
1.20682
1.20714
1.20747
1.20782
1.20818
1.20855
1.20894
1.20934
1.20975
1.21019
1.21063
1.2111
1.21158
1.21209
1.21261
1.21315
1.21372
1.2143
1.21492
1.21556
1.21622
1.21691
1.21764
1.21839
1.21918
1.22001
1.22087
1.22177
1.22271
1.2237
1.22473
1.22582
1.22695
1.22814
1.22939
1.2307
1.23208
1.23352
1.23503
1.23661
1.23827
1.24
1.24181
1.2437
1.24566
1.24769
1.24978
1.25191
1.2
1.2
1.20001
1.20002
1.20003
1.20005
1.20008
1.2001
1.20014
1.20017
1.20021
1.20026
1.2003
1.20036
1.20041
1.20048
1.20054
1.20061
1.20069
1.20077
1.20085
1.20094
1.20104
1.20114
1.20125
1.20136
1.20147
1.20159
1.20172
1.20185
1.20199
1.20214
1.20229
1.20244
1.2026
1.20277
1.20295
1.20313
1.20332
1.20352
1.20372
1.20393
1.20415
1.20437
1.20461
1.20485
1.2051
1.20536
1.20563
1.20591
1.2062
1.2065
1.20682
1.20714
1.20747
1.20782
1.20818
1.20855
1.20894
1.20934
1.20975
1.21019
1.21063
1.2111
1.21158
1.21209
1.21261
1.21315
1.21372
1.2143
1.21492
1.21556
1.21622
1.21691
1.21764
1.21839
1.21918
1.22001
1.22087
1.22177
1.22271
1.2237
1.22473
1.22582
1.22695
1.22814
1.22939
1.2307
1.23208
1.23352
1.23503
1.23661
1.23827
1.24
1.24181
1.2437
1.24566
1.24769
1.24978
1.25191
1
1
1.00001
1.00002
1.00003
1.00004
1.00006
1.00009
1.00011
1.00014
1.00018
1.00021
1.00025
1.0003
1.00034
1.0004
1.00045
1.00051
1.00057
1.00064
1.00071
1.00078
1.00086
1.00094
1.00103
1.00112
1.00122
1.00132
1.00142
1.00153
1.00164
1.00176
1.00188
1.00201
1.00214
1.00228
1.00242
1.00257
1.00272
1.00288
1.00304
1.00321
1.00339
1.00357
1.00375
1.00395
1.00415
1.00435
1.00457
1.00479
1.00502
1.00525
1.00549
1.00574
1.006
1.00627
1.00655
1.00683
1.00713
1.00743
1.00775
1.00807
1.00841
1.00876
1.00912
1.00949
1.00987
1.01027
1.01068
1.01111
1.01155
1.01201
1.01248
1.01298
1.01349
1.01401
1.01456
1.01513
1.01572
1.01634
1.01698
1.01764
1.01834
1.01905
1.0198
1.02058
1.0214
1.02225
1.02313
1.02405
1.02502
1.02603
1.02708
1.02818
1.02932
1.03053
1.03178
1.03309
1.03447
1.0359
1.0374
1.03896
1.04059
1.04228
1.04404
1.04586
1.04775
1.04968
1.05165
1.05365
1.05566
1.05764
1.05956
1.06138
1.06302
1.06441
1.06546
1.06608
1.06615
1.06559
1.06434
1.06241
1.05994
1.05719
1.05455
1.05251
1.05154
1.05195
1.05384
1.05707
1.06131
1.06609
1.07093
1.07537
1.07907
1.08182
1.0836
1.08463
1.0853
1.08615
1.08772
1.09038
1.0942
1.09895
1.10414
1.10923
1.11373
1.11729
1.11975
1.12108
1.12139
1.12089
1.11982
1.11844
1.11699
1.11562
1.11438
1.11326
1.11222
1.11119
1.11015
1.10907
1.10793
1.10673
1.10555
1.10453
1.10393
1.10405
1.10512
1.10726
1.1104
1.1144
1.119
1.12395
1.12895
1.13374
1.13806
1.14168
1.14445
1.1463
1.14722
1.1473
1.1467
1.14564
1.14436
1.14314
1.14223
1.14182
1.14205
1.14294
1.14443
1.14638
1.14863
1.15097
1.15324
1.15527
1.15699
1.15834
1.15936
1.1601
1.16064
1.16108
1.1615
1.16192
1.16236
1.16278
1.16314
1.16343
1.16365
1.1638
1.16394
1.16412
1.16436
1.16469
1.16509
1.16555
1.16604
1.16653
1.16702
1.16752
1.16804
1.16863
1.16933
1.17015
1.17113
1.17225
1.1735
1.17483
1.1762
1.17755
1.17882
1.17996
1.1809
1.18161
1.18204
1.18216
1.18195
1.18141
1.18057
1.17947
1.1782
1.17691
1.17574
1.17488
1.17446
1.17454
1.17512
1.17606
1.17719
1.1783
1.17916
1.17959
1.17946
1.17868
1.17726
1.17526
1.17288
1.17041
1.16823
1.16678
1.16645
1.16751
1.16999
1.17365
1.17808
1.18275
1.18712
1.1907
1.19308
1.19393
1.19302
1.19027
1.18589
1.18047
1.17509
1.17111
1.16974
1.17148
1.17591
1.18189
1.18809
1.19345
1.19729
1.1993
1.19939
1.19763
1.19419
1.18932
1.18342
1.17697
1.17058
1.16486
1.16034
1.15745
1.15639
1.15721
1.15975
1.16365
1.1684
1.17345
1.17832
1.18267
1.18634
1.18931
1.19165
1.19347
1.19489
1.196
1.19688
1.1976
1.19819
1.19872
1.1992
1.19966
1.20014
1.20062
1.20113
1.20164
1.20214
1.20262
1.20304
1.20337
1.20355
1.20354
1.20327
1.20267
1.20167
1.20016
1.19806
1.19529
1.19177
1.18749
1.18255
1.17724
1.17202
1.16755
1.16451
1.16335
1.16412
1.16641
1.16957
1.17292
1.17596
1.17837
1.18008
1.18113
1.18165
1.18182
1.18181
1.18175
1.18175
1.18189
1.18216
1.18253
1.1829
1.18317
1.18327
1.18313
1.18277
1.18231
1.1819
1.18174
1.18198
1.18267
1.18378
1.18517
1.18668
1.18815
1.18946
1.19055
1.19139
1.192
1.19237
1.19252
1.19245
1.19218
1.19171
1.19105
1.19023
1.18928
1.18826
1.18723
1.18625
1.18538
1.18468
1.18416
1.18384
1.18369
1.18363
1.18359
1.18346
1.1831
1.18238
1.18111
1.17915
1.17633
1.17251
1.16762
1.16168
1.1549
1.14769
1.14068
1.13469
1.13053
1.12877
1.1296
1.13274
1.13762
1.14359
1.15004
1.1565
1.1626
1.16806
1.17269
1.17639
1.1792
1.18121
1.18258
1.18346
1.18399
1.18423
1.18422
1.18392
1.1833
1.18227
1.18079
1.1788
1.1763
1.17334
1.17004
1.1666
1.16329
1.16041
1.15818
1.15671
1.15596
1.15578
1.156
1.15649
1.15723
1.15825
1.15957
1.16113
1.16281
1.1644
1.16572
1.16659
1.1669
1.1666
1.16573
1.16435
1.1626
1.16066
1.15873
1.15706
1.15584
1.15523
1.15528
1.15598
1.15719
1.15876
1.16052
1.16231
1.16403
1.16561
1.16701
1.16824
1.1693
1.17021
1.17099
1.17167
1.17227
1.17281
1.1733
1.17373
1.17413
1.17449
1.1748
1.17506
1.17527
1.17541
1.1755
1.17551
1.17545
1.17532
1.17512
1.17487
1.17458
1.17428
1.17399
1.17374
1.17355
1.17345
1.17343
1.17349
1.1736
1.17372
1.17378
1.17376
1.17358
1.17323
1.17269
1.17196
1.17108
1.17011
1.16911
1.16818
1.1674
1.16688
1.16669
1.16693
1.16766
1.1689
1.17066
1.17284
1.17533
1.17794
1.18047
1.18276
1.18466
1.1861
1.18705
1.18755
1.18765
1.18746
1.18704
1.18649
1.18585
1.18516
1.18446
1.18377
1.18313
1.18257
1.18216
1.18191
1.18185
1.18196
1.18221
1.18254
1.18288
1.18322
1.18354
1.18388
1.18431
1.18492
1.18581
1.18702
1.18858
1.19042
1.19245
1.19454
1.19657
1.19842
1.20002
1.20131
1.20228
1.20295
1.20334
1.2035
1.20348
1.20332
1.20306
1.20269
1.2022
1.20151
1.20054
1.1992
1.19742
1.19522
1.19271
1.19016
1.18794
1.18647
1.18608
1.18686
1.18866
1.19108
1.19365
1.19588
1.19739
1.19792
1.19733
1.19561
1.19287
1.18932
1.18529
1.1812
1.17752
1.17472
1.17321
1.17323
1.17487
1.17795
1.18213
1.18693
1.19185
1.19643
1.20032
1.20325
1.20509
1.20576
1.20527
1.20367
1.20108
1.1977
1.19378
1.18963
1.18557
1.18182
1.1785
1.17557
1.17296
1.17067
1.16887
1.16789
1.16815
1.16995
1.17328
1.17781
1.18295
1.18806
1.19259
1.19618
1.1986
1.19979
1.19976
1.19861
1.19654
1.19382
1.19081
1.18789
1.18547
1.18378
1.18293
1.18281
1.18318
1.18374
1.18422
1.18437
1.18405
1.18312
1.18156
1.17937
1.17666
1.17365
1.17063
1.16794
1.16587
1.1646
1.16411
1.16423
1.16472
1.16533
1.16589
1.16632
1.16661
1.16679
1.1669
1.16697
1.16701
1.16699
1.1669
1.1667
1.16637
1.16589
1.16528
1.16457
1.16381
1.16306
1.1624
1.16191
1.16166
1.16172
1.16212
1.16287
1.16395
1.16533
1.16692
1.16868
1.17051
1.17237
1.17418
1.17592
1.17754
1.17903
1.18036
1.18151
1.18244
1.18311
1.18344
1.18337
1.18276
1.18148
1.17938
1.17629
1.17212
1.16688
1.1608
1.15445
1.14873
1.14469
1.14307
1.14393
1.14644
1.14935
1.15145
1.15201
1.15091
1.14863
1.14606
1.14429
1.14425
1.14637
1.15043
1.15579
1.16168
1.16752
1.17295
1.17777
1.18186
1.18515
1.18755
1.18898
1.18938
1.18866
1.1868
1.18381
1.17985
1.1752
1.17038
1.16602
1.16274
1.16097
1.16074
1.16175
1.16351
1.16549
1.16727
1.1686
1.16938
1.16967
1.16966
1.16958
1.16967
1.17011
1.17097
1.17219
1.17366
1.17524
1.17678
1.17822
1.17954
1.18076
1.18196
1.18319
1.1845
1.18589
1.1873
1.18867
1.18991
1.19092
1.19164
1.19201
1.19201
1.19165
1.19097
1.19003
1.18891
1.18771
1.18652
1.18544
1.18453
1.18383
1.18336
1.18308
1.18299
1.18305
1.18328
1.18368
1.18429
1.18514
1.18629
1.18773
1.18943
1.19135
1.19337
1.19537
1.19723
1.19882
1.20004
1.20084
1.2012
1.20115
1.20078
1.20021
1.19964
1.19923
1.19914
1.19946
1.20019
1.20123
1.20244
1.20362
1.20461
1.20526
1.2055
1.20531
1.20473
1.20382
1.20269
1.20139
1.19998
1.19844
1.19677
1.19495
1.193
1.19102
1.18916
1.18761
1.18655
1.18612
1.18638
1.18729
1.18874
1.19059
1.19266
1.19481
1.19693
1.19893
1.20076
1.20237
1.20374
1.20482
1.20561
1.20609
1.20625
1.2061
1.20569
1.20506
1.20432
1.20354
1.20283
1.20225
1.20184
1.20161
1.20151
1.20148
1.20145
1.20135
1.20112
1.20073
1.20018
1.19947
1.19862
1.19767
1.19665
1.1956
1.19454
1.19353
1.19261
1.19183
1.19124
1.19089
1.19085
1.19113
1.19174
1.19265
1.1938
1.19511
1.19648
1.19784
1.1991
1.20018
1.20105
1.20166
1.20198
1.20197
1.20159
1.20082
1.19961
1.19796
1.19588
1.19345
1.19084
1.18833
1.18627
1.18502
1.18484
1.18577
1.18763
1.19006
1.19265
1.19504
1.19694
1.1982
1.19872
1.19849
1.19754
1.19593
1.19382
1.19142
1.18907
1.18717
1.18614
1.18625
1.18761
1.19006
1.19327
1.19684
1.2004
1.20367
1.20646
1.20868
1.21028
1.21124
1.21159
1.21135
1.21059
1.20942
1.20794
1.20632
1.20472
1.20328
1.20214
1.20134
1.20088
1.20069
1.20065
1.20066
1.20062
1.2005
1.20031
1.20013
1.20007
1.20025
1.20077
1.20168
1.20296
1.20451
1.20618
1.20779
1.20915
1.21011
1.21055
1.21036
1.20945
1.20776
1.20525
1.20198
1.19814
1.19417
1.1907
1.18847
1.18807
1.18964
1.19282
1.19693
1.20121
1.20511
1.20831
1.21073
1.21241
1.21346
1.21403
1.21424
1.21422
1.21404
1.21377
1.21347
1.21316
1.21282
1.21245
1.21201
1.21147
1.21082
1.21009
1.20936
1.20878
1.20856
1.20892
1.21001
1.2119
1.2145
1.21759
1.22092
1.2242
1.22721
1.22978
1.23183
1.2333
1.23417
1.23444
1.23411
1.2332
1.23171
1.22968
1.22715
1.2242
1.22092
1.2175
1.19984
1.19677
1.19424
1.19249
1.19172
1.19202
1.19341
1.19579
1.19898
1.20271
1.20671
1.2107
1.21445
1.21776
1.22051
1.22263
1.2241
1.22498
1.22535
1.22534
1.22511
1.22485
1.22474
1.22492
1.2255
1.22652
1.22797
1.2298
1.23193
1.23429
1.23682
1.23943
1.242
1.24435
1.24625
1.24752
1.24799
1.2476
1.2464
1.24457
1.24241
1.24026
1.23844
1.23709
1.23613
1.23521
1.23392
1.23181
1.22858
1.22415
1.21875
1.21296
1.20774
1.20426
1.20346
1.20567
1.21036
1.21639
1.2225
1.22771
1.23151
1.23382
1.23482
1.23485
1.23423
1.23328
1.23226
1.23135
1.2307
1.23037
1.23038
1.23066
1.23113
1.23172
1.23236
1.23299
1.23362
1.23426
1.23494
1.23569
1.23654
1.23752
1.23864
1.23987
1.24118
1.24253
1.24387
1.24514
1.2463
1.2473
1.24814
1.24879
1.24927
1.24958
1.24973
1.24975
1.24966
1.24949
1.24926
1.24901
1.19999
1.19979
1.19966
1.1996
1.19963
1.19974
1.19993
1.20015
1.20035
1.20044
1.20027
1.19969
1.19848
1.19638
1.19316
1.18864
1.18288
1.17629
1.16978
1.16456
1.16172
1.16171
1.16411
1.16799
1.17238
1.17663
1.18042
1.18373
1.18666
1.18938
1.192
1.19458
1.19705
1.19922
1.20084
1.20166
1.20156
1.20054
1.19887
1.19703
1.19558
1.19502
1.19542
1.19638
1.19708
1.19651
1.19381
1.18848
1.18081
1.17216
1.16487
1.16138
1.16269
1.16776
1.1744
1.18069
1.18565
1.18916
1.19153
1.19319
1.19454
1.19585
1.19728
1.19888
1.20063
1.20246
1.20427
1.20594
1.20738
1.20849
1.2092
1.20944
1.20916
1.20828
1.20676
1.20456
1.20164
1.19801
1.19374
1.18902
1.18414
1.17952
1.17563
1.17293
1.17169
1.17194
1.17343
1.17578
1.17857
1.18145
1.1842
1.18674
1.18906
1.19122
1.19326
1.19517
1.19689
1.19826
1.19908
1.19913
1.19992
1.19776
1.1943
1.18969
1.18442
1.17936
1.17563
1.17415
1.17524
1.17842
1.18274
1.18721
1.19114
1.19419
1.19625
1.19737
1.19762
1.19705
1.19571
1.19363
1.19089
1.18761
1.18404
1.1805
1.17734
1.1749
1.17338
1.17282
1.17311
1.17399
1.17512
1.17612
1.17662
1.17633
1.1751
1.17298
1.17024
1.16728
1.16462
1.16268
1.16171
1.16174
1.16259
1.16402
1.1658
1.16775
1.16976
1.17173
1.1736
1.17529
1.17676
1.17797
1.17893
1.17966
1.18019
1.18058
1.18085
1.18105
1.18118
1.18125
1.18126
1.18122
1.18113
1.181
1.18082
1.18062
1.18036
1.18003
1.17958
1.17895
1.17809
1.17695
1.17552
1.17381
1.17189
1.16987
1.16792
1.16622
1.16495
1.16424
1.16415
1.16464
1.16559
1.1668
1.16807
1.16924
1.1702
1.17091
1.1714
1.17169
1.17178
1.17161
1.17107
1.17008
1.16873
1.1674
1.1667
1.16727
1.16944
1.17303
1.20022
1.20461
1.20832
1.21098
1.2125
1.21295
1.21248
1.21127
1.20944
1.20708
1.20421
1.20081
1.19682
1.19226
1.18715
1.18165
1.17598
1.17049
1.16567
1.16215
1.16063
1.16167
1.16541
1.17138
1.1787
1.18634
1.19351
1.19971
1.20476
1.20869
1.2116
1.21367
1.21504
1.21584
1.21619
1.21617
1.21584
1.21524
1.21439
1.21329
1.21191
1.21018
1.20802
1.20528
1.20186
1.19767
1.19279
1.18749
1.18234
1.17808
1.17538
1.17452
1.17526
1.17702
1.17915
1.18122
1.18304
1.18456
1.18578
1.18659
1.18685
1.18643
1.18524
1.18338
1.18104
1.17856
1.17631
1.17461
1.17368
1.17366
1.1746
1.17643
1.17903
1.18218
1.18561
1.18903
1.19216
1.19476
1.19664
1.19764
1.19765
1.19655
1.19429
1.19086
1.18633
1.18093
1.17512
1.16955
1.165
1.16217
1.16142
1.16266
1.16536
1.16879
1.17222
1.17509
1.17708
1.17806
1.1781
1.17746
1.19995
1.19898
1.19832
1.19811
1.1983
1.19873
1.19915
1.1994
1.19939
1.19917
1.19884
1.19859
1.19854
1.19876
1.19922
1.19981
1.20038
1.20078
1.20088
1.20062
1.20001
1.19907
1.19788
1.19655
1.19516
1.1938
1.19254
1.19142
1.19045
1.18967
1.18907
1.1887
1.18855
1.18864
1.18892
1.18932
1.18974
1.19006
1.1902
1.19014
1.18994
1.18975
1.18976
1.19016
1.19108
1.19253
1.19444
1.19664
1.19894
1.20118
1.20323
1.20499
1.20642
1.2075
1.2082
1.20855
1.20854
1.20819
1.2075
1.2065
1.20522
1.20371
1.20201
1.20021
1.19838
1.19658
1.19485
1.19321
1.19163
1.19007
1.18848
1.18684
1.18517
1.1835
1.18193
1.18055
1.17949
1.17884
1.17869
1.17908
1.18005
1.18156
1.18354
1.18591
1.18856
1.19138
1.1943
1.19724
1.20012
1.20289
1.20547
1.20781
1.20983
1.21148
1.21272
1.21353
1.21396
1.21404
1.21388
1.21359
1.19999
1.19981
1.19985
1.20016
1.20073
1.20153
1.20248
1.20349
1.20447
1.20535
1.20608
1.20664
1.207
1.20718
1.20718
1.20702
1.20671
1.20629
1.20575
1.20512
1.20443
1.20366
1.20285
1.20197
1.20104
1.20003
1.19893
1.19769
1.19629
1.19471
1.19295
1.19107
1.18918
1.18748
1.18623
1.18572
1.18617
1.18767
1.19014
1.19332
1.19686
1.2004
1.20365
1.20639
1.20852
1.21003
1.21095
1.21135
1.21131
1.21094
1.21033
1.20955
1.20868
1.20778
1.2069
1.20605
1.20524
1.20446
1.20371
1.20299
1.2023
1.20166
1.20106
1.20051
1.2
1.19957
1.19927
1.19919
1.19943
1.20006
1.20107
1.20237
1.20384
1.20531
1.20659
1.20756
1.20811
1.2082
1.20779
1.20691
1.20559
1.20391
1.20193
1.19974
1.19745
1.19516
1.193
1.19109
1.18955
1.18852
1.18812
1.18845
1.18953
1.19132
1.19369
1.19645
1.19937
1.20225
1.20489
1.20718
1.20905
1.21047
1.21146
1.21206
1.21232
1.21229
1.21204
1.2116
1.21103
1.21037
1.20965
1.20891
1.20819
1.20752
1.20693
1.20648
1.2062
1.2061
1.2062
1.20648
1.20692
1.20748
1.20809
1.2087
1.20927
1.20976
1.21014
1.21041
1.21056
1.21062
1.2106
1.21054
1.21046
1.2104
1.21039
1.21042
1.21052
1.21066
1.21083
1.211
1.21115
1.21123
1.21121
1.21108
1.21081
1.21041
1.20991
1.20935
1.20879
1.20829
1.20792
1.20773
1.20774
1.20795
1.20832
1.20886
1.20952
1.21031
1.21121
1.21221
1.21327
1.21431
1.21523
1.21592
1.21622
1.216
1.21517
1.21368
1.21159
1.20911
1.20657
1.20445
1.20322
1.2032
1.2044
1.20657
1.20925
1.21197
1.21435
1.21617
1.21734
1.21788
1.21784
1.21732
1.21639
1.21515
1.21368
1.21206
1.21034
1.20862
1.20695
1.20542
1.20409
1.20301
1.20224
1.20177
1.20161
1.20174
1.2021
1.20265
1.20335
1.20414
1.20498
1.20582
1.2066
1.20727
1.20775
1.20798
1.2079
1.20748
1.20673
1.2057
1.20452
1.20337
1.20243
1.20186
1.20174
1.20206
1.2027
1.20351
1.20431
1.20501
1.20558
1.20607
1.20655
1.20715
1.20797
1.20904
1.21038
1.21192
1.21357
1.21522
1.21674
1.21802
1.21896
1.21943
1.21934
1.21857
1.21704
1.21466
1.21141
1.20737
1.20275
1.1979
1.19332
1.18951
1.18692
1.18575
1.18599
1.18742
1.18974
1.1926
1.19572
1.19884
1.2018
1.20448
1.20687
1.20898
1.21086
1.21257
1.21415
1.2156
1.21693
1.21812
1.21915
1.22
1.22066
1.22115
1.22146
1.22156
1.2214
1.22092
1.22005
1.21872
1.21696
1.21488
1.21272
1.2108
1.20953
1.20926
1.2102
1.21239
1.21568
1.21975
1.22422
1.22867
1.23275
1.23616
1.23869
1.24017
1.24047
1.23952
1.23727
1.23377
1.22915
1.22356
1.21718
1.21011
1.20238
1.19417
1.18618
1.17994
1.17736
1.1795
1.18552
1.19312
1.19998
1.20491
1.20794
1.20992
1.21196
1.2149
1.21899
1.2239
1.22899
1.23364
1.23741
1.24012
1.24178
1.24252
1.24253
1.24204
1.24124
1.24029
1.23923
1.23801
1.23649
1.23449
1.23188
1.22866
1.22502
1.22138
1.21824
1.2161
1.2152
1.2155
1.21672
1.21848
1.22045
1.22245
1.22439
1.22629
1.22818
1.23008
1.23202
1.23398
1.23589
1.23769
1.23923
1.24036
1.24085
1.24051
1.23912
1.23658
1.23298
1.22867
1.22434
1.22084
1.21889
1.21866
1.21967
1.22099
1.22161
1.22067
1.21771
1.21269
1.20624
1.19975
1.19517
1.19415
1.19707
1.20275
1.20928
1.21503
1.21916
1.22149
1.22229
1.222
1.22107
1.21994
1.21898
1.21839
1.21828
1.21861
1.21925
1.22003
1.22077
1.22133
1.22163
1.22161
1.22129
1.2207
1.21992
1.21903
1.21812
1.21727
1.21651
1.21585
1.21528
1.21475
1.21422
1.21366
1.21302
1.21229
1.21146
1.21053
1.2095
1.20838
1.20718
1.20591
1.20457
1.20315
1.20166
1.20009
1.19843
1.1967
1.1949
1.19308
1.19127
1.18956
1.18802
1.18675
1.18581
1.18524
1.18505
1.18518
1.18552
1.18597
1.1864
1.18668
1.18674
1.18648
1.18586
1.1848
1.18327
1.18122
1.1786
1.17542
1.17176
1.16782
1.16396
1.16066
1.15844
1.15768
1.15848
1.16059
1.16354
1.16681
1.16997
1.17278
1.1751
1.17696
1.17841
1.17952
1.18036
1.18101
1.18148
1.18179
1.18193
1.18191
1.18169
1.18128
1.18065
1.17983
1.17883
1.1777
1.17649
1.17525
1.17406
1.17296
1.17202
1.17126
1.17071
1.17037
1.17026
1.17036
1.17068
1.17121
1.17192
1.1728
1.17383
1.17499
1.17623
1.17753
1.17885
1.18016
1.18142
1.1826
1.18366
1.18458
1.18536
1.18598
1.18647
1.18684
1.18712
1.18732
1.18749
1.18765
1.18784
1.18806
1.18834
1.18867
1.18903
1.18937
1.18965
1.18983
1.18988
1.18978
1.18955
1.18924
1.18892
1.18866
1.18858
1.18873
1.18918
1.18993
1.19096
1.1922
1.19355
1.19493
1.19624
1.1974
1.19835
1.19904
1.19945
1.19957
1.19937
1.19886
1.19805
1.19694
1.19554
1.19387
1.19195
1.18983
1.18754
1.18516
1.18277
1.18046
1.17832
1.17643
1.17484
1.17356
1.17254
1.17172
1.17099
1.17027
1.16953
1.16878
1.16811
1.16763
1.16747
1.16771
1.16835
1.16934
1.17056
1.1719
1.17327
1.17459
1.17583
1.17699
1.17806
1.17907
1.18
1.18088
1.18169
1.18243
1.1831
1.18368
1.18416
1.18453
1.18478
1.18488
1.18483
1.18459
1.18415
1.18344
1.18244
1.18107
1.17927
1.17698
1.17415
1.17081
1.16708
1.1633
1.15999
1.15779
1.15725
1.1586
1.16157
1.16558
1.16988
1.17389
1.17722
1.17976
1.18153
1.18267
1.18337
1.18379
1.18408
1.18436
1.1847
1.18514
1.1857
1.18641
1.1873
1.1884
1.18975
1.19138
1.19329
1.19546
1.19782
1.20028
1.20271
1.20497
1.20692
1.20837
1.20911
1.20891
1.20749
1.20453
1.19976
1.19304
1.18452
1.17481
1.16508
1.15691
1.15185
1.15077
1.15345
1.15873
1.16501
1.1709
1.17556
1.17865
1.18024
1.18063
1.18022
1.17945
1.1787
1.17828
1.17838
1.17908
1.18034
1.18204
1.18404
1.18616
1.18829
1.19034
1.19226
1.19404
1.19568
1.19718
1.19855
1.19978
1.20086
1.20177
1.20252
1.2031
1.2035
1.20373
1.2038
1.20372
1.20349
1.20312
1.20263
1.202
1.20124
1.20034
1.1993
1.1981
1.19673
1.19515
1.19336
1.19132
1.18904
1.18651
1.18378
1.18092
1.17804
1.17532
1.17293
1.17107
1.1699
1.16951
1.1699
1.17099
1.17262
1.1746
1.17675
1.17891
1.18098
1.18287
1.18455
1.18599
1.18718
1.18808
1.18865
1.18882
1.18851
1.18761
1.18604
1.18375
1.18082
1.17746
1.17412
1.17136
1.16976
1.16965
1.17098
1.17334
1.17615
1.17887
1.18111
1.18271
1.18359
1.18379
1.18334
1.18226
1.18057
1.17827
1.17543
1.17218
1.16876
1.16554
1.16296
1.16144
1.16124
1.16235
1.16454
1.16743
1.17064
1.17387
1.17694
1.17981
1.18246
1.18496
1.18734
1.18965
1.19189
1.19406
1.19614
1.1981
1.19992
1.20159
1.20313
1.20454
1.20587
1.20712
1.20836
1.20959
1.21086
1.21219
1.21358
1.21504
1.21656
1.21814
1.21973
1.2213
1.22281
1.2242
1.22539
1.2263
1.22683
1.22689
1.22637
1.2252
1.22331
1.22073
1.21754
1.21391
1.21005
1.2062
1.20249
1.19896
1.19554
1.19218
1.18893
1.18614
1.18442
1.18456
1.18723
1.19266
1.20037
1.20938
1.21849
1.22669
1.23334
1.23818
1.24125
1.24278
1.2431
1.24259
1.24159
1.24044
1.23939
1.2386
1.23813
1.23797
1.23797
1.2379
1.23744
1.23624
1.23395
1.2303
1.22522
1.21891
1.21193
1.20506
1.19918
1.19498
1.19285
1.19286
1.19482
1.19844
1.20329
1.20892
1.21484
1.22063
1.22596
1.23062
1.23449
1.23755
1.23981
1.24131
1.2421
1.24221
1.24162
1.24031
1.2382
1.23521
1.23122
1.22623
1.22035
1.21407
1.20822
1.20393
1.20219
1.20338
1.20699
1.21196
1.21714
1.22171
1.22525
1.22767
1.22906
1.22957
1.22936
1.22859
1.22739
1.22586
1.22409
1.22217
1.22016
1.21811
1.21605
1.214
1.212
1.21006
1.20821
1.20653
1.20506
1.20388
1.20303
1.20252
1.20232
1.20232
1.20238
1.20236
1.20211
1.20152
1.20055
1.19922
1.19762
1.19593
1.19435
1.1931
1.19238
1.19226
1.19276
1.19377
1.19513
1.19668
1.19828
1.1998
1.20119
1.20241
1.20348
1.20444
1.20531
1.20616
1.20701
1.20788
1.20879
1.2097
1.21057
1.21136
1.21199
1.2124
1.21254
1.21238
1.21189
1.21109
1.21003
1.20882
1.2076
1.20655
1.20587
1.20573
1.20622
1.20735
1.209
1.21098
1.21304
1.21495
1.21647
1.21741
1.21759
1.21686
1.21509
1.21221
1.20823
1.20338
1.19816
1.19341
1.19012
1.18918
1.19099
1.19525
1.20118
1.20779
1.21427
1.22008
1.22496
1.22887
1.23186
1.23406
1.23557
1.23652
1.23697
1.23697
1.23651
1.23559
1.23425
1.23259
1.23088
1.22951
1.22895
1.22957
1.23147
1.23445
1.23805
1.24172
1.24501
1.24761
1.24937
1.2503
1.25049
1.25006
1.24922
1.24815
1.24703
1.24599
1.24507
1.24424
1.24342
1.24251
1.24146
1.2403
1.23918
1.23827
1.23781
1.23797
1.23882
1.24028
1.24216
1.24422
1.2462
1.24792
1.24927
1.25026
1.25091
1.2513
1.25153
1.25166
1.25173
1.25175
1.25171
1.25155
1.25119
1.25056
1.2496
1.24832
1.24682
1.24532
1.24415
1.24359
1.24383
1.24482
1.24629
1.24782
