-0.0318372
-0.0318404
-0.0318489
-0.0318627
-0.0318818
-0.0319061
-0.0319357
-0.0319705
-0.0320105
-0.0320559
-0.0321065
-0.0321624
-0.0322236
-0.0322901
-0.032362
-0.0324465
-0.0325366
-0.0326299
-0.0327337
-0.0328552
-0.0329802
-0.0331114
-0.0332486
-0.0333872
-0.0335415
-0.0336927
-0.0338526
-0.0340404
-0.0342231
-0.0344102
-0.0346042
-0.0348075
-0.0350131
-0.0352212
-0.0354461
-0.0356714
-0.0358972
-0.0361426
-0.0363888
-0.036648
-0.036906
-0.0371702
-0.0374502
-0.0377298
-0.0380209
-0.0383119
-0.0386173
-0.0389375
-0.0392846
-0.0396186
-0.0399659
-0.0403267
-0.0406944
-0.0410836
-0.0414781
-0.0418783
-0.0422989
-0.0427379
-0.0431793
-0.0436474
-0.0441355
-0.0446348
-0.0451506
-0.0456765
-0.046232
-0.0467967
-0.0473902
-0.0479944
-0.0486195
-0.049269
-0.0499365
-0.0506374
-0.0513538
-0.0520988
-0.0528711
-0.0536698
-0.0544986
-0.0553565
-0.0562524
-0.0571807
-0.0581407
-0.0591582
-0.0602114
-0.0613001
-0.0624335
-0.0636117
-0.06483
-0.0661077
-0.0674406
-0.0688316
-0.0702885
-0.0718099
-0.0734014
-0.0750643
-0.0767902
-0.0786018
-0.080498
-0.0824802
-0.0845495
-0.0867114
-0.0889666
-0.0913245
-0.0937793
-0.0963288
-0.0989834
-0.101725
-0.104558
-0.107465
-0.110437
-0.11345
-0.116459
-0.119428
-0.122292
-0.125001
-0.127429
-0.129476
-0.131005
-0.131854
-0.13187
-0.130916
-0.128938
-0.125958
-0.122194
-0.118052
-0.11416
-0.111228
-0.109955
-0.110793
-0.113854
-0.118879
-0.125348
-0.132571
-0.139797
-0.146378
-0.151789
-0.155763
-0.158301
-0.159755
-0.16075
-0.162102
-0.164598
-0.16876
-0.174655
-0.181881
-0.189695
-0.197279
-0.203908
-0.20909
-0.212596
-0.214427
-0.214748
-0.213882
-0.212209
-0.210117
-0.20795
-0.205904
-0.204068
-0.202409
-0.200853
-0.199335
-0.197774
-0.196147
-0.194425
-0.192626
-0.190858
-0.189377
-0.188572
-0.188872
-0.190645
-0.194
-0.198857
-0.204953
-0.211928
-0.219377
-0.226877
-0.233999
-0.240381
-0.2457
-0.249724
-0.25235
-0.253603
-0.253615
-0.25263
-0.250977
-0.249055
-0.247258
-0.245962
-0.245441
-0.245885
-0.247318
-0.249638
-0.252631
-0.256038
-0.259552
-0.26292
-0.265918
-0.268444
-0.270436
-0.271915
-0.272989
-0.273783
-0.274447
-0.275067
-0.275709
-0.276359
-0.276989
-0.277525
-0.277943
-0.278244
-0.278471
-0.278688
-0.278955
-0.279333
-0.279842
-0.280454
-0.28115
-0.281882
-0.282614
-0.283336
-0.284084
-0.28488
-0.28578
-0.286843
-0.288094
-0.289579
-0.291292
-0.29318
-0.295189
-0.297251
-0.299272
-0.301164
-0.302833
-0.304213
-0.305237
-0.305834
-0.305967
-0.305614
-0.304758
-0.303442
-0.301757
-0.299847
-0.297913
-0.296211
-0.294971
-0.294417
-0.294624
-0.295555
-0.297012
-0.298718
-0.300355
-0.301582
-0.302162
-0.301872
-0.300608
-0.298375
-0.295309
-0.291696
-0.288003
-0.284812
-0.282786
-0.282493
-0.284292
-0.288201
-0.293838
-0.30056
-0.307565
-0.314032
-0.319245
-0.322607
-0.323626
-0.321982
-0.317599
-0.310815
-0.302617
-0.294666
-0.289014
-0.287409
-0.290472
-0.297433
-0.306514
-0.315767
-0.323619
-0.329127
-0.331849
-0.331698
-0.328803
-0.323393
-0.315912
-0.306937
-0.297239
-0.287709
-0.279276
-0.272728
-0.268656
-0.267366
-0.268878
-0.272916
-0.278937
-0.286134
-0.293716
-0.300955
-0.307386
-0.312781
-0.317141
-0.320565
-0.32323
-0.32531
-0.326936
-0.32823
-0.329282
-0.330156
-0.330909
-0.331642
-0.332352
-0.333069
-0.333808
-0.334573
-0.335329
-0.336079
-0.336784
-0.337398
-0.33787
-0.338121
-0.338074
-0.337628
-0.336677
-0.335089
-0.332746
-0.329501
-0.325234
-0.31984
-0.313306
-0.305834
-0.29784
-0.290086
-0.283563
-0.279272
-0.27783
-0.279245
-0.282858
-0.287674
-0.29269
-0.297163
-0.300671
-0.303126
-0.304615
-0.305338
-0.305557
-0.305516
-0.305428
-0.305463
-0.305686
-0.306102
-0.306646
-0.307196
-0.307592
-0.307704
-0.307447
-0.306893
-0.306197
-0.305604
-0.30541
-0.305829
-0.30694
-0.308661
-0.31077
-0.313038
-0.315225
-0.317157
-0.318758
-0.319985
-0.32085
-0.321381
-0.321569
-0.321442
-0.321012
-0.320271
-0.319257
-0.318003
-0.316578
-0.315044
-0.313496
-0.312033
-0.310754
-0.309731
-0.308989
-0.308534
-0.308324
-0.308261
-0.3082
-0.30798
-0.307397
-0.306237
-0.304249
-0.301188
-0.296808
-0.290925
-0.283421
-0.274375
-0.264096
-0.253254
-0.242842
-0.234075
-0.22816
-0.22593
-0.227541
-0.232554
-0.240073
-0.249128
-0.258838
-0.268498
-0.277574
-0.285653
-0.292456
-0.297872
-0.301958
-0.304873
-0.306837
-0.308089
-0.308824
-0.309154
-0.309085
-0.308602
-0.307611
-0.306015
-0.303711
-0.300648
-0.29683
-0.292322
-0.287339
-0.282187
-0.277267
-0.273034
-0.269805
-0.267718
-0.266693
-0.266495
-0.266856
-0.267636
-0.26879
-0.270368
-0.272392
-0.274761
-0.277288
-0.279653
-0.281569
-0.282798
-0.283161
-0.282629
-0.281229
-0.279088
-0.276419
-0.27349
-0.270631
-0.268185
-0.266444
-0.265625
-0.265802
-0.266931
-0.268814
-0.271198
-0.273845
-0.276522
-0.27909
-0.281437
-0.283518
-0.285332
-0.286891
-0.288245
-0.289402
-0.290406
-0.291303
-0.292108
-0.292834
-0.293485
-0.294081
-0.294613
-0.295079
-0.295467
-0.295778
-0.295993
-0.296103
-0.296102
-0.296007
-0.2958
-0.295495
-0.295109
-0.294677
-0.29421
-0.293791
-0.29343
-0.293163
-0.293024
-0.293005
-0.293099
-0.293255
-0.293425
-0.293519
-0.293448
-0.293164
-0.292609
-0.291763
-0.290649
-0.289311
-0.287844
-0.286351
-0.284966
-0.283832
-0.283085
-0.282874
-0.283296
-0.28446
-0.28641
-0.289115
-0.292453
-0.296218
-0.300134
-0.303917
-0.307297
-0.310083
-0.312168
-0.313526
-0.314212
-0.314321
-0.313978
-0.313336
-0.312483
-0.311507
-0.310474
-0.309419
-0.308393
-0.307445
-0.306634
-0.306029
-0.305689
-0.305627
-0.305813
-0.306198
-0.306692
-0.307213
-0.307714
-0.308195
-0.308721
-0.309379
-0.310344
-0.311718
-0.313594
-0.315971
-0.318764
-0.321818
-0.324942
-0.327961
-0.33071
-0.33305
-0.334936
-0.336343
-0.337295
-0.337841
-0.338064
-0.338015
-0.337764
-0.337362
-0.336799
-0.336033
-0.334964
-0.333462
-0.33139
-0.328664
-0.325306
-0.321516
-0.317713
-0.314467
-0.31241
-0.311999
-0.313352
-0.316169
-0.319854
-0.323675
-0.326931
-0.329064
-0.32969
-0.32864
-0.325908
-0.321654
-0.316236
-0.310152
-0.304048
-0.298628
-0.294601
-0.292548
-0.292829
-0.295513
-0.300323
-0.306727
-0.313984
-0.321343
-0.32813
-0.333829
-0.338065
-0.340646
-0.341487
-0.340569
-0.338017
-0.333996
-0.328812
-0.322881
-0.316658
-0.310601
-0.305043
-0.300119
-0.295784
-0.291916
-0.28854
-0.285926
-0.284622
-0.285233
-0.288163
-0.293365
-0.300283
-0.308037
-0.315649
-0.322338
-0.32755
-0.330993
-0.332583
-0.332362
-0.330491
-0.327262
-0.323113
-0.318582
-0.314266
-0.310723
-0.308327
-0.307169
-0.307093
-0.307697
-0.308548
-0.309221
-0.309398
-0.30882
-0.307345
-0.304902
-0.301525
-0.297398
-0.292852
-0.288336
-0.284372
-0.281379
-0.27959
-0.278959
-0.279218
-0.279976
-0.280898
-0.281728
-0.282349
-0.282763
-0.28302
-0.283179
-0.283268
-0.283307
-0.283278
-0.283132
-0.282811
-0.282294
-0.281561
-0.28064
-0.27956
-0.278398
-0.277279
-0.276314
-0.275614
-0.275293
-0.275424
-0.276081
-0.277255
-0.278931
-0.281033
-0.283455
-0.286109
-0.288863
-0.291631
-0.294343
-0.296932
-0.299356
-0.301571
-0.303541
-0.305226
-0.306587
-0.307549
-0.308008
-0.307821
-0.306815
-0.304789
-0.301492
-0.296709
-0.29028
-0.282278
-0.273074
-0.263582
-0.255182
-0.249447
-0.247415
-0.249016
-0.252931
-0.257235
-0.260187
-0.260763
-0.258895
-0.255361
-0.251543
-0.249098
-0.249358
-0.252858
-0.259195
-0.267354
-0.276217
-0.28494
-0.293007
-0.300127
-0.306144
-0.310956
-0.31442
-0.316418
-0.316847
-0.31561
-0.312638
-0.308002
-0.301918
-0.294884
-0.287676
-0.281261
-0.276558
-0.274136
-0.273998
-0.275669
-0.278377
-0.281344
-0.283961
-0.285861
-0.286949
-0.287328
-0.287288
-0.287179
-0.287367
-0.288084
-0.28943
-0.291312
-0.293548
-0.295907
-0.298214
-0.30036
-0.302325
-0.304146
-0.305932
-0.307786
-0.309756
-0.311835
-0.313956
-0.315997
-0.317822
-0.319294
-0.32032
-0.320829
-0.320783
-0.320205
-0.319137
-0.317681
-0.315983
-0.314174
-0.312401
-0.310806
-0.30948
-0.30847
-0.307782
-0.307393
-0.307281
-0.307399
-0.307752
-0.308384
-0.309326
-0.310655
-0.31241
-0.314608
-0.317207
-0.320094
-0.323134
-0.326125
-0.328873
-0.331209
-0.332981
-0.334125
-0.3346
-0.334471
-0.333869
-0.333012
-0.332161
-0.331582
-0.331515
-0.332059
-0.333214
-0.33482
-0.336652
-0.338413
-0.339854
-0.340778
-0.341078
-0.340726
-0.339785
-0.338383
-0.336654
-0.334707
-0.33256
-0.330237
-0.327708
-0.324942
-0.322013
-0.319052
-0.316304
-0.314034
-0.312526
-0.31198
-0.312467
-0.313917
-0.316173
-0.318981
-0.322101
-0.325337
-0.328504
-0.331482
-0.334202
-0.336582
-0.338598
-0.340197
-0.341341
-0.342007
-0.342196
-0.341927
-0.341266
-0.340309
-0.339174
-0.338002
-0.336942
-0.336101
-0.335515
-0.335181
-0.33505
-0.335022
-0.334963
-0.334781
-0.334417
-0.333799
-0.332945
-0.331847
-0.330566
-0.329127
-0.327581
-0.325998
-0.324423
-0.322921
-0.321557
-0.32041
-0.319554
-0.319082
-0.319061
-0.319535
-0.320498
-0.321907
-0.323656
-0.325646
-0.327717
-0.329739
-0.33159
-0.333195
-0.334461
-0.335337
-0.335757
-0.335683
-0.335062
-0.333846
-0.331977
-0.329432
-0.326244
-0.322556
-0.318634
-0.314911
-0.311914
-0.310188
-0.310085
-0.311641
-0.314539
-0.31825
-0.322132
-0.32566
-0.32843
-0.330202
-0.330859
-0.330404
-0.328865
-0.326371
-0.323144
-0.319538
-0.316054
-0.313308
-0.31191
-0.312272
-0.314478
-0.318294
-0.323194
-0.32857
-0.333881
-0.338724
-0.342839
-0.346076
-0.348378
-0.349727
-0.350147
-0.349702
-0.348489
-0.34668
-0.344443
-0.342008
-0.339618
-0.337498
-0.335841
-0.334694
-0.334045
-0.333787
-0.333747
-0.333759
-0.333692
-0.333496
-0.333202
-0.332956
-0.332891
-0.333204
-0.334033
-0.335459
-0.337416
-0.339778
-0.34228
-0.34467
-0.346672
-0.348048
-0.348619
-0.348221
-0.346751
-0.344086
-0.340197
-0.335188
-0.329383
-0.323447
-0.318377
-0.31529
-0.314987
-0.317617
-0.322574
-0.328806
-0.3352
-0.340958
-0.345649
-0.349159
-0.351575
-0.353073
-0.353869
-0.354145
-0.354075
-0.353794
-0.353388
-0.352939
-0.352466
-0.351956
-0.351383
-0.350702
-0.34988
-0.348897
-0.347789
-0.346688
-0.345857
-0.345606
-0.346239
-0.348006
-0.35096
-0.354944
-0.359641
-0.364645
-0.369536
-0.373988
-0.37778
-0.38076
-0.38287
-0.384094
-0.384417
-0.383848
-0.38238
-0.380064
-0.376941
-0.373072
-0.368582
-0.363649
-0.358499
-0.0318372
-0.0318411
-0.0318513
-0.0318678
-0.0318907
-0.0319198
-0.0319553
-0.0319971
-0.0320451
-0.0320995
-0.0321603
-0.0322274
-0.0323009
-0.0323832
-0.0324793
-0.0325797
-0.0326845
-0.0328128
-0.0329436
-0.0330886
-0.0332362
-0.0333889
-0.033556
-0.0337237
-0.0339085
-0.0341132
-0.0343117
-0.0345231
-0.0347405
-0.0349663
-0.0351912
-0.0354391
-0.0356841
-0.0359311
-0.0361994
-0.0364772
-0.0367601
-0.0370484
-0.0373471
-0.0376493
-0.0379695
-0.0382868
-0.0386203
-0.0389706
-0.0393522
-0.0397182
-0.040102
-0.0405041
-0.0409204
-0.0413489
-0.0417855
-0.0422402
-0.0427183
-0.0432016
-0.0437167
-0.044255
-0.0448006
-0.0453757
-0.0459598
-0.0465752
-0.0472156
-0.0478726
-0.0485521
-0.0492622
-0.0499925
-0.0507585
-0.0515497
-0.0523723
-0.0532258
-0.0541187
-0.0550366
-0.0560072
-0.0570092
-0.0580516
-0.0591584
-0.0603059
-0.061504
-0.0627484
-0.0640444
-0.0654001
-0.0668188
-0.0683067
-0.0698721
-0.0715122
-0.0732285
-0.0750302
-0.0769099
-0.0788863
-0.0809615
-0.0831352
-0.0854165
-0.0878019
-0.0903018
-0.0929183
-0.0956428
-0.0984883
-0.101439
-0.104489
-0.107634
-0.110857
-0.0318372
-0.0318411
-0.0318513
-0.0318678
-0.0318907
-0.0319198
-0.0319553
-0.0319971
-0.0320451
-0.0320995
-0.0321603
-0.0322274
-0.0323009
-0.0323832
-0.0324793
-0.0325797
-0.0326845
-0.0328128
-0.0329436
-0.0330886
-0.0332362
-0.0333889
-0.033556
-0.0337237
-0.0339085
-0.0341132
-0.0343117
-0.0345231
-0.0347405
-0.0349663
-0.0351912
-0.0354391
-0.0356841
-0.0359311
-0.0361994
-0.0364772
-0.0367601
-0.0370484
-0.0373471
-0.0376493
-0.0379695
-0.0382868
-0.0386203
-0.0389706
-0.0393522
-0.0397182
-0.040102
-0.0405041
-0.0409204
-0.0413489
-0.0417855
-0.0422402
-0.0427183
-0.0432016
-0.0437167
-0.044255
-0.0448006
-0.0453757
-0.0459598
-0.0465752
-0.0472156
-0.0478726
-0.0485521
-0.0492622
-0.0499925
-0.0507585
-0.0515497
-0.0523723
-0.0532258
-0.0541187
-0.0550366
-0.0560072
-0.0570092
-0.0580516
-0.0591584
-0.0603059
-0.061504
-0.0627484
-0.0640444
-0.0654001
-0.0668188
-0.0683067
-0.0698721
-0.0715122
-0.0732285
-0.0750302
-0.0769099
-0.0788863
-0.0809615
-0.0831352
-0.0854165
-0.0878019
-0.0903018
-0.0929183
-0.0956428
-0.0984883
-0.101439
-0.104489
-0.107634
-0.110857
-0.0318372
-0.0318404
-0.0318489
-0.0318627
-0.0318818
-0.0319061
-0.0319357
-0.0319705
-0.0320105
-0.0320559
-0.0321065
-0.0321624
-0.0322236
-0.0322901
-0.032362
-0.0324465
-0.0325366
-0.0326299
-0.0327337
-0.0328552
-0.0329802
-0.0331114
-0.0332486
-0.0333872
-0.0335415
-0.0336927
-0.0338526
-0.0340404
-0.0342231
-0.0344102
-0.0346042
-0.0348075
-0.0350131
-0.0352212
-0.0354461
-0.0356714
-0.0358972
-0.0361426
-0.0363888
-0.036648
-0.036906
-0.0371702
-0.0374502
-0.0377298
-0.0380209
-0.0383119
-0.0386173
-0.0389375
-0.0392846
-0.0396186
-0.0399659
-0.0403267
-0.0406944
-0.0410836
-0.0414781
-0.0418783
-0.0422989
-0.0427379
-0.0431793
-0.0436474
-0.0441355
-0.0446348
-0.0451506
-0.0456765
-0.046232
-0.0467967
-0.0473902
-0.0479944
-0.0486195
-0.049269
-0.0499365
-0.0506374
-0.0513538
-0.0520988
-0.0528711
-0.0536698
-0.0544986
-0.0553565
-0.0562524
-0.0571807
-0.0581407
-0.0591582
-0.0602114
-0.0613001
-0.0624335
-0.0636117
-0.06483
-0.0661077
-0.0674406
-0.0688316
-0.0702885
-0.0718099
-0.0734014
-0.0750643
-0.0767902
-0.0786018
-0.080498
-0.0824802
-0.0845495
-0.0867114
-0.0889666
-0.0913245
-0.0937793
-0.0963288
-0.0989834
-0.101725
-0.104558
-0.107465
-0.110437
-0.11345
-0.116459
-0.119428
-0.122292
-0.125001
-0.127429
-0.129476
-0.131005
-0.131854
-0.13187
-0.130916
-0.128938
-0.125958
-0.122194
-0.118052
-0.11416
-0.111228
-0.109955
-0.110793
-0.113854
-0.118879
-0.125348
-0.132571
-0.139797
-0.146378
-0.151789
-0.155763
-0.158301
-0.159755
-0.16075
-0.162102
-0.164598
-0.16876
-0.174655
-0.181881
-0.189695
-0.197279
-0.203908
-0.20909
-0.212596
-0.214427
-0.214748
-0.213882
-0.212209
-0.210117
-0.20795
-0.205904
-0.204068
-0.202409
-0.200853
-0.199335
-0.197774
-0.196147
-0.194425
-0.192626
-0.190858
-0.189377
-0.188572
-0.188872
-0.190645
-0.194
-0.198857
-0.204953
-0.211928
-0.219377
-0.226877
-0.233999
-0.240381
-0.2457
-0.249724
-0.25235
-0.253603
-0.253615
-0.25263
-0.250977
-0.249055
-0.247258
-0.245962
-0.245441
-0.245885
-0.247318
-0.249638
-0.252631
-0.256038
-0.259552
-0.26292
-0.265918
-0.268444
-0.270436
-0.271915
-0.272989
-0.273783
-0.274447
-0.275067
-0.275709
-0.276359
-0.276989
-0.277525
-0.277943
-0.278244
-0.278471
-0.278688
-0.278955
-0.279333
-0.279842
-0.280454
-0.28115
-0.281882
-0.282614
-0.283336
-0.284084
-0.28488
-0.28578
-0.286843
-0.288094
-0.289579
-0.291292
-0.29318
-0.295189
-0.297251
-0.299272
-0.301164
-0.302833
-0.304213
-0.305237
-0.305834
-0.305967
-0.305614
-0.304758
-0.303442
-0.301757
-0.299847
-0.297913
-0.296211
-0.294971
-0.294417
-0.294624
-0.295555
-0.297012
-0.298718
-0.300355
-0.301582
-0.302162
-0.301872
-0.300608
-0.298375
-0.295309
-0.291696
-0.288003
-0.284812
-0.282786
-0.282493
-0.284292
-0.288201
-0.293838
-0.30056
-0.307565
-0.314032
-0.319245
-0.322607
-0.323626
-0.321982
-0.317599
-0.310815
-0.302617
-0.294666
-0.289014
-0.287409
-0.290472
-0.297433
-0.306514
-0.315767
-0.323619
-0.329127
-0.331849
-0.331698
-0.328803
-0.323393
-0.315912
-0.306937
-0.297239
-0.287709
-0.279276
-0.272728
-0.268656
-0.267366
-0.268878
-0.272916
-0.278937
-0.286134
-0.293716
-0.300955
-0.307386
-0.312781
-0.317141
-0.320565
-0.32323
-0.32531
-0.326936
-0.32823
-0.329282
-0.330156
-0.330909
-0.331642
-0.332352
-0.333069
-0.333808
-0.334573
-0.335329
-0.336079
-0.336784
-0.337398
-0.33787
-0.338121
-0.338074
-0.337628
-0.336677
-0.335089
-0.332746
-0.329501
-0.325234
-0.31984
-0.313306
-0.305834
-0.29784
-0.290086
-0.283563
-0.279272
-0.27783
-0.279245
-0.282858
-0.287674
-0.29269
-0.297163
-0.300671
-0.303126
-0.304615
-0.305338
-0.305557
-0.305516
-0.305428
-0.305463
-0.305686
-0.306102
-0.306646
-0.307196
-0.307592
-0.307704
-0.307447
-0.306893
-0.306197
-0.305604
-0.30541
-0.305829
-0.30694
-0.308661
-0.31077
-0.313038
-0.315225
-0.317157
-0.318758
-0.319985
-0.32085
-0.321381
-0.321569
-0.321442
-0.321012
-0.320271
-0.319257
-0.318003
-0.316578
-0.315044
-0.313496
-0.312033
-0.310754
-0.309731
-0.308989
-0.308534
-0.308324
-0.308261
-0.3082
-0.30798
-0.307397
-0.306237
-0.304249
-0.301188
-0.296808
-0.290925
-0.283421
-0.274375
-0.264096
-0.253254
-0.242842
-0.234075
-0.22816
-0.22593
-0.227541
-0.232554
-0.240073
-0.249128
-0.258838
-0.268498
-0.277574
-0.285653
-0.292456
-0.297872
-0.301958
-0.304873
-0.306837
-0.308089
-0.308824
-0.309154
-0.309085
-0.308602
-0.307611
-0.306015
-0.303711
-0.300648
-0.29683
-0.292322
-0.287339
-0.282187
-0.277267
-0.273034
-0.269805
-0.267718
-0.266693
-0.266495
-0.266856
-0.267636
-0.26879
-0.270368
-0.272392
-0.274761
-0.277288
-0.279653
-0.281569
-0.282798
-0.283161
-0.282629
-0.281229
-0.279088
-0.276419
-0.27349
-0.270631
-0.268185
-0.266444
-0.265625
-0.265802
-0.266931
-0.268814
-0.271198
-0.273845
-0.276522
-0.27909
-0.281437
-0.283518
-0.285332
-0.286891
-0.288245
-0.289402
-0.290406
-0.291303
-0.292108
-0.292834
-0.293485
-0.294081
-0.294613
-0.295079
-0.295467
-0.295778
-0.295993
-0.296103
-0.296102
-0.296007
-0.2958
-0.295495
-0.295109
-0.294677
-0.29421
-0.293791
-0.29343
-0.293163
-0.293024
-0.293005
-0.293099
-0.293255
-0.293425
-0.293519
-0.293448
-0.293164
-0.292609
-0.291763
-0.290649
-0.289311
-0.287844
-0.286351
-0.284966
-0.283832
-0.283085
-0.282874
-0.283296
-0.28446
-0.28641
-0.289115
-0.292453
-0.296218
-0.300134
-0.303917
-0.307297
-0.310083
-0.312168
-0.313526
-0.314212
-0.314321
-0.313978
-0.313336
-0.312483
-0.311507
-0.310474
-0.309419
-0.308393
-0.307445
-0.306634
-0.306029
-0.305689
-0.305627
-0.305813
-0.306198
-0.306692
-0.307213
-0.307714
-0.308195
-0.308721
-0.309379
-0.310344
-0.311718
-0.313594
-0.315971
-0.318764
-0.321818
-0.324942
-0.327961
-0.33071
-0.33305
-0.334936
-0.336343
-0.337295
-0.337841
-0.338064
-0.338015
-0.337764
-0.337362
-0.336799
-0.336033
-0.334964
-0.333462
-0.33139
-0.328664
-0.325306
-0.321516
-0.317713
-0.314467
-0.31241
-0.311999
-0.313352
-0.316169
-0.319854
-0.323675
-0.326931
-0.329064
-0.32969
-0.32864
-0.325908
-0.321654
-0.316236
-0.310152
-0.304048
-0.298628
-0.294601
-0.292548
-0.292829
-0.295513
-0.300323
-0.306727
-0.313984
-0.321343
-0.32813
-0.333829
-0.338065
-0.340646
-0.341487
-0.340569
-0.338017
-0.333996
-0.328812
-0.322881
-0.316658
-0.310601
-0.305043
-0.300119
-0.295784
-0.291916
-0.28854
-0.285926
-0.284622
-0.285233
-0.288163
-0.293365
-0.300283
-0.308037
-0.315649
-0.322338
-0.32755
-0.330993
-0.332583
-0.332362
-0.330491
-0.327262
-0.323113
-0.318582
-0.314266
-0.310723
-0.308327
-0.307169
-0.307093
-0.307697
-0.308548
-0.309221
-0.309398
-0.30882
-0.307345
-0.304902
-0.301525
-0.297398
-0.292852
-0.288336
-0.284372
-0.281379
-0.27959
-0.278959
-0.279218
-0.279976
-0.280898
-0.281728
-0.282349
-0.282763
-0.28302
-0.283179
-0.283268
-0.283307
-0.283278
-0.283132
-0.282811
-0.282294
-0.281561
-0.28064
-0.27956
-0.278398
-0.277279
-0.276314
-0.275614
-0.275293
-0.275424
-0.276081
-0.277255
-0.278931
-0.281033
-0.283455
-0.286109
-0.288863
-0.291631
-0.294343
-0.296932
-0.299356
-0.301571
-0.303541
-0.305226
-0.306587
-0.307549
-0.308008
-0.307821
-0.306815
-0.304789
-0.301492
-0.296709
-0.29028
-0.282278
-0.273074
-0.263582
-0.255182
-0.249447
-0.247415
-0.249016
-0.252931
-0.257235
-0.260187
-0.260763
-0.258895
-0.255361
-0.251543
-0.249098
-0.249358
-0.252858
-0.259195
-0.267354
-0.276217
-0.28494
-0.293007
-0.300127
-0.306144
-0.310956
-0.31442
-0.316418
-0.316847
-0.31561
-0.312638
-0.308002
-0.301918
-0.294884
-0.287676
-0.281261
-0.276558
-0.274136
-0.273998
-0.275669
-0.278377
-0.281344
-0.283961
-0.285861
-0.286949
-0.287328
-0.287288
-0.287179
-0.287367
-0.288084
-0.28943
-0.291312
-0.293548
-0.295907
-0.298214
-0.30036
-0.302325
-0.304146
-0.305932
-0.307786
-0.309756
-0.311835
-0.313956
-0.315997
-0.317822
-0.319294
-0.32032
-0.320829
-0.320783
-0.320205
-0.319137
-0.317681
-0.315983
-0.314174
-0.312401
-0.310806
-0.30948
-0.30847
-0.307782
-0.307393
-0.307281
-0.307399
-0.307752
-0.308384
-0.309326
-0.310655
-0.31241
-0.314608
-0.317207
-0.320094
-0.323134
-0.326125
-0.328873
-0.331209
-0.332981
-0.334125
-0.3346
-0.334471
-0.333869
-0.333012
-0.332161
-0.331582
-0.331515
-0.332059
-0.333214
-0.33482
-0.336652
-0.338413
-0.339854
-0.340778
-0.341078
-0.340726
-0.339785
-0.338383
-0.336654
-0.334707
-0.33256
-0.330237
-0.327708
-0.324942
-0.322013
-0.319052
-0.316304
-0.314034
-0.312526
-0.31198
-0.312467
-0.313917
-0.316173
-0.318981
-0.322101
-0.325337
-0.328504
-0.331482
-0.334202
-0.336582
-0.338598
-0.340197
-0.341341
-0.342007
-0.342196
-0.341927
-0.341266
-0.340309
-0.339174
-0.338002
-0.336942
-0.336101
-0.335515
-0.335181
-0.33505
-0.335022
-0.334963
-0.334781
-0.334417
-0.333799
-0.332945
-0.331847
-0.330566
-0.329127
-0.327581
-0.325998
-0.324423
-0.322921
-0.321557
-0.32041
-0.319554
-0.319082
-0.319061
-0.319535
-0.320498
-0.321907
-0.323656
-0.325646
-0.327717
-0.329739
-0.33159
-0.333195
-0.334461
-0.335337
-0.335757
-0.335683
-0.335062
-0.333846
-0.331977
-0.329432
-0.326244
-0.322556
-0.318634
-0.314911
-0.311914
-0.310188
-0.310085
-0.311641
-0.314539
-0.31825
-0.322132
-0.32566
-0.32843
-0.330202
-0.330859
-0.330404
-0.328865
-0.326371
-0.323144
-0.319538
-0.316054
-0.313308
-0.31191
-0.312272
-0.314478
-0.318294
-0.323194
-0.32857
-0.333881
-0.338724
-0.342839
-0.346076
-0.348378
-0.349727
-0.350147
-0.349702
-0.348489
-0.34668
-0.344443
-0.342008
-0.339618
-0.337498
-0.335841
-0.334694
-0.334045
-0.333787
-0.333747
-0.333759
-0.333692
-0.333496
-0.333202
-0.332956
-0.332891
-0.333204
-0.334033
-0.335459
-0.337416
-0.339778
-0.34228
-0.34467
-0.346672
-0.348048
-0.348619
-0.348221
-0.346751
-0.344086
-0.340197
-0.335188
-0.329383
-0.323447
-0.318377
-0.31529
-0.314987
-0.317617
-0.322574
-0.328806
-0.3352
-0.340958
-0.345649
-0.349159
-0.351575
-0.353073
-0.353869
-0.354145
-0.354075
-0.353794
-0.353388
-0.352939
-0.352466
-0.351956
-0.351383
-0.350702
-0.34988
-0.348897
-0.347789
-0.346688
-0.345857
-0.345606
-0.346239
-0.348006
-0.35096
-0.354944
-0.359641
-0.364645
-0.369536
-0.373988
-0.37778
-0.38076
-0.38287
-0.384094
-0.384417
-0.383848
-0.38238
-0.380064
-0.376941
-0.373072
-0.368582
-0.363649
-0.358499
-0.353456
-0.348908
-0.345211
-0.342722
-0.341733
-0.342352
-0.3446
-0.348314
-0.353189
-0.358839
-0.364852
-0.370817
-0.376383
-0.381262
-0.385297
-0.388375
-0.390494
-0.39172
-0.392198
-0.392136
-0.391778
-0.391388
-0.391248
-0.391567
-0.392503
-0.394112
-0.396353
-0.39914
-0.402371
-0.405942
-0.409764
-0.413693
-0.417524
-0.420987
-0.423771
-0.425556
-0.426129
-0.425421
-0.423514
-0.420703
-0.417433
-0.414242
-0.411578
-0.409623
-0.408201
-0.4068
-0.404757
-0.401438
-0.396415
-0.389603
-0.381395
-0.372732
-0.365092
-0.360214
-0.359478
-0.363224
-0.370549
-0.379697
-0.388782
-0.396403
-0.40188
-0.405126
-0.406457
-0.406374
-0.405379
-0.403923
-0.402386
-0.401054
-0.400126
-0.39969
-0.399737
-0.400198
-0.400943
-0.401841
-0.40279
-0.403738
-0.404684
-0.405655
-0.406679
-0.407806
-0.409098
-0.410583
-0.41228
-0.414146
-0.416127
-0.418153
-0.420154
-0.422045
-0.423757
-0.425249
-0.426484
-0.42744
-0.428128
-0.428558
-0.428761
-0.428774
-0.428626
-0.428351
-0.427999
-0.42762
-0.427252
-0.426962
-0.426761
-0.426694
-0.426752
-0.426943
-0.427242
-0.427576
-0.427869
-0.427967
-0.427666
-0.426716
-0.424784
-0.421488
-0.416465
-0.409486
-0.400679
-0.390737
-0.381072
-0.37353
-0.369694
-0.370086
-0.373988
-0.379944
-0.386548
-0.392855
-0.398468
-0.403377
-0.407736
-0.41178
-0.415711
-0.419576
-0.423243
-0.426431
-0.428754
-0.429868
-0.429566
-0.42792
-0.42535
-0.422589
-0.420538
-0.419835
-0.420561
-0.422027
-0.422945
-0.421842
-0.417413
-0.409035
-0.397267
-0.384321
-0.373818
-0.369278
-0.371927
-0.37992
-0.389938
-0.399216
-0.406425
-0.411494
-0.414909
-0.417332
-0.419334
-0.421307
-0.423474
-0.425909
-0.428556
-0.431301
-0.433994
-0.436482
-0.438596
-0.440215
-0.441212
-0.441491
-0.440981
-0.439577
-0.437198
-0.433774
-0.429279
-0.42373
-0.417264
-0.410136
-0.402816
-0.395952
-0.390268
-0.386426
-0.384794
-0.385358
-0.38776
-0.391386
-0.39561
-0.399925
-0.40402
-0.407789
-0.411254
-0.414482
-0.417517
-0.420362
-0.422887
-0.42487
-0.426006
-0.425945
-0.424313
-0.420876
-0.415501
-0.408452
-0.400507
-0.393037
-0.387716
-0.38588
-0.387874
-0.392892
-0.39946
-0.40612
-0.411896
-0.416311
-0.419273
-0.420821
-0.421065
-0.420094
-0.417976
-0.414746
-0.410539
-0.405556
-0.400188
-0.394904
-0.390259
-0.386724
-0.384588
-0.383893
-0.384438
-0.38582
-0.387537
-0.388986
-0.389636
-0.38906
-0.387077
-0.383793
-0.379609
-0.375185
-0.371274
-0.368494
-0.367193
-0.367365
-0.368748
-0.37096
-0.373669
-0.376615
-0.379627
-0.382574
-0.385356
-0.387861
-0.390021
-0.391798
-0.393195
-0.394256
-0.39503
-0.395594
-0.395988
-0.396266
-0.396456
-0.39655
-0.396565
-0.3965
-0.396357
-0.39614
-0.395871
-0.395547
-0.395147
-0.394649
-0.393947
-0.392979
-0.391648
-0.389899
-0.387706
-0.385103
-0.382199
-0.379171
-0.376272
-0.373775
-0.371943
-0.370973
-0.370935
-0.371758
-0.373226
-0.375067
-0.376976
-0.3787
-0.380104
-0.381138
-0.381838
-0.382241
-0.382348
-0.382049
-0.381165
-0.379608
-0.377563
-0.375621
-0.374728
-0.375813
-0.379311
-0.384862
-0.391476
-0.397995
-0.403423
-0.407248
-0.409351
-0.40987
-0.409057
-0.40714
-0.404319
-0.400707
-0.39633
-0.391138
-0.385075
-0.378132
-0.370404
-0.362104
-0.353609
-0.345452
-0.338364
-0.333318
-0.331378
-0.333356
-0.339343
-0.34858
-0.359662
-0.371115
-0.381735
-0.39087
-0.398288
-0.404018
-0.408255
-0.411234
-0.413191
-0.414333
-0.414793
-0.414713
-0.414175
-0.413244
-0.411927
-0.41023
-0.408113
-0.405465
-0.402146
-0.397956
-0.392711
-0.386317
-0.378897
-0.370927
-0.363287
-0.357101
-0.353325
-0.352306
-0.353622
-0.356344
-0.35956
-0.362638
-0.365323
-0.367577
-0.369333
-0.370489
-0.370787
-0.370041
-0.368147
-0.365253
-0.36171
-0.358008
-0.354692
-0.352235
-0.350972
-0.35109
-0.352625
-0.355498
-0.359497
-0.364291
-0.369443
-0.374545
-0.379182
-0.382992
-0.385696
-0.387059
-0.386904
-0.385092
-0.381523
-0.376189
-0.369238
-0.361043
-0.352323
-0.34407
-0.337453
-0.3335
-0.332703
-0.334818
-0.339017
-0.344209
-0.349311
-0.353511
-0.356343
-0.357654
-0.357602
-0.356576
-0.355086
-0.353664
-0.352745
-0.352492
-0.352839
-0.353489
-0.354114
-0.354448
-0.354397
-0.354034
-0.353547
-0.353184
-0.353141
-0.353524
-0.354243
-0.355139
-0.355977
-0.356532
-0.35664
-0.356205
-0.355233
-0.353782
-0.351978
-0.349965
-0.347891
-0.345867
-0.343992
-0.342334
-0.340915
-0.339764
-0.338912
-0.338373
-0.338193
-0.338361
-0.338814
-0.339422
-0.340041
-0.340496
-0.340673
-0.340548
-0.340241
-0.339975
-0.34005
-0.340735
-0.342187
-0.344439
-0.34735
-0.350673
-0.354135
-0.357477
-0.360512
-0.363119
-0.365211
-0.366771
-0.367772
-0.368236
-0.368165
-0.367583
-0.366505
-0.364977
-0.36301
-0.360705
-0.358153
-0.355444
-0.352694
-0.350004
-0.347419
-0.344967
-0.342603
-0.340257
-0.337864
-0.3354
-0.332881
-0.330385
-0.32805
-0.326027
-0.324486
-0.32358
-0.323436
-0.324122
-0.325652
-0.327981
-0.331007
-0.334603
-0.33861
-0.342879
-0.347264
-0.351657
-0.355973
-0.360103
-0.363947
-0.367412
-0.370391
-0.372801
-0.374596
-0.375759
-0.376335
-0.376415
-0.376147
-0.375696
-0.375261
-0.375033
-0.375123
-0.375618
-0.376517
-0.377744
-0.379182
-0.380692
-0.382157
-0.38346
-0.384527
-0.385334
-0.38586
-0.386094
-0.386069
-0.385804
-0.385326
-0.384667
-0.383858
-0.382895
-0.381836
-0.380688
-0.379451
-0.378132
-0.376721
-0.375187
-0.373515
-0.371636
-0.369513
-0.36712
-0.364457
-0.361612
-0.358789
-0.356292
-0.354518
-0.353887
-0.354712
-0.357119
-0.360951
-0.365802
-0.371139
-0.376425
-0.381219
-0.385245
-0.388349
-0.390524
-0.39183
-0.392358
-0.392252
-0.391652
-0.390695
-0.389517
-0.388199
-0.386848
-0.38552
-0.384258
-0.383043
-0.38189
-0.380771
-0.379694
-0.378669
-0.377711
-0.376818
-0.375994
-0.375247
-0.374607
-0.374182
-0.374105
-0.37453
-0.375529
-0.377092
-0.379092
-0.381322
-0.383499
-0.38539
-0.386779
-0.387551
-0.387604
-0.38692
-0.385527
-0.383483
-0.380893
-0.377884
-0.374571
-0.371129
-0.367712
-0.364497
-0.361667
-0.359423
-0.35797
-0.357474
-0.358071
-0.3598
-0.362583
-0.366203
-0.370382
-0.374771
-0.379074
-0.382999
-0.386381
-0.389121
-0.391181
-0.392613
-0.393468
-0.393806
-0.393725
-0.393308
-0.392641
-0.391764
-0.390757
-0.38967
-0.38856
-0.387476
-0.386474
-0.385619
-0.384962
-0.38456
-0.384443
-0.384615
-0.38507
-0.385752
-0.386583
-0.387506
-0.388426
-0.389263
-0.389984
-0.390542
-0.39092
-0.391118
-0.391194
-0.391157
-0.39106
-0.390954
-0.390871
-0.390855
-0.390918
-0.391066
-0.391286
-0.39154
-0.391796
-0.392014
-0.392129
-0.392095
-0.391875
-0.39146
-0.390845
-0.39008
-0.38923
-0.388403
-0.387677
-0.38715
-0.386901
-0.386943
-0.387264
-0.387849
-0.388677
-0.3897
-0.390906
-0.39228
-0.3938
-0.395393
-0.396949
-0.398303
-0.399293
-0.399668
-0.399252
-0.397905
-0.395579
-0.392379
-0.388615
-0.384838
-0.381757
-0.380079
-0.38023
-0.382218
-0.385586
-0.389638
-0.393686
-0.39719
-0.399842
-0.401505
-0.402215
-0.402085
-0.401239
-0.399801
-0.397895
-0.395664
-0.3932
-0.390618
-0.38803
-0.385535
-0.383262
-0.381294
-0.379725
-0.378606
-0.377949
-0.377754
-0.377976
-0.378544
-0.379408
-0.380472
-0.381666
-0.382936
-0.38418
-0.385345
-0.386321
-0.387013
-0.387321
-0.38715
-0.386473
-0.385308
-0.383751
-0.38198
-0.380265
-0.378896
-0.378101
-0.377993
-0.378533
-0.379526
-0.380734
-0.38193
-0.382962
-0.383798
-0.384511
-0.385248
-0.386177
-0.387429
-0.38909
-0.391128
-0.393465
-0.395959
-0.398429
-0.400692
-0.402574
-0.403919
-0.404558
-0.404321
-0.403066
-0.400639
-0.396935
-0.391946
-0.385788
-0.378799
-0.371526
-0.36473
-0.35919
-0.355502
-0.353964
-0.354525
-0.356823
-0.360402
-0.364755
-0.36944
-0.374106
-0.378509
-0.382498
-0.386039
-0.389165
-0.391965
-0.394513
-0.396851
-0.399018
-0.400994
-0.40275
-0.404262
-0.405509
-0.406488
-0.407217
-0.407651
-0.40777
-0.407498
-0.406723
-0.40535
-0.403289
-0.400594
-0.39745
-0.394212
-0.39141
-0.389632
-0.389383
-0.390989
-0.394466
-0.39953
-0.405726
-0.412444
-0.419094
-0.425127
-0.430123
-0.433775
-0.435819
-0.436089
-0.434454
-0.430888
-0.425467
-0.41836
-0.40984
-0.400154
-0.389448
-0.377763
-0.365408
-0.353555
-0.344615
-0.341418
-0.345318
-0.35476
-0.366177
-0.376227
-0.383305
-0.387614
-0.390515
-0.393665
-0.398245
-0.404532
-0.411974
-0.419584
-0.426439
-0.431946
-0.435846
-0.438183
-0.439163
-0.439091
-0.438299
-0.437074
-0.435629
-0.434028
-0.432166
-0.429816
-0.426735
-0.422715
-0.41781
-0.412333
-0.406912
-0.402334
-0.399298
-0.398137
-0.398749
-0.400689
-0.403376
-0.40635
-0.409338
-0.412246
-0.415088
-0.417908
-0.420779
-0.423697
-0.426628
-0.429495
-0.432163
-0.434413
-0.436022
-0.436666
-0.435999
-0.433742
-0.429762
-0.424215
-0.417695
-0.411262
-0.406217
-0.403551
-0.403435
-0.405083
-0.407034
-0.407764
-0.40608
-0.401312
-0.3935
-0.383712
-0.374133
-0.36771
-0.366793
-0.371687
-0.380469
-0.390233
-0.398658
-0.404573
-0.407824
-0.408818
-0.408246
-0.406795
-0.405117
-0.403713
-0.40289
-0.40279
-0.403337
-0.404333
-0.405501
-0.406601
-0.407411
-0.407807
-0.407733
-0.407196
-0.406271
-0.405081
-0.40374
-0.402386
-0.401113
-0.399988
-0.399012
-0.398155
-0.397365
-0.396571
-0.395712
-0.394742
-0.393626
-0.392362
-0.390952
-0.389385
-0.387693
-0.385884
-0.38397
-0.381957
-0.379823
-0.377571
-0.375202
-0.372709
-0.370099
-0.367402
-0.364656
-0.361953
-0.359399
-0.357117
-0.355254
-0.353898
-0.353108
-0.35287
-0.353103
-0.353652
-0.354326
-0.354957
-0.355355
-0.355407
-0.35498
-0.35399
-0.352345
-0.349959
-0.346785
-0.342782
-0.337934
-0.332394
-0.326472
-0.320718
-0.31589
-0.312756
-0.311857
-0.313273
-0.316601
-0.321107
-0.326023
-0.330729
-0.334864
-0.338295
-0.341014
-0.343134
-0.344753
-0.345976
-0.346916
-0.3476
-0.348037
-0.348228
-0.34816
-0.347817
-0.347145
-0.346176
-0.344923
-0.343404
-0.341695
-0.33987
-0.338026
-0.336247
-0.334633
-0.333239
-0.332134
-0.331335
-0.33086
-0.330711
-0.330909
-0.331423
-0.332241
-0.333332
-0.334684
-0.336258
-0.337999
-0.339879
-0.341827
-0.343817
-0.34578
-0.347656
-0.3494
-0.350968
-0.352331
-0.353474
-0.354392
-0.355106
-0.355638
-0.356046
-0.356351
-0.356599
-0.356843
-0.357122
-0.357475
-0.357903
-0.358398
-0.358934
-0.359451
-0.359869
-0.360123
-0.360168
-0.360001
-0.359649
-0.359177
-0.358688
-0.358325
-0.358225
-0.358499
-0.359217
-0.360388
-0.361968
-0.363844
-0.365885
-0.367942
-0.369882
-0.371596
-0.372978
-0.373986
-0.374552
-0.374675
-0.374334
-0.373529
-0.372259
-0.37054
-0.368402
-0.36586
-0.362953
-0.359736
-0.356287
-0.352715
-0.349122
-0.345666
-0.34248
-0.33969
-0.337351
-0.335478
-0.333999
-0.332776
-0.331688
-0.330617
-0.329504
-0.328385
-0.327398
-0.326734
-0.326552
-0.326967
-0.327977
-0.329493
-0.331339
-0.333359
-0.335404
-0.337373
-0.339231
-0.340948
-0.342553
-0.344047
-0.345445
-0.346761
-0.347975
-0.349073
-0.35006
-0.350919
-0.351619
-0.352158
-0.352506
-0.352648
-0.352544
-0.35216
-0.351449
-0.350358
-0.348796
-0.346683
-0.343919
-0.340404
-0.336091
-0.331
-0.325372
-0.319727
-0.314887
-0.311806
-0.31128
-0.313564
-0.318236
-0.32433
-0.330791
-0.336717
-0.341598
-0.345282
-0.347839
-0.349481
-0.350471
-0.351078
-0.351516
-0.351947
-0.352466
-0.353144
-0.354007
-0.355103
-0.356462
-0.358139
-0.360209
-0.362696
-0.365611
-0.368903
-0.372467
-0.376152
-0.379783
-0.383148
-0.386003
-0.388088
-0.389078
-0.388616
-0.386259
-0.381576
-0.374138
-0.363781
-0.350761
-0.336104
-0.321624
-0.309739
-0.302718
-0.301707
-0.306222
-0.314401
-0.323838
-0.332545
-0.339314
-0.343717
-0.345908
-0.346343
-0.345654
-0.344476
-0.343389
-0.342831
-0.343076
-0.344214
-0.346183
-0.348793
-0.351815
-0.355013
-0.358195
-0.361253
-0.364113
-0.366762
-0.369197
-0.371438
-0.373475
-0.375285
-0.376862
-0.378211
-0.379302
-0.380139
-0.380714
-0.381035
-0.381107
-0.380956
-0.380594
-0.380028
-0.379264
-0.378306
-0.377137
-0.375765
-0.374183
-0.372369
-0.370278
-0.367891
-0.365164
-0.362081
-0.358621
-0.354793
-0.350662
-0.346355
-0.34204
-0.338004
-0.334492
-0.331814
-0.330165
-0.329702
-0.330402
-0.332127
-0.334647
-0.337654
-0.340893
-0.344121
-0.3472
-0.350014
-0.352498
-0.354634
-0.356373
-0.357669
-0.358464
-0.358658
-0.358116
-0.356671
-0.354209
-0.350673
-0.346179
-0.341111
-0.336155
-0.332168
-0.329972
-0.330036
-0.332229
-0.33587
-0.3401
-0.344127
-0.347409
-0.349682
-0.350904
-0.351103
-0.350327
-0.348618
-0.345985
-0.342451
-0.338111
-0.333197
-0.328059
-0.323286
-0.319556
-0.317474
-0.317367
-0.319217
-0.322632
-0.32704
-0.331863
-0.336691
-0.34128
-0.345537
-0.349498
-0.353213
-0.356768
-0.360217
-0.363564
-0.366808
-0.369915
-0.372834
-0.375552
-0.378052
-0.38034
-0.382441
-0.384404
-0.386283
-0.388122
-0.389981
-0.391893
-0.393892
-0.395985
-0.398187
-0.400478
-0.402841
-0.405225
-0.407585
-0.409831
-0.411897
-0.413628
-0.414943
-0.415684
-0.415686
-0.414811
-0.412951
-0.410012
-0.406039
-0.401165
-0.395655
-0.389859
-0.384088
-0.378557
-0.373288
-0.368164
-0.363124
-0.358295
-0.354208
-0.351844
-0.352385
-0.356825
-0.365344
-0.377194
-0.390795
-0.404388
-0.416475
-0.42619
-0.433173
-0.437528
-0.43962
-0.439954
-0.439089
-0.437545
-0.435813
-0.434257
-0.433105
-0.432456
-0.432239
-0.432243
-0.432096
-0.431333
-0.42939
-0.425758
-0.420071
-0.412247
-0.402652
-0.392136
-0.381918
-0.373306
-0.367297
-0.364427
-0.364745
-0.367959
-0.373607
-0.381038
-0.389549
-0.398436
-0.407078
-0.414977
-0.421841
-0.427535
-0.432001
-0.435266
-0.437413
-0.438496
-0.438554
-0.437572
-0.435493
-0.4322
-0.427567
-0.421438
-0.413796
-0.404895
-0.395463
-0.386842
-0.380741
-0.378573
-0.38077
-0.386489
-0.394049
-0.401766
-0.408484
-0.413626
-0.41709
-0.419029
-0.419674
-0.419272
-0.418039
-0.416175
-0.413843
-0.411162
-0.40826
-0.405227
-0.402143
-0.399052
-0.395994
-0.392987
-0.390089
-0.387346
-0.384849
-0.382682
-0.380961
-0.379745
-0.379036
-0.378768
-0.378784
-0.378882
-0.378823
-0.378407
-0.377464
-0.375945
-0.373895
-0.371469
-0.368927
-0.366585
-0.364782
-0.363789
-0.363712
-0.364541
-0.366114
-0.368198
-0.370561
-0.372938
-0.375209
-0.377257
-0.379076
-0.380674
-0.382085
-0.383395
-0.384663
-0.385955
-0.387274
-0.388633
-0.389985
-0.391288
-0.392452
-0.393369
-0.39395
-0.394123
-0.393827
-0.393045
-0.391795
-0.39019
-0.388364
-0.386553
-0.38502
-0.384065
-0.383947
-0.384786
-0.386564
-0.389107
-0.392102
-0.395195
-0.398017
-0.400221
-0.401522
-0.401665
-0.400425
-0.397615
-0.393121
-0.387
-0.379622
-0.371808
-0.364822
-0.360196
-0.359188
-0.362311
-0.369028
-0.378086
-0.388041
-0.397683
-0.406262
-0.413445
-0.419169
-0.423536
-0.426725
-0.428901
-0.430249
-0.430852
-0.430769
-0.430012
-0.428567
-0.426489
-0.423975
-0.421425
-0.419465
-0.41878
-0.419891
-0.422928
-0.427527
-0.432969
-0.438458
-0.443302
-0.447078
-0.449604
-0.450885
-0.451049
-0.450343
-0.449032
-0.447401
-0.445728
-0.444168
-0.442806
-0.441576
-0.44033
-0.438939
-0.437343
-0.435607
-0.433939
-0.432644
-0.432041
-0.432384
-0.433749
-0.43602
-0.438884
-0.441973
-0.444917
-0.447447
-0.449433
-0.450866
-0.451788
-0.452349
-0.452675
-0.452853
-0.452946
-0.452966
-0.452894
-0.452626
-0.452054
-0.451061
-0.449564
-0.4476
-0.44534
-0.443125
-0.441427
-0.440692
-0.441186
-0.442775
-0.445015
-0.447289
