-0.494767   0.484317   0.481343
-0.330552   -0.341643   0.489929
-0.47851   -0.347094   -0.321789
-0.334345   0.478318   -0.365415
-0.154168   0.480379   0.494075
-0.00462869   -0.338955   -0.492678
-0.193614   -0.330408   -0.318441
-6.04602e-05   -0.497341   -0.319485
0.191554   -0.482854   0.497291
0.359785   -0.332737   0.497823
0.171366   -0.344333   -0.323467
0.349342   0.487067   -0.342801
0.495797   -0.181272   0.493802
-0.352995   -0.00503891   0.498832
0.486051   -0.0151362   -0.329411
-0.335008   -0.168589   -0.343268
-0.159527   -0.180959   -0.495051
-0.003936   -0.0191435   0.491608
-0.160502   -0.00339454   -0.323026
-0.0223121   -0.180698   -0.332691
0.15079   -0.189702   -0.496859
0.327569   -0.022017   0.48742
0.156489   -0.0276344   -0.324087
0.319979   -0.196785   -0.33492
0.488026   0.14778   -0.497062
-0.332838   0.285311   0.477374
0.495648   0.327413   -0.344778
-0.315027   0.162689   -0.336161
-0.161509   0.141739   -0.497249
0.00472926   0.324262   -0.498898
-0.164045   0.310284   -0.357405
0.00479048   0.151413   -0.339655
0.186881   0.141493   0.487408
0.32545   0.347858   -0.49318
0.158369   0.325845   -0.31708
0.327677   0.151859   -0.307049
0.480905   0.48495   -0.157981
-0.346711   -0.366014   -0.146232
-0.494963   -0.335296   0.0083789
-0.337259   0.46543   0.0398279
-0.174488   0.493196   -0.18137
0.02071   -0.330138   -0.158669
-0.17226   -0.330303   -0.0169636
-0.0444699   0.479562   -0.000444774
0.166137   -0.486096   -0.149649
0.333873   -0.35219   -0.177345
0.142917   -0.343282   0.0285352
0.323829   0.494547   0.00141535
-0.48317   -0.183479   -0.171528
-0.329978   -0.0150966   -0.173624
0.49765   -0.00829913   -0.0205872
-0.341164   -0.19141   -0.0026261
-0.175248   -0.158781   -0.164118
-8.00376e-05   -0.0144276   -0.164237
-0.156249   -0.00523772   0.00409834
0.000346476   -0.180023   -0.00998203
0.180546   -0.170039   -0.170242
0.333639   -0.0112571   -0.160924
0.177527   -0.0099527   -0.012161
0.329521   -0.193285   -0.0157236
0.495423   0.17004   -0.169525
-0.321625   0.328364   -0.176751
-0.490914   0.326154   0.0105753
-0.334675   0.157164   -0.0152611
-0.162873   0.157116   -0.186219
-0.00901165   0.326028   -0.176049
-0.169006   0.3203   -0.0036205
0.00371421   0.164333   0.00618895
0.159842   0.148382   -0.163763
0.318616   0.324363   -0.155575
0.144286   0.330317   0.00162181
0.336256   0.165126   -0.0161973
0.493122   0.482721   0.172765
-0.327025   -0.360222   0.168582
-0.49633   -0.332905   0.315787
-0.331373   0.485935   0.344689
-0.182596   0.476855   0.189311
-0.0293647   -0.353368   0.168213
-0.173276   -0.332942   0.334989
-0.00219713   0.479591   0.336611
0.167661   0.481093   0.173155
0.348883   -0.3497   0.168518
0.152543   -0.336868   0.30994
0.334114   0.490731   0.321402
-0.499899   -0.163044   0.154973
-0.330051   -0.0184519   0.131981
0.494171   -0.0215227   0.324796
-0.327181   -0.178834   0.311023
-0.152697   -0.173639   0.158912
-0.00538526   0.000739289   0.168492
-0.167323   -0.0114766   0.319562
0.00472403   -0.175827   0.330198
0.156031   -0.145115   0.158997
0.332919   -0.0029139   0.143756
0.15162   -0.00890404   0.328784
0.322062   -0.155543   0.312556
-0.498409   0.141333   0.142192
-0.338858   0.29906   0.181505
0.499826   0.329151   0.336139
-0.351162   0.126338   0.310336
-0.171155   0.162647   0.18591
-0.0112616   0.32752   0.173138
-0.158554   0.321446   0.341858
0.00970075   0.172379   0.333424
0.172665   0.15391   0.156007
0.337258   0.308609   0.155849
0.171616   0.313846   0.330288
0.339766   0.134446   0.325992
