-7.85033
-7.83541
-7.791
-7.71075
-7.61923
-7.51414
-7.40006
-7.28197
-7.16842
-7.06703
-6.98212
-6.92111
-6.88481
-6.87201
-6.88203
-6.90847
-6.94376
-6.98277
-7.0221
-7.05503
-7.0819
-7.09981
-7.10987
-7.11085
-7.10476
-7.09412
-7.08237
-7.06946
-7.05857
-7.04877
-7.04599
-7.0486
-7.06291
-7.08126
-7.10888
-7.14114
-7.17794
-7.21519
-7.24896
-7.2807
-7.30776
-7.3252
-7.33395
-7.33698
-7.33108
-7.32109
-7.30602
-7.28761
-7.26659
-7.24572
-7.22665
-7.20872
-7.19412
-7.18058
-7.17379
-7.16712
-7.16119
-7.15962
-7.15738
-7.15855
-7.16317
-7.16726
-7.17726
-7.18639
-7.19775
-7.20815
-7.21905
-7.22859
-7.23356
-7.23841
-7.24133
-7.24188
-7.24222
-7.23969
-7.23451
-7.22757
-7.2246
-7.21944
-7.21366
-7.20784
-7.20326
-7.19792
-7.19489
-7.19276
-7.19291
-7.19344
-7.19639
-7.19833
-7.20007
-7.20128
-7.202
-7.19856
-7.19159
-7.18194
-7.16971
-7.157
-7.14626
-7.13403
-7.12432
-7.1191
-7.11713
-7.11804
-7.12273
-7.13023
-7.13399
-7.14144
-7.14717
-7.14917
-7.14894
-7.14645
-7.14076
-7.1356
-7.12956
-7.12438
-7.1225
-7.12292
-7.12946
-7.14013
-7.15818
-7.18046
-7.20534
-7.22997
-7.25405
-7.27703
-7.29499
-7.30858
-7.3158
-7.3231
-7.31984
-7.30997
-7.29706
-7.28113
-7.26403
-7.24455
-7.22963
-7.21162
-7.19824
-7.19162
-7.18855
-7.18886
-7.18971
-7.19567
-7.20295
-7.2053
-7.20505
-7.20171
-7.19806
-7.1927
-7.18659
-7.18006
-7.17252
-7.16377
-7.1547
-7.1475
-7.14084
-7.13883
-7.13805
-7.14246
-7.14676
-7.15543
-7.16566
-7.17765
-7.19082
-7.20025
-7.20903
-7.2118
-7.21098
-7.20624
-7.19965
-7.19023
-7.18042
-7.17194
-7.16256
-7.15895
-7.15705
-7.15597
-7.15499
-7.15926
-7.16454
-7.17594
-7.18711
-7.20183
-7.21844
-7.23691
-7.25007
-7.25857
-7.26652
-7.27259
-7.27315
-7.26938
-7.26312
-7.25391
-7.24229
-7.22994
-7.2174
-7.20528
-7.19697
-7.18911
-7.18669
-7.18418
-7.18921
-7.19193
-7.19814
-7.20365
-7.20801
-7.21352
-7.21887
-7.22067
-7.21869
-7.21827
-7.21712
-7.21563
-7.21375
-7.20968
-7.20473
-7.2007
-7.19364
-7.18873
-7.18415
-7.17562
-7.17215
-7.16912
-7.16674
-7.16418
-7.16027
-7.15929
-7.15842
-7.15876
-7.16104
-7.16176
-7.16509
-7.17336
-7.1803
-7.18753
-7.19199
-7.1971
-7.19873
-7.19817
-7.19582
-7.1902
-7.18491
-7.17752
-7.1706
-7.1666
-7.16347
-7.15961
-7.15552
-7.15245
-7.14944
-7.15082
-7.15
-7.15004
-7.15131
-7.15464
-7.15945
-7.16415
-7.16718
-7.17294
-7.17731
-7.18472
-7.1895
-7.19726
-7.20409
-7.21478
-7.22372
-7.23414
-7.24461
-7.25429
-7.26412
-7.27452
-7.28225
-7.29128
-7.29459
-7.29805
-7.29316
-7.28652
-7.27841
-7.26794
-7.25612
-7.24235
-7.22889
-7.2149
-7.20149
-7.18596
-7.17315
-7.16055
-7.15213
-7.14661
-7.14565
-7.14894
-7.15399
-7.16207
-7.16945
-7.17621
-7.17928
-7.1796
-7.17742
-7.17082
-7.16343
-7.15689
-7.14955
-7.14354
-7.1416
-7.14675
-7.15607
-7.17049
-7.18974
-7.21121
-7.22861
-7.2451
-7.25665
-7.26474
-7.26968
-7.26856
-7.26114
-7.2491
-7.23539
-7.21263
-7.1903
-7.17001
-7.14839
-7.13328
-7.12223
-7.11325
-7.11233
-7.11867
-7.12622
-7.13893
-7.15557
-7.17106
-7.18725
-7.19896
-7.21432
-7.22353
-7.22878
-7.23231
-7.23184
-7.22963
-7.2229
-7.21893
-7.21132
-7.20588
-7.20303
-7.20105
-7.19941
-7.19935
-7.20109
-7.20288
-7.20491
-7.20957
-7.21372
-7.2164
-7.22138
-7.22432
-7.22373
-7.2232
-7.22102
-7.21762
-7.21483
-7.20767
-7.19974
-7.19068
-7.18078
-7.17013
-7.16135
-7.15117
-7.14087
-7.13187
-7.12779
-7.12483
-7.12781
-7.13649
-7.14638
-7.15816
-7.17084
-7.18411
-7.19521
-7.21056
-7.21986
-7.22751
-7.23411
-7.23432
-7.23194
-7.22776
-7.22204
-7.21405
-7.20487
-7.19639
-7.18843
-7.18113
-7.17896
-7.17791
-7.18125
-7.18676
-7.19209
-7.19893
-7.20648
-7.21164
-7.21623
-7.2196
-7.21878
-7.21942
-7.21811
-7.21619
-7.21361
-7.21176
-7.20956
-7.20637
-7.20472
-7.2026
-7.19932
-7.19056
-7.18144
-7.17467
-7.16658
-7.15936
-7.15429
-7.15797
-7.16523
-7.17966
-7.19752
-7.21462
-7.22938
-7.24453
-7.25324
-7.26277
-7.2656
-7.26638
-7.26189
-7.25349
-7.24291
-7.23184
-7.21811
-7.20442
-7.18867
-7.17274
-7.15867
-7.14447
-7.13244
-7.12363
-7.12255
-7.12463
-7.13347
-7.1439
-7.15945
-7.1741
-7.19138
-7.20493
-7.21468
-7.22155
-7.22393
-7.22051
-7.21245
-7.20445
-7.1966
-7.19095
-7.18808
-7.18661
-7.18716
-7.18936
-7.19343
-7.20101
-7.20932
-7.21278
-7.21817
-7.21932
-7.21482
-7.20344
-7.19016
-7.17644
-7.16086
-7.14665
-7.13782
-7.13324
-7.13495
-7.14145
-7.15233
-7.16394
-7.1751
-7.19048
-7.20217
-7.21602
-7.22612
-7.23301
-7.23888
-7.24201
-7.24253
-7.24106
-7.24106
-7.23944
-7.23814
-7.23545
-7.23472
-7.23427
-7.23369
-7.23562
-7.2339
-7.2328
-7.23112
-7.22721
-7.22054
-7.21643
-7.21155
-7.20557
-7.20177
-7.19969
-7.19492
-7.19208
-7.19128
-7.19191
-7.19304
-7.19575
-7.19733
-7.19654
-7.19536
-7.18979
-7.18293
-7.1772
-7.16903
-7.15978
-7.14992
-7.141
-7.13369
-7.12514
-7.1215
-7.11993
-7.12154
-7.12772
-7.13474
-7.14475
-7.15506
-7.16554
-7.17264
-7.17719
-7.18088
-7.18438
-7.18631
-7.18744
-7.18727
-7.18785
-7.19098
-7.19232
-7.1942
-7.19599
-7.19423
-7.19536
-7.19362
-7.19337
-7.19383
-7.19299
-7.19313
-7.19439
-7.19628
-7.20073
-7.20363
-7.20822
-7.21411
-7.22076
-7.22515
-7.22826
-7.23094
-7.23323
-7.23512
-7.23989
-7.24521
-7.24871
-7.2517
-7.25377
-7.25138
-7.25052
-7.24348
-7.2365
-7.22626
-7.21711
-7.20631
-7.20023
-7.19823
-7.19501
-7.19874
-7.20341
-7.20766
-7.21149
-7.21044
-7.20821
-7.20277
-7.19566
-7.18417
-7.17528
-7.1664
-7.15799
-7.15271
-7.1491
-7.15007
-7.15278
-7.15781
-7.16264
-7.17029
-7.17773
-7.18348
-7.18919
-7.19222
-7.19626
-7.19928
-7.20195
-7.2058
-7.20573
-7.20744
-7.20781
-7.21214
-7.21247
-7.2133
-7.21152
-7.21077
-7.20696
-7.20296
-7.20038
-7.19667
-7.19104
-7.18648
-7.18313
-7.18092
-7.18131
-7.18331
-7.18427
-7.19075
-7.197
-7.20408
-7.21046
-7.21502
-7.21927
-7.22514
-7.22682
-7.22693
-7.225
-7.22268
-7.21699
-7.20942
-7.20135
-7.19296
-7.18525
-7.18193
-7.17955
-7.17835
-7.17832
-7.17778
-7.17969
-7.18074
-7.18105
-7.18382
-7.18871
-7.19388
-7.2008
-7.2087
-7.21676
-7.22329
-7.22865
-7.23196
-7.23723
-7.24102
-7.24313
-7.24333
-7.24398
-7.23861
-7.23274
-7.22357
-7.21134
-7.19788
-7.18244
-7.16464
-7.1467
-7.13065
-7.11978
-7.11188
-7.10834
-7.10889
-7.11272
-7.11965
-7.12558
-7.13352
-7.1394
-7.14532
-7.149
-7.15287
-7.15592
-7.15681
-7.15472
-7.15453
-7.15318
-7.15253
-7.15455
-7.15999
-7.16656
-7.17756
-7.19088
-7.20726
-7.22746
-7.24669
-7.26479
-7.28079
-7.29457
-7.3023
-7.30813
-7.31111
-7.30718
-7.29917
-7.28564
-7.2716
-7.24982
-7.23053
-7.20655
-7.18766
-7.17032
-7.15813
-7.14988
-7.15026
-7.15466
-7.16476
-7.17574
-7.18974
-7.20231
-7.21232
-7.22018
-7.22477
-7.2242
-7.21971
-7.2123
-7.20261
-7.19358
-7.18488
-7.17644
-7.16972
-7.16574
-7.16371
-7.16603
-7.17068
-7.17861
-7.18714
-7.19299
-7.19548
-7.19902
-7.19802
-7.19448
-7.19096
-7.18672
-7.18493
-7.18127
-7.181
-7.18068
-7.18006
-7.17749
-7.17652
-7.17563
-7.17425
-7.17319
-7.1738
-7.17773
-7.18384
-7.18987
-7.198
-7.2047
-7.2104
-7.21419
-7.21301
-7.20983
-7.20495
-7.19548
-7.18651
-7.1769
-7.16983
-7.16457
-7.16428
-7.16486
-7.16757
-7.17273
-7.18001
-7.19186
-7.20303
-7.21411
-7.22888
-7.24029
-7.25039
-7.2569
-7.26311
-7.26191
-7.25475
-7.24559
-7.23315
-7.21938
-7.20547
-7.1895
-7.17737
-7.16738
-7.16132
-7.16136
-7.16223
-7.1675
-7.17131
-7.17865
-7.18297
-7.1864
-7.18573
-7.18128
-7.17554
-7.16756
-7.16016
-7.1533
-7.1471
-7.14404
-7.14527
-7.14974
-7.15794
-7.16933
-7.18019
-7.19273
-7.20554
-7.21948
-7.2307
-7.2408
-7.24613
-7.24921
-7.24925
-7.2464
-7.23906
-7.23314
-7.22378
-7.21526
-7.20809
-7.1996
-7.19244
-7.1832
-7.17679
-7.16736
-7.15869
-7.14957
-7.14237
-7.14002
-7.141
-7.14408
-7.14775
-7.157
-7.16786
-7.1786
-7.19155
-7.20343
-7.21343
-7.22284
-7.23262
-7.24285
-7.25065
-7.25742
-7.26031
-7.26251
-7.25989
-7.25337
-7.24101
-7.22851
-7.21427
-7.19894
-7.18468
-7.17145
-7.16131
-7.15459
-7.14852
-7.14415
-7.14403
-7.14448
-7.14918
-7.15457
-7.15986
-7.16805
-7.17587
-7.18131
-7.18672
-7.18966
-7.19132
-7.19107
-7.18894
-7.18777
-7.18499
-7.18799
-7.19124
-7.19984
-7.20872
-7.21969
-7.23205
-7.24374
-7.25315
-7.26033
-7.26654
-7.26809
-7.26975
-7.2686
-7.26396
-7.2575
-7.24742
-7.23636
-7.2249
-7.21213
-7.20047
-7.18851
-7.17822
-7.16671
-7.15608
-7.14701
-7.13798
-7.13121
-7.12262
-7.11511
-7.1107
-7.10786
-7.10601
-7.10572
-7.11002
-7.11728
-7.12318
-7.13338
-7.145
-7.15703
-7.17185
-7.18791
-7.20035
-7.21204
-7.22217
-7.23012
-7.23772
-7.2453
-7.24846
-7.25187
-7.25151
-7.25027
-7.24676
-7.2441
-7.24193
-7.24344
-7.24741
-7.25266
-7.25891
-7.26574
-7.269
-7.27357
-7.27241
-7.26729
-7.25772
-7.24764
-7.23572
-7.2214
-7.20911
-7.19998
-7.19292
-7.18885
-7.18596
-7.18252
-7.17716
-7.1718
-7.16482
-7.15892
-7.15247
-7.14722
-7.14692
-7.14723
-7.15115
-7.1576
-7.16682
-7.17749
-7.18778
-7.19393
-7.20148
-7.20477
-7.2083
-7.21101
-7.21049
-7.20885
-7.20736
-7.20332
-7.19951
-7.19305
-7.18764
-7.17946
-7.17482
-7.1735
-7.17075
-7.17261
-7.177
-7.17969
-7.1841
-7.18516
-7.18727
-7.19099
-7.19489
-7.2002
-7.20572
-7.212
-7.21731
-7.22348
-7.22633
-7.22957
-7.22964
-7.23177
-7.22997
-7.22449
-7.22165
-7.20964
-7.18938
-7.15565
-7.11613
-7.0739
-7.03415
-6.99604
-6.95881
-6.92803
-6.90296
-6.88054
-6.8611
-6.84643
-6.83133
-6.81703
-6.80201
-6.78984
-6.77933
-6.77392
-6.77473
-6.78296
-6.79651
-6.8155
-6.8356
-6.85543
-6.86994
-6.88191
-6.88611
-6.88682
-6.8852
-6.88236
-6.88009
-6.8777
-6.88215
-6.88801
-6.89906
-6.90731
-6.91944
-6.93103
-6.94291
-6.95274
-6.96016
-6.96705
-6.97074
-6.97281
-6.97028
-6.96596
-6.95975
-6.9526
-6.94593
-6.93849
-6.93253
-6.92802
-6.92483
-6.92724
-6.92942
-6.93422
-6.93985
-6.94477
-6.95102
-6.95768
-6.95798
-6.95895
-6.95679
-6.9543
-6.9501
-6.94701
-6.94336
-6.93698
-6.93378
-6.93033
-6.92623
-6.9185
-6.91454
-6.90861
-6.9055
-6.9015
-6.89968
-6.89318
-6.88921
-6.88999
-6.88918
-6.88649
-6.88504
-6.88689
-6.88581
-6.88662
-6.88696
-6.88801
-6.89059
-6.89569
-6.90089
-6.90846
-6.91128
-6.91644
-6.9227
-6.92664
-6.92975
-6.93225
-6.93281
-6.93316
-6.92991
-6.93105
-6.92962
-6.93024
-6.92881
-6.92695
-6.92465
-6.9206
-6.91619
-6.91314
-6.91283
-6.91273
-6.91703
-6.92599
-6.94091
-6.95405
-6.97055
-6.9844
-6.99629
-7.00093
-7.00173
-6.99803
-6.98463
-6.9694
-6.94515
-6.92174
-6.8979
-6.87679
-6.86066
-6.84938
-6.84682
-6.84704
-6.85115
-6.85739
-6.86738
-6.8757
-6.88196
-6.88791
-6.89438
-6.89718
-6.90161
-6.90599
-6.90681
-6.91007
-6.91345
-6.91715
-6.91797
-6.91857
-6.91685
-6.91333
-6.91319
-6.9154
-6.9215
-6.92942
-6.94126
-6.95455
-6.96812
-6.98124
-6.99294
-7.00346
-7.01013
-7.01192
-7.00677
-6.99809
-6.98459
-6.96988
-6.95139
-6.93383
-6.91932
-6.90664
-6.89539
-6.88415
-6.87888
-6.87519
-6.87359
-6.87364
-6.87709
-6.88424
-6.89857
-6.91199
-6.92674
-6.94014
-6.94779
-6.95031
-6.94731
-6.9385
-6.92971
-6.91814
-6.90656
-6.8921
-6.8773
-6.86565
-6.86018
-6.85582
-6.85538
-6.86092
-6.86754
-6.87343
-6.88051
-6.88522
-6.89003
-6.89494
-6.90195
-6.90787
-6.91425
-6.91872
-6.92065
-6.91778
-6.91137
-6.90467
-6.89945
-6.89556
-6.89391
-6.89188
-6.89345
-6.89628
-6.90618
-6.92419
-6.94774
-6.97657
-7.00478
-7.03367
-7.05567
-7.07566
-7.08936
-7.09542
-7.09478
-7.08661
-7.07054
-7.04805
-7.01995
-6.98819
-6.95445
-6.91914
-6.89243
-6.87474
-6.86557
-6.86272
-6.86274
-6.86552
-6.86494
-6.8637
-6.86194
-6.86109
-6.86125
-6.86411
-6.86818
-6.8743
-6.88181
-6.88549
-6.88639
-6.88388
-6.88004
-6.87484
-6.865
-6.85728
-6.84733
-6.83846
-6.83286
-6.83124
-6.83303
-6.84342
-6.85998
-6.88158
-6.90329
-6.92664
-6.94871
-6.96452
-6.97819
-6.986
-6.98744
-6.98266
-6.97311
-6.96088
-6.95008
-6.93899
-6.93548
-6.93763
-6.94271
-6.94707
-6.95364
-6.95966
-6.96045
-6.96056
-6.95878
-6.95094
-6.94072
-6.93104
-6.92257
-6.91959
-6.91787
-6.9195
-6.92024
-6.92131
-6.92138
-6.91847
-6.90997
-6.89842
-6.88581
-6.87481
-6.86728
-6.86174
-6.86559
-6.87322
-6.88685
-6.9048
-6.92251
-6.93595
-6.94837
-6.95115
-6.95208
-6.94655
-6.94179
-6.93833
-6.93836
-6.94312
-6.94874
-6.95795
-6.9656
-6.96766
-6.96417
-6.9567
-6.94702
-6.93745
-6.92708
-6.92242
-6.92235
-6.92483
-6.92773
-6.93076
-6.9317
-6.93459
-6.93272
-6.92621
-6.91746
-6.90668
-6.89437
-6.88271
-6.87537
-6.87184
-6.87374
-6.8821
-6.89559
-6.91388
-6.9303
-6.94443
-6.95568
-6.96337
-6.96445
-6.95953
-6.95514
-6.94565
-6.93781
-6.93163
-6.92887
-6.93118
-6.93213
-6.93451
-6.93668
-6.93283
-6.92874
-6.92166
-6.91464
-6.90876
-6.90745
-6.90796
-6.91152
-6.91624
-6.92452
-6.93156
-6.9401
-6.94473
-6.94993
-6.95407
-6.95846
-6.95799
-6.95494
-6.94505
-6.93946
-6.9297
-6.92357
-6.91895
-6.91866
-6.9191
-6.9169
-6.91179
-6.90628
-6.89587
-6.88456
-6.87533
-6.87089
-6.86984
-6.87261
-6.88036
-6.89172
-6.89991
-6.90733
-6.91183
-6.91234
-6.90611
-6.90026
-6.89157
-6.88493
-6.88208
-6.88311
-6.88738
-6.89629
-6.90902
-6.92478
-6.94081
-6.95652
-6.9712
-6.98436
-6.99322
-6.9989
-6.99788
-6.99358
-6.9882
-6.98122
-6.9747
-6.96799
-6.95856
-6.95356
-6.9517
-6.94835
-6.94377
-6.9405
-6.93681
-6.93387
-6.92961
-6.92377
-6.92049
-6.91381
-6.90509
-6.89564
-6.88635
-6.87493
-6.85792
-6.83737
-6.81651
-6.79784
-6.78467
-6.77741
-6.78214
-6.79384
-6.8143
-6.84278
-6.87577
-6.90803
-6.93546
-6.95776
-6.9728
-6.98081
-6.98033
-6.97505
-6.96541
-6.95646
-6.94972
-6.94991
-6.95408
-6.9597
-6.96634
-6.97182
-6.9745
-6.97208
-6.96459
-6.94935
-6.93295
-6.91831
-6.90663
-6.89543
-6.88389
-6.87926
-6.87266
-6.86967
-6.86833
-6.87091
-6.87071
-6.87904
-6.88851
-6.90382
-6.91607
-6.93273
-6.94623
-6.96014
-6.96923
-6.97296
-6.97138
-6.96723
-6.96072
-6.95289
-6.94216
-6.93292
-6.92524
-6.91682
-6.90895
-6.90476
-6.90547
-6.90852
-6.91588
-6.92582
-6.94088
-6.9554
-6.9667
-6.97444
-6.97741
-6.97457
-6.96877
-6.96001
-6.94817
-6.9385
-6.92719
-6.91555
-6.90589
-6.89662
-6.89181
-6.89061
-6.89201
-6.89266
-6.89352
-6.89006
-6.88931
-6.88668
-6.88983
-6.89537
-6.90332
-6.90978
-6.91671
-6.92145
-6.92119
-6.91818
-6.90777
-6.8955
-6.88073
-6.86961
-6.85706
-6.85203
-6.8518
-6.85615
-6.86156
-6.86937
-6.87785
-6.88936
-6.90228
-6.91977
-6.93636
-6.95098
-6.96097
-6.97022
-6.97605
-6.97248
-6.96798
-6.95678
-6.94792
-6.93692
-6.92898
-6.92341
-6.92299
-6.92728
-6.9344
-6.94484
-6.95334
-6.96114
-6.96814
-6.96927
-6.96735
-6.96239
-6.95334
-6.94005
-6.92813
-6.91476
-6.9015
-6.88869
-6.87706
-6.86714
-6.86037
-6.8565
-6.85833
-6.86603
-6.8792
-6.89851
-6.91993
-6.9415
-6.96104
-6.97013
-6.97602
-6.97527
-6.97162
-6.9609
-6.95061
-6.94006
-6.92868
-6.92077
-6.90981
-6.90284
-6.89543
-6.89349
-6.89282
-6.89418
-6.89699
-6.9021
-6.90976
-6.91753
-6.92301
-6.9323
-6.93975
-6.94375
-6.94306
-6.94339
-6.94301
-6.93685
-6.93019
-6.92069
-6.91158
-6.90539
-6.90386
-6.90457
-6.90919
-6.91964
-6.93092
-6.93999
-6.94894
-6.95207
-6.95008
-6.94813
-6.94148
-6.93756
-6.9304
-6.92788
-6.92532
-6.92603
-6.9277
-6.93168
-6.93575
-6.94252
-6.95194
-6.9598
-6.96752
-6.97399
-6.97902
-6.98051
-6.97876
-6.97459
-6.9673
-6.95879
-6.94762
-6.93418
-6.92215
-6.9118
-6.90251
-6.8982
-6.89042
-6.88459
-6.88063
-6.87242
-6.86483
-6.85807
-6.85262
-6.84504
-6.84089
-6.8428
-6.84766
-6.85614
-6.8683
-6.88309
-6.89948
-6.91677
-6.93365
-6.95081
-6.9647
-6.97452
-6.98363
-6.98818
-6.98913
-6.98547
-6.97977
-6.97006
-6.95762
-6.94208
-6.92817
-6.91296
-6.90081
-6.88913
-6.87878
-6.87093
-6.8649
-6.86468
-6.86894
-6.87404
-6.88017
-6.88992
-6.89886
-6.90801
-6.91231
-6.91196
-6.90962
-6.91053
-6.91267
-6.91646
-6.92834
-6.94218
-6.95653
-6.96869
-6.97633
-6.97954
-6.97708
-6.96996
-6.96076
-6.94471
-6.92625
-6.91096
-6.89505
-6.88378
-6.87309
-6.86829
-6.86746
-6.87109
-6.87641
-6.88176
-6.88704
-6.89452
-6.90397
-6.91188
-6.91983
-6.9289
-6.93628
-6.9406
-6.94494
-6.9488
-6.95101
-6.95375
-6.95651
-6.95718
-6.95871
-6.95989
-6.95966
-6.957
-6.95101
-6.94258
-6.9354
-6.9246
-6.91335
-6.90804
-6.90305
-6.90398
-6.90755
-6.90963
-6.91671
-6.92244
-6.92837
-6.93178
-6.93439
-6.93493
-6.93519
-6.93757
-6.93895
-6.94069
-6.9443
-6.94757
-6.94716
-6.94183
-6.93743
-6.92939
-6.92171
-6.91469
-6.90707
-6.9008
-6.89612
-6.89007
-6.88469
-6.88194
-6.88103
-6.88547
-6.89288
-6.90592
-6.92214
-6.94452
-6.96583
-6.98361
-6.99756
-7.00685
-7.00698
-7.00334
-6.9926
-6.97609
-6.95396
-6.92873
-6.90253
-6.87874
-6.85707
-6.8398
-6.82915
-6.82459
-6.82671
-6.83786
-6.8551
-6.87539
-6.89101
-6.90472
-6.91224
-6.91629
-6.91755
-6.91624
-6.91247
-6.90824
-6.90478
-6.90316
-6.90158
-6.90462
-6.90735
-6.90798
-6.90717
-6.90355
-6.89965
-6.8966
-6.89433
-6.89238
-6.89763
-6.90793
-6.9231
-6.94033
-6.9547
-6.96767
-6.9783
-6.98748
-6.9928
-6.99281
-6.98731
-6.97855
-6.96643
-6.95313
-6.93818
-6.91493
-6.89664
-6.87912
-6.86861
-6.86216
-6.86277
-6.87029
-6.87872
-6.89237
-6.90252
-6.90988
-6.91287
-6.917
-6.91834
-6.92032
-6.92711
-6.93525
-6.94205
-6.94862
-6.95691
-6.9628
-6.96441
-6.96443
-6.96634
-6.96769
-6.96615
-6.96569
-6.96588
-6.96331
-6.96101
-6.95486
-6.94705
-6.93952
-6.9326
-6.92289
-6.91663
-6.91316
-6.91275
-6.91537
-6.91924
-6.92784
-6.93589
-6.94239
-6.94519
-6.94252
-6.93732
-6.92928
-6.91868
-6.90675
-6.89802
-6.89229
-6.8942
-6.8986
-6.90218
-6.90643
-6.90787
-6.90712
-6.90652
-6.90449
-6.90453
-6.90759
-6.91364
-6.92433
-6.93369
-6.94015
-6.94615
-6.94824
-6.94613
-6.94007
-6.93327
-6.92673
-6.91654
-6.91111
-6.90519
-6.90516
-6.90345
-6.90321
-6.90129
-6.89799
-6.898
-6.90062
-6.90494
-6.91359
-6.92398
-6.93338
-6.94281
-6.95157
-6.95888
-6.96364
-6.96423
-6.96322
-6.958
-6.95214
-6.94515
-6.93822
-6.9329
-6.92432
-6.91873
-6.91446
-6.9113
-6.9102
-6.91233
-6.91589
-6.92079
-6.92923
-6.93986
-6.94666
-6.95592
-6.96563
-6.97184
-6.98076
-6.99078
-6.99759
-7.00335
-7.00342
-7.00078
-6.99578
-6.98669
-6.97162
-6.95203
-6.93166
-6.90512
-6.87794
-6.85442
-6.83503
-6.82031
-6.81158
-6.81046
-6.8175
-6.83139
-6.84543
-6.86567
-6.88458
-6.90003
-6.91699
-6.9268
-6.93624
-6.94485
-6.95523
-6.96485
-6.97697
-6.98656
-6.99328
-6.99466
-6.99111
-6.98176
-6.97161
-6.95891
-6.94646
-6.93758
-6.92921
-6.92592
-6.92436
-6.92688
-6.93125
-6.93639
-6.94342
-6.95123
-6.95302
-6.95312
-6.94827
-6.94062
-6.93103
-6.91834
-6.90181
-6.88391
-6.86868
-6.84589
-6.81776
-6.79044
-6.76528
-6.74617
-6.73523
-6.73166
-6.73895
-6.74906
-6.76022
-6.77167
-6.77547
-6.7785
-6.77678
-6.77307
-6.76305
-6.75045
-6.73733
-6.72632
-6.71376
-6.70309
-6.69854
-6.69206
-6.69187
-6.6962
-6.70571
-6.72066
-6.73776
-6.75626
-6.77376
-6.789
-6.80093
-6.80747
-6.80791
-6.8035
-6.79274
-6.77731
-6.7606
-6.7451
-6.72955
-6.71456
-6.70369
-6.69442
-6.68859
-6.68031
-6.67107
-6.66087
-6.6506
-6.64541
-6.64395
-6.65083
-6.66481
-6.68817
-6.71647
-6.75009
-6.78337
-6.81228
-6.83973
-6.85977
-6.87673
-6.88783
-6.89856
-6.90592
-6.90972
-6.9137
-6.91302
-6.9058
-6.8976
-6.8853
-6.87197
-6.85533
-6.83974
-6.82224
-6.80648
-6.79598
-6.78603
-6.77663
-6.76986
-6.76213
-6.75504
-6.74416
-6.73502
-6.72508
-6.71272
-6.69916
-6.68529
-6.67093
-6.657
-6.64841
-6.64459
-6.64417
-6.64847
-6.65806
-6.67021
-6.68087
-6.69197
-6.70301
-6.71422
-6.7253
-6.73257
-6.7373
-6.73921
-6.73733
-6.73155
-6.72703
-6.72251
-6.72151
-6.72753
-6.73826
-6.75059
-6.76808
-6.78202
-6.79448
-6.80331
-6.80758
-6.8069
-6.79993
-6.79047
-6.77759
-6.76415
-6.75319
-6.74513
-6.74183
-6.74429
-6.75149
-6.76417
-6.78106
-6.79974
-6.81219
-6.81905
-6.81832
-6.81046
-6.79611
-6.77663
-6.75755
-6.73894
-6.72456
-6.71607
-6.71425
-6.71983
-6.73063
-6.74431
-6.75862
-6.77124
-6.78558
-6.79634
-6.80632
-6.81888
-6.83128
-6.84715
-6.8617
-6.86915
-6.8736
-6.86919
-6.85621
-6.8364
-6.81032
-6.77886
-6.74631
-6.71417
-6.68493
-6.6652
-6.65357
-6.65218
-6.66432
-6.67936
-6.69543
-6.71182
-6.72526
-6.73088
-6.73429
-6.73773
-6.74234
-6.75221
-6.76458
-6.78395
-6.80622
-6.83017
-6.8541
-6.86948
-6.88135
-6.88221
-6.87672
-6.86522
-6.84728
-6.82654
-6.81066
-6.79536
-6.78291
-6.77514
-6.76955
-6.76445
-6.7587
-6.75369
-6.74625
-6.7343
-6.72181
-6.7098
-6.69937
-6.68885
-6.68335
-6.67828
-6.67443
-6.67024
-6.66202
-6.65478
-6.64694
-6.64703
-6.65111
-6.65851
-6.66824
-6.67961
-6.68849
-6.7003
-6.71173
-6.72822
-6.74696
-6.76059
-6.7729
-6.77837
-6.77905
-6.77664
-6.77241
-6.77179
-6.77271
-6.78177
-6.79254
-6.8056
-6.81779
-6.83276
-6.84437
-6.85649
-6.86334
-6.86641
-6.86654
-6.86158
-6.85047
-6.83145
-6.80766
-6.77874
-6.74974
-6.72066
-6.69516
-6.67429
-6.66019
-6.65093
-6.64517
-6.64134
-6.64098
-6.6437
-6.65145
-6.66097
-6.67456
-6.69505
-6.71603
-6.73598
-6.75297
-6.76475
-6.77523
-6.78424
-6.79229
-6.79957
-6.8051
-6.80996
-6.81311
-6.80855
-6.80133
-6.78802
-6.77183
-6.76279
-6.75481
-6.7564
-6.767
-6.7791
-6.79204
-6.80579
-6.81584
-6.81911
-6.81493
-6.8027
-6.78363
-6.76331
-6.73829
-6.71097
-6.68788
-6.66921
-6.6589
-6.66391
-6.68258
-6.71039
-6.74495
-6.77702
-6.8114
-6.83317
-6.8431
-6.84279
-6.83176
-6.82091
-6.80821
-6.79684
-6.78971
-6.78567
-6.77856
-6.76975
-6.76298
-6.75252
-6.74249
-6.73183
-6.72103
-6.70884
-6.69722
-6.68223
-6.66797
-6.65449
-6.64524
-6.64412
-6.65167
-6.67262
-6.70562
-6.74605
-6.78649
-6.82048
-6.84305
-6.85072
-6.84339
-6.82599
-6.8091
-6.79282
-6.77891
-6.76839
-6.76492
-6.75857
-6.75644
-6.75683
-6.75528
-6.75823
-6.76477
-6.77367
-6.78579
-6.79635
-6.80958
-6.82112
-6.82879
-6.83389
-6.83289
-6.82917
-6.82416
-6.81607
-6.80847
-6.80447
-6.79877
-6.79795
-6.79697
-6.79509
-6.79462
-6.79256
-6.78995
-6.78774
-6.78085
-6.77119
-6.7562
-6.73672
-6.7182
-6.69911
-6.67705
-6.65948
-6.64999
-6.64815
-6.65262
-6.66256
-6.67274
-6.68598
-6.70125
-6.71498
-6.733
-6.75321
-6.77288
-6.79275
-6.80934
-6.82173
-6.83323
-6.83552
-6.82928
-6.81496
-6.79189
-6.76178
-6.73055
-6.70341
-6.68332
-6.67577
-6.67859
-6.69345
-6.71924
-6.75039
-6.78391
-6.81894
-6.8533
-6.87768
-6.88865
-6.89014
-6.8818
-6.85976
-6.83194
-6.79556
-6.7573
-6.72245
-6.69599
-6.67842
-6.67636
-6.685
-6.7034
-6.72493
-6.74604
-6.76297
-6.77097
-6.77184
-6.77305
-6.77286
-6.77232
-6.77355
-6.77688
-6.77935
-6.78278
-6.78095
-6.77991
-6.77327
-6.76104
-6.74805
-6.73706
-6.72733
-6.72008
-6.71791
-6.72351
-6.73334
-6.74654
-6.76104
-6.77199
-6.78075
-6.78263
-6.7813
-6.77492
-6.7675
-6.75487
-6.74357
-6.73057
-6.71505
-6.70133
-6.68801
-6.67696
-6.66832
-6.66807
-6.66879
-6.67126
-6.67512
-6.68254
-6.69309
-6.70384
-6.72397
-6.7495
-6.78155
-6.81524
-6.8492
-6.87698
-6.89482
-6.90223
-6.89742
-6.88271
-6.85996
-6.83418
-6.80876
-6.78507
-6.76795
-6.76308
-6.75955
-6.76017
-6.75966
-6.75311
-6.74008
-6.72575
-6.70851
-6.69159
-6.67518
-6.66509
-6.6592
-6.6605
-6.66714
-6.67791
-6.69385
-6.71021
-6.72621
-6.73803
-6.75052
-6.7571
-6.76223
-6.76669
-6.77281
-6.77872
-6.78536
-6.79136
-6.79639
-6.80383
-6.81231
-6.81742
-6.81759
-6.81516
-6.8071
-6.79823
-6.78513
-6.77064
-6.75571
-6.74156
-6.72629
-6.71507
-6.70483
-6.69695
-6.68873
-6.68216
-6.67702
-6.67712
-6.67608
-6.6782
-6.68246
-6.69283
-6.70484
-6.71933
-6.73331
-6.74897
-6.76492
-6.77651
-6.78778
-6.79748
-6.80501
-6.80569
-6.8008
-6.79176
-6.77979
-6.76656
-6.75272
-6.74231
-6.73081
-6.72127
-6.71222
-6.70183
-6.69175
-6.68267
-6.67477
-6.66734
-6.66701
-6.67192
-6.68626
-6.70862
-6.73267
-6.76077
-6.78422
-6.80679
-6.82483
-6.83411
-6.83873
-6.83532
-6.82793
-6.81594
-6.80024
-6.78603
-6.77013
-6.75145
-6.73665
-6.72304
-6.71279
-6.70954
-6.71277
-6.72897
-6.75113
-6.78009
-6.81242
-6.83988
-6.86254
-6.87538
-6.88239
-6.87855
-6.8695
-6.85119
-6.82869
-6.79994
-6.76769
-6.73542
-6.70752
-6.68533
-6.67563
-6.67156
-6.66941
-6.66862
-6.6719
-6.67844
-6.68607
-6.69831
-6.70855
-6.7257
-6.73768
-6.74694
-6.74814
-6.74356
-6.73732
-6.72644
-6.71633
-6.70772
-6.70117
-6.70384
-6.70993
-6.71978
-6.73259
-6.74934
-6.76351
-6.77778
-6.78683
-6.79354
-6.79701
-6.79743
-6.79686
-6.79919
-6.80167
-6.81102
-6.82018
-6.83219
-6.84367
-6.85394
-6.86001
-6.86091
-6.85432
-6.84317
-6.82452
-6.79972
-6.76998
-6.73464
-6.69852
-6.66585
-6.63804
-6.62284
-6.62227
-6.63526
-6.6617
-6.69386
-6.72459
-6.74766
-6.76381
-6.77296
-6.77343
-6.76818
-6.76268
-6.75777
-6.75499
-6.75484
-6.75816
-6.75826
-6.75914
-6.76007
-6.75989
-6.76538
-6.78097
-6.80337
-6.83615
-6.86934
-6.90183
-6.92505
-6.93785
-6.93565
-6.92279
-6.89956
-6.86579
-6.83186
-6.79834
-6.76921
-6.74573
-6.73065
-6.72242
-6.7237
-6.72622
-6.72883
-6.73222
-6.72824
-6.71697
-6.7015
-6.68437
-6.67048
-6.66496
-6.66753
-6.67806
-6.69227
-6.70267
-6.71046
-6.70952
-6.70203
-6.69112
-6.67715
-6.66668
-6.65984
-6.66122
-6.66762
-6.68186
-6.70421
-6.73013
-6.76117
-6.79141
-6.82145
-6.8485
-6.87495
-6.89363
-6.90439
-6.90548
-6.89283
-6.87095
-6.84281
-6.80914
-6.77319
-6.73814
-6.7078
-6.68551
-6.67102
-6.66306
-6.66237
-6.66341
-6.67189
-6.68416
-6.69836
-6.71606
-6.73462
-6.75327
-6.77247
-6.79012
-6.80176
-6.81038
-6.81301
-6.80887
-6.79687
-6.78213
-6.76194
-6.73973
-6.72091
-6.70508
-6.69281
-6.6838
-6.68052
-6.67815
-6.6813
-6.6871
-6.6995
-6.71235
-6.72481
-6.74074
-6.75357
-6.76398
-6.76942
-6.77178
-6.76754
-6.76248
-6.75268
-6.74572
-6.73854
-6.73261
-6.73027
-6.73448
-6.74542
-6.7612
-6.78411
-6.80973
-6.8354
-6.85927
-6.8717
-6.87389
-6.86614
-6.85214
-6.83116
-6.81626
-6.80502
-6.79904
-6.79623
-6.7935
-6.788
-6.78504
-6.77891
-6.77048
-6.76042
-6.75085
-6.74258
-6.73536
-6.73364
-6.73155
-6.72742
-6.7267
-6.72708
-6.72752
-6.73254
-6.73684
-6.74618
-6.75381
-6.76462
-6.7739
-6.78149
-6.78105
-6.77594
-6.76201
-6.73954
-6.71268
-6.6847
-6.65865
-6.63706
-6.62533
-6.62425
-6.63361
-6.64894
-6.67231
-6.69725
-6.72307
-6.74659
-6.76875
-6.78623
-6.8038
-6.81811
-6.82867
-6.83586
-6.8397
-6.8402
-6.83763
-6.83107
-6.82032
-6.80437
-6.7851
-6.76275
-6.74076
-6.71897
-6.70053
-6.68937
-6.68164
-6.68393
-6.69215
-6.70845
-6.73167
-6.76095
-6.78924
-6.81613
-6.83848
-6.85323
-6.85904
-6.85591
-6.84348
-6.82696
-6.80557
-6.78748
-6.7727
-6.76372
-6.76406
-6.76761
-6.77761
-6.78334
-6.78794
-6.78559
-6.78084
-6.77023
-6.75805
-6.74401
-6.72415
-6.70839
-6.6949
-6.68704
-6.68643
-6.69049
-6.70083
-6.71801
-6.73747
-6.75483
-6.76721
-6.77482
-6.77474
-6.77248
-6.77049
-6.76826
-6.76887
-6.77573
-6.78629
-6.80105
-6.81816
-6.82991
-6.83683
-6.83793
-6.83841
-6.8369
-6.83726
-6.83925
-6.84557
-6.84738
-6.84489
-6.83178
-6.81371
-6.7882
-6.75703
-6.72833
-6.70171
-6.6764
-6.65894
-6.64097
-6.62816
-6.61866
-6.6153
-6.61683
-6.62343
-6.63543
-6.65116
-6.66669
-6.68058
-6.69311
-6.70343
-6.71352
-6.72461
-6.73308
-6.74388
-6.7546
-6.76123
-6.76948
-6.78036
-6.79284
-6.80806
-6.82637
-6.8445
-6.8613
-6.87556
-6.88356
-6.88399
-6.87499
-6.85471
-6.82885
-6.79818
-6.76874
-6.74285
-6.72736
-6.71598
-6.71052
-6.70931
-6.70791
-6.70463
-6.70059
-6.6945
-6.69037
-6.68905
-6.68784
-6.69104
-6.69839
-6.71077
-6.72419
-6.73613
-6.74481
-6.75093
-6.75121
-6.75251
-6.75438
-6.75579
-6.76002
-6.76812
-6.7784
-6.79116
-6.80659
-6.82228
-6.83777
-6.85195
-6.86446
-6.87356
-6.87605
-6.86888
-6.8585
-6.84118
-6.8237
-6.8055
-6.78644
-6.77113
-6.75805
-6.74897
-6.74185
-6.73855
-6.7368
-6.73336
-6.72589
-6.7171
-6.70772
-6.69483
-6.68153
-6.67024
-6.66279
-6.65773
-6.66317
-6.67618
-6.69673
-6.72484
-6.75243
-6.77842
-6.79868
-6.81264
-6.8219
-6.82794
-6.82662
-6.82093
-6.80937
-6.79206
-6.76828
-6.74096
-6.70793
-6.67746
-6.65076
-6.63272
-6.6263
-6.62789
-6.64181
-6.66355
-6.69077
-6.72082
-6.74889
-6.77021
-6.78765
-6.79749
-6.80123
-6.80267
-6.79982
-6.79609
-6.78686
-6.77587
-6.76041
-6.74185
-6.72238
-6.70363
-6.68449
-6.67119
-6.66463
-6.66388
-6.67172
-6.68771
-6.71163
-6.73892
-6.77024
-6.79712
-6.81591
-6.82552
-6.82313
-6.80797
-6.78158
-6.75139
-6.72084
-6.69248
-6.67142
-6.65908
-6.64866
-6.64052
-6.63802
-6.63481
-6.63522
-6.63759
-6.64635
-6.666
-6.69071
-6.72457
-6.76039
-6.79729
-6.82997
-6.85721
-6.87811
-6.889
-6.89205
-6.88266
-6.86348
-6.83813
-6.80574
-6.7681
-6.73132
-6.69678
-6.66471
-6.63787
-6.61586
-6.59989
-6.58683
-6.57752
-6.56865
-6.56234
-6.56003
-6.56285
-6.57002
-6.58524
-6.60701
-6.63107
-6.66465
-6.69572
-6.7293
-6.75782
-6.7771
-6.79327
-6.80215
-6.801
-6.79324
-6.78029
-6.76479
-6.74616
-6.7322
-6.7187
-6.71053
-6.70503
-6.70185
-6.69898
-6.69383
-6.69037
-6.68933
-6.68899
-6.69069
-6.69323
-6.69156
-6.6915
-6.68523
-6.6745
-6.66023
-6.64494
-6.63242
-6.62715
-6.62947
-6.63839
-6.6528
-6.6684
-6.68227
-6.69082
-6.69985
-6.70057
-6.70361
-6.70563
-6.71248
-6.72301
-6.74095
-6.76489
-6.78936
-6.81319
-6.83925
-6.85966
-6.87043
-6.87183
-6.86292
-6.84361
-6.81618
-6.77999
-6.74082
-6.69936
-6.66111
-6.62752
-6.60247
-6.58494
-6.57958
-6.58248
-6.59714
-6.62302
-6.65857
-6.69824
-6.7427
-6.78637
-6.81424
-6.83508
-6.84519
-6.84453
-6.83263
-6.81388
-6.79271
-6.76743
-6.74183
-6.7134
-6.69198
-6.67615
-6.66546
-6.66039
-6.66094
-6.66158
-6.66755
-6.67617
-6.68502
-6.69868
-6.71568
-6.73425
-6.7511
-6.76843
-6.77676
-6.77983
-6.77769
-6.7682
-6.75287
-6.73431
-6.71089
-6.68526
-6.65962
-6.63435
-6.60925
-6.59122
-6.5816
-6.58507
-6.59859
-6.6243
-6.65889
-6.69747
-6.73518
-6.76773
-6.7932
-6.80933
-6.81848
-6.82291
-6.82405
-6.82784
-6.83367
-6.83725
-6.83935
-6.83812
-6.83749
-6.83579
-6.83371
-6.83114
-6.83145
-6.83405
-6.83706
-6.84023
-6.83944
-6.83054
-6.81527
-6.79157
-6.76044
-6.72232
-6.68353
-6.6473
-6.61978
-6.6024
-6.59761
-6.60672
-6.62688
-6.65524
-6.6829
-6.70579
-6.71637
-6.71387
-6.70173
-6.68271
-6.66176
-6.63989
-6.62504
-6.61664
-6.61393
-6.61991
-6.63431
-6.65456
-6.67683
-6.70142
-6.72357
-6.74198
-6.75385
-6.76047
-6.7589
-6.75471
-6.74449
-6.73257
-6.71792
-6.70255
-6.68745
-6.67484
-6.66759
-6.66791
-6.67585
-6.68743
-6.70354
-6.72691
-6.75912
-6.78977
-6.81808
-6.84325
-6.85928
-6.86667
-6.86112
-6.84757
-6.82555
-6.79909
-6.76621
-6.73269
-6.70105
-6.66829
-6.64224
-6.61782
-6.6029
-6.59876
-6.60765
-6.62707
-6.65921
-6.69917
-6.741
-6.78297
-6.81952
-6.84607
-6.86538
-6.87042
-6.86723
-6.85511
-6.83233
-6.80408
-6.76837
-6.72949
-6.69304
-6.65361
-6.61856
-6.59043
-6.56904
-6.55558
-6.55275
-6.56082
-6.58113
-6.60853
-6.63989
-6.67242
-6.70014
-6.72165
-6.73741
-6.74811
-6.75438
-6.7581
-6.76071
-6.76069
-6.76081
-6.75548
-6.74509
-6.73063
-6.71345
-6.69622
-6.67632
-6.65879
-6.64619
-6.63906
-6.6391
-6.64515
-6.65983
-6.67583
-6.69787
-6.72273
-6.74664
-6.77143
-6.79586
-6.81294
-6.82905
-6.83363
-6.82928
-6.81461
-6.79172
-6.76299
-6.73154
-6.70774
-6.69031
-6.68218
-6.68416
-6.69525
-6.7146
-6.74004
-6.76814
-6.79272
-6.81169
-6.82433
-6.82276
-6.81236
-6.79073
-6.75759
-6.71959
-6.67984
-6.64306
-6.61396
-6.59418
-6.58777
-6.59347
-6.60617
-6.6265
-6.64983
-6.67362
-6.7012
-6.72869
-6.7565
-6.78016
-6.80093
-6.81372
-6.81955
-6.81592
-6.80392
-6.78787
-6.76573
-6.7429
-6.72396
-6.70476
-6.68925
-6.67568
-6.66443
-6.65454
-6.64594
-6.6447
-6.64827
-6.66176
-6.68564
-6.71632
-6.74964
-6.78046
-6.80613
-6.82568
-6.84068
-6.84875
-6.84864
-6.84292
-6.8332
-6.81793
-6.79566
-6.77035
-6.74284
-6.71493
-6.68944
-6.66756
-6.65107
-6.64437
-6.64619
-6.65418
-6.66929
-6.68977
-6.71301
-6.73843
-6.75772
-6.77476
-6.77959
-6.77342
-6.76048
-6.73923
-6.71539
-6.69381
-6.6734
-6.65998
-6.65505
-6.65574
-6.65827
-6.66295
-6.6651
-6.66529
-6.66214
-6.6596
-6.65731
-6.66342
-6.67348
-6.68944
-6.7034
-6.71715
-6.72633
-6.72953
-6.72614
-6.7179
-6.70826
-6.7019
-6.70123
-6.7097
-6.72695
-6.75102
-6.77699
-6.79659
-6.81097
-6.81831
-6.82248
-6.82551
-6.82495
-6.82665
-6.82721
-6.82933
-6.82698
-6.81875
-6.80511
-6.7848
-6.7589
-6.72977
-6.6955
-6.65946
-6.62426
-6.59296
-6.5691
-6.55646
-6.5556
-6.56689
-6.58631
-6.61088
-6.63459
-6.65751
-6.67395
-6.68014
-6.6849
-6.6886
-6.6862
-6.68438
-6.68546
-6.68508
-6.68921
-6.69787
-6.70721
-6.71732
-6.72509
-6.72896
-6.72699
-6.72058
-6.70891
-6.69816
-6.68577
-6.67867
-6.67534
-6.67685
-6.68761
-6.70003
-6.71559
-6.72977
-6.73947
-6.74379
-6.74716
-6.74558
-6.73618
-6.7248
-6.70835
-6.69227
-6.67891
-6.66943
-6.66651
-6.67033
-6.67911
-6.69402
-6.71315
-6.73771
-6.76523
-6.79758
-6.83002
-6.85261
-6.86702
-6.86909
-6.85894
-6.84396
-6.82308
-6.7955
-6.76586
-6.734
-6.70311
-6.6793
-6.6662
-6.66361
-6.67357
-6.69311
-6.71267
-6.73045
-6.74511
-6.75386
-6.75584
-6.75289
-6.74647
-6.73752
-6.72695
-6.71289
-6.70397
-6.69661
-6.68927
-6.67682
-6.66261
-6.64462
-6.62472
-6.60982
-6.59917
-6.5936
-6.59791
-6.60855
-6.62697
-6.65001
-6.6782
-6.70806
-6.73384
-6.75671
-6.77387
-6.78692
-6.79117
-6.79156
-6.79265
-6.78785
-6.78276
-6.77494
-6.76657
-6.7551
-6.74453
-6.73677
-6.73147
-6.72602
-6.71814
-6.70458
-6.68811
-6.66603
-6.64427
-6.62423
-6.61301
-6.60959
-6.61528
-6.63203
-6.65596
-6.68045
-6.70348
-6.72146
-6.73412
-6.74276
-6.74751
-6.75253
-6.75656
-6.75962
-6.76553
-6.77325
-6.7764
-6.78243
-6.78443
-6.78307
-6.77784
-6.77057
-6.76403
-6.75737
-6.75137
-6.74528
-6.74376
-6.73991
-6.73866
-6.73771
-6.73363
-6.72562
-6.71358
-6.69978
-6.68641
-6.67507
-6.66774
-6.66193
-6.6623
-6.66401
-6.67128
-6.68011
-6.69366
-6.70393
-6.71959
-6.7369
-6.7517
-6.76805
-6.7831
-6.79748
-6.8077
-6.81572
-6.81488
-6.81305
-6.8044
-6.79064
-6.77197
-6.74876
-6.72163
-6.69507
-6.66532
-6.63531
-6.61065
-6.59059
-6.57877
-6.5754
-6.58223
-6.59805
-6.61898
-6.6429
-6.67008
-6.69572
-6.72036
-6.739
-6.7568
-6.77118
-6.78476
-6.79673
-6.80587
-6.81444
-6.8253
-6.83249
-6.8373
-6.84427
-6.84108
-6.83258
-6.8137
-6.79343
-6.76698
-6.73723
-6.70621
-6.67845
-6.6562
-6.63791
-6.62683
-6.62046
-6.62327
-6.62901
-6.64108
-6.65323
-6.66574
-6.67886
-6.69392
-6.70784
-6.72224
-6.73273
-6.73951
-6.74197
-6.74357
-6.74032
-6.73635
-6.73164
-6.72486
-6.72047
-6.72096
-6.72259
-6.72568
-6.7233
-6.71942
-6.71103
-6.70252
-6.69291
-6.68701
-6.6866
-6.6961
-6.71221
-6.72896
-6.74836
-6.76608
-6.77775
-6.78823
-6.79621
-6.80381
-6.81071
-6.81482
-6.8148
-6.80707
-6.7956
-6.77658
-6.75432
-6.72468
-6.69608
-6.66808
-6.64465
-6.62497
-6.61318
-6.60928
-6.61295
-6.61982
-6.62917
-6.64075
-6.6553
-6.6709
-6.6902
-6.71186
-6.73193
-6.75482
-6.77958
-6.79845
-6.81472
-6.82691
-6.8362
-6.83654
-6.82913
-6.81548
-6.79796
-6.77531
-6.74937
-6.72381
-6.69811
-6.67842
-6.66702
-6.66255
-6.66556
-6.67191
-6.67965
-6.69278
-6.70578
-6.7162
-6.72787
-6.73967
-6.74798
-6.75692
-6.76216
-6.76452
-6.76682
-6.76904
-6.76857
-6.76489
-6.75706
-6.74955
-6.73966
-6.73027
-6.72152
-6.70848
-6.69481
-6.68347
-6.67432
-6.66936
-6.66637
-6.66595
-6.67056
-6.67521
-6.68096
-6.68495
-6.68819
-6.68986
-6.68859
-6.68809
-6.68515
-6.68998
-6.70059
-6.72101
-6.74813
-6.77797
-6.80763
-6.83349
-6.85109
-6.8642
-6.86953
-6.8663
-6.85639
-6.84083
-6.81658
-6.79057
-6.75987
-6.7287
-6.69618
-6.66466
-6.63502
-6.61357
-6.60407
-6.59867
-6.60112
-6.60687
-6.61616
-6.62281
-6.63038
-6.63684
-6.64367
-6.65092
-6.65914
-6.66883
-6.678
-6.68846
-6.69845
-6.71257
-6.72547
-6.73971
-6.7544
-6.7715
-6.78121
-6.7849
-6.78594
-6.78017
-6.77034
-6.75854
-6.75101
-6.74011
-6.73224
-6.72509
-6.7159
-6.71221
-6.70695
-6.70782
-6.71434
-6.72571
-6.74137
-6.75599
-6.76612
-6.76972
-6.76622
-6.76367
-6.7612
-6.76045
-6.75827
-6.75325
-6.74584
-6.73367
-6.71753
-6.69696
-6.67687
-6.65644
-6.64304
-6.63831
-6.64393
-6.65894
-6.67912
-6.69918
-6.71779
-6.73018
-6.7371
-6.74133
-6.74781
-6.75401
-6.76212
-6.77027
-6.77436
-6.77612
-6.7758
-6.77317
-6.76627
-6.75796
-6.75172
-6.74741
-6.74453
-6.74455
-6.74424
-6.74039
-6.73873
-6.73175
-6.7248
-6.7135
-6.70007
-6.68606
-6.67846
-6.67225
-6.6707
-6.67549
-6.68572
-6.69931
-6.71314
-6.73269
-6.7477
-6.76135
-6.76914
-6.77347
-6.77041
-6.76794
-6.76288
-6.75971
-6.75857
-6.75799
-6.76173
-6.76333
-6.7622
-6.75869
-6.74911
-6.73575
-6.72228
-6.70916
-6.69693
-6.69142
-6.69166
-6.69695
-6.70734
-6.71705
-6.72411
-6.73044
-6.73354
-6.73302
-6.72516
-6.71085
-6.68922
-6.66906
-6.65066
-6.63074
-6.61559
-6.60293
-6.59605
-6.59211
-6.59457
-6.60015
-6.61404
-6.62485
-6.63801
-6.65638
-6.67625
-6.6967
-6.72008
-6.74343
-6.7658
-6.78569
-6.80399
-6.81292
-6.81482
-6.81447
-6.80938
-6.80321
-6.79744
-6.79252
-6.78881
-6.78873
-6.78916
-6.78765
-6.78751
-6.78554
-6.78155
-6.77562
-6.77005
-6.76747
-6.76552
-6.76445
-6.76498
-6.7661
-6.765
-6.76599
-6.76327
-6.75804
-6.75082
-6.74161
-6.72929
-6.71387
-6.69582
-6.68051
-6.667
-6.65172
-6.64177
-6.63364
-6.62935
-6.62307
-6.61524
-6.60413
-6.5882
-6.57131
-6.55725
-6.54519
-6.54057
-6.54443
-6.55464
-6.57554
-6.599
-6.62525
-6.64858
-6.66842
-6.68377
-6.69634
-6.70808
-6.71729
-6.73026
-6.74228
-6.75093
-6.7534
-6.74932
-6.7444
-6.72916
-6.71033
-6.69069
-6.66931
-6.64781
-6.62179
-6.59672
-6.57498
-6.55565
-6.544
-6.54307
-6.5527
-6.57538
-6.60097
-6.62682
-6.65665
-6.68435
-6.70923
-6.73067
-6.74282
-6.74724
-6.74788
-6.74291
-6.7316
-6.71337
-6.69003
-6.66569
-6.6491
-6.63847
-6.63794
-6.64747
-6.6617
-6.68163
-6.69701
-6.7068
-6.71131
-6.71071
-6.70532
-6.69528
-6.68159
-6.66565
-6.64934
-6.63523
-6.6192
-6.6074
-6.59553
-6.58506
-6.57102
-6.5552
-6.53934
-6.52553
-6.51524
-6.51793
-6.53115
-6.55341
-6.5824
-6.61778
-6.64701
-6.67153
-6.68569
-6.69542
-6.69745
-6.69211
-6.67794
-6.65994
-6.63742
-6.62059
-6.60786
-6.60481
-6.60597
-6.61507
-6.62964
-6.65088
-6.67273
-6.69548
-6.71468
-6.72804
-6.73257
-6.72771
-6.71887
-6.70359
-6.688
-6.66761
-6.64907
-6.63646
-6.62461
-6.61412
-6.61079
-6.61352
-6.62028
-6.62947
-6.63918
-6.64647
-6.65216
-6.65413
-6.65103
-6.64749
-6.64195
-6.63937
-6.64236
-6.64878
-6.66542
-6.68388
-6.70289
-6.72264
-6.73929
-6.75368
-6.7621
-6.76122
-6.75222
-6.73571
-6.71475
-6.69731
-6.68082
-6.66408
-6.6447
-6.62201
-6.59697
-6.57196
-6.54373
-6.51805
-6.49551
-6.47913
-6.47025
-6.46958
-6.47543
-6.49109
-6.51309
-6.54406
-6.57595
-6.60984
-6.64174
-6.66776
-6.6861
-6.69285
-6.69199
-6.68247
-6.66675
-6.64579
-6.62126
-6.59881
-6.57752
-6.56311
-6.55807
-6.56314
-6.57856
-6.60612
-6.63573
-6.66646
-6.69173
-6.71314
-6.72849
-6.7364
-6.73672
-6.72813
-6.71485
-6.69768
-6.68264
-6.66988
-6.6611
-6.65675
-6.65535
-6.65986
-6.67015
-6.67753
-6.68779
-6.70127
-6.71084
-6.72166
-6.7298
-6.73917
-6.74568
-6.74844
-6.74891
-6.73967
-6.72283
-6.69806
-6.66961
-6.63746
-6.60742
-6.57903
-6.55865
-6.5424
-6.53408
-6.52888
-6.52746
-6.53347
-6.54499
-6.55932
-6.57377
-6.5884
-6.60336
-6.61832
-6.636
-6.64981
-6.65922
-6.6699
-6.67943
-6.68711
-6.69006
-6.6899
-6.68295
-6.66733
-6.64311
-6.61202
-6.57752
-6.54241
-6.51063
-6.48335
-6.46494
-6.4567
-6.46265
-6.48178
-6.51255
-6.55148
-6.59551
-6.63872
-6.67509
-6.70227
-6.72059
-6.73201
-6.73481
-6.73261
-6.72911
-6.72542
-6.7191
-6.71275
-6.70601
-6.69655
-6.68955
-6.68509
-6.68677
-6.69443
-6.70653
-6.71864
-6.72951
-6.73687
-6.73905
-6.73772
-6.73615
-6.73545
-6.73455
-6.73237
-6.7289
-6.71687
-6.70119
-6.67776
-6.64666
-6.61168
-6.57506
-6.54181
-6.516
-6.50248
-6.50178
-6.51525
-6.54082
-6.5731
-6.60553
-6.63334
-6.65513
-6.67256
-6.68175
-6.68312
-6.68372
-6.68262
-6.67899
-6.67826
-6.67799
-6.68077
-6.67872
-6.67281
-6.6594
-6.63879
-6.61862
-6.60396
-6.59741
-6.59967
-6.60977
-6.62429
-6.64055
-6.65665
-6.66145
-6.66151
-6.65561
-6.64779
-6.64294
-6.63959
-6.64055
-6.64703
-6.65551
-6.66393
-6.67268
-6.68203
-6.69275
-6.70517
-6.7197
-6.73264
-6.73955
-6.73975
-6.73098
-6.71529
-6.69646
-6.67525
-6.65788
-6.64227
-6.63438
-6.63497
-6.64145
-6.65437
-6.66757
-6.67564
-6.67825
-6.67265
-6.66448
-6.65447
-6.64471
-6.64268
-6.64503
-6.65161
-6.65785
-6.66285
-6.66388
-6.6583
-6.64812
-6.63539
-6.61938
-6.60278
-6.59057
-6.58084
-6.57142
-6.56593
-6.5606
-6.55341
-6.54668
-6.53826
-6.53207
-6.53111
-6.53633
-6.54879
-6.568
-6.59207
-6.61879
-6.64121
-6.65812
-6.66801
-6.66831
-6.66485
-6.6553
-6.6448
-6.63436
-6.62363
-6.61722
-6.60986
-6.60556
-6.60543
-6.60868
-6.61482
-6.62544
-6.64122
-6.65577
-6.67181
-6.68816
-6.70695
-6.72306
-6.73781
-6.75496
-6.76622
-6.77038
-6.76951
-6.76275
-6.7511
-6.73363
-6.71381
-6.69191
-6.6711
-6.65579
-6.6432
-6.63453
-6.63058
-6.62704
-6.62651
-6.6292
-6.63529
-6.64396
-6.64865
-6.65039
-6.64612
-6.63384
-6.61446
-6.58821
-6.56136
-6.53688
-6.52239
-6.52056
-6.53237
-6.55399
-6.58471
-6.61763
-6.64593
-6.67006
-6.6882
-6.6976
-6.69764
-6.69046
-6.67537
-6.6554
-6.63316
-6.61335
-6.59789
-6.58703
-6.58007
-6.58066
-6.58681
-6.597
-6.61242
-6.63234
-6.65209
-6.67147
-6.68683
-6.69421
-6.69385
-6.67998
-6.66244
-6.63678
-6.61412
-6.59646
-6.59271
-6.59598
-6.6132
-6.63653
-6.65907
-6.67768
-6.68906
-6.69204
-6.68508
-6.67026
-6.64938
-6.63051
-6.60788
-6.59076
-6.57919
-6.57365
-6.57699
-6.58285
-6.58955
-6.59929
-6.60869
-6.62048
-6.62912
-6.64138
-6.65724
-6.67964
-6.705
-6.73295
-6.7628
-6.78824
-6.80531
-6.81704
-6.82256
-6.82573
-6.8235
-6.81771
-6.81236
-6.80146
-6.78203
-6.75465
-6.71578
-6.66532
-6.60707
-6.54549
-6.48665
-6.43735
-6.40347
-6.38548
-6.38487
-6.39886
-6.42276
-6.45817
-6.50289
-6.54734
-6.59474
-6.63605
-6.6713
-6.69623
-6.71267
-6.71916
-6.71638
-6.70416
-6.68971
-6.67267
-6.65727
-6.64311
-6.63104
-6.62236
-6.62162
-6.62571
-6.6322
-6.64282
-6.65789
-6.67465
-6.6888
-6.69953
-6.70294
-6.69848
-6.6899
-6.67899
-6.66404
-6.64555
-6.62525
-6.60606
-6.58877
-6.57225
-6.56144
-6.55632
-6.55498
-6.56265
-6.57819
-6.59755
-6.62243
-6.64839
-6.67009
-6.68742
-6.69487
-6.69451
-6.6914
-6.6851
-6.68463
-6.68289
-6.68751
-6.69305
-6.69984
-6.70522
-6.71081
-6.71307
-6.71322
-6.70973
-6.70018
-6.68868
-6.67139
-6.65375
-6.62976
-6.60302
-6.57535
-6.5438
-6.5128
-6.48604
-6.46841
-6.46346
-6.47302
-6.49507
-6.53147
-6.57421
-6.61912
-6.66266
-6.69907
-6.72761
-6.74726
-6.76126
-6.76795
-6.76702
-6.75937
-6.74854
-6.73643
-6.72254
-6.70443
-6.68457
-6.66189
-6.64279
-6.62305
-6.60857
-6.59655
-6.58861
-6.58162
-6.57791
-6.57365
-6.57246
-6.578
-6.5904
-6.6091
-6.63145
-6.65813
-6.6841
-6.7037
-6.71956
-6.72721
-6.7268
-6.72002
-6.71227
-6.70166
-6.68795
-6.67542
-6.66709
-6.65843
-6.64738
-6.63691
-6.62863
-6.62014
-6.61224
-6.60856
-6.60515
-6.60525
-6.60495
-6.60794
-6.60794
-6.61225
-6.62016
-6.62964
-6.63316
-6.6321
-6.62646
-6.61389
-6.59586
-6.57708
-6.56571
-6.56572
-6.57384
-6.59138
-6.61442
-6.64092
-6.66638
-6.68505
-6.69774
-6.71003
-6.71464
-6.71364
-6.70618
-6.69498
-6.68096
-6.66207
-6.63876
-6.61308
-6.58957
-6.57403
-6.57049
-6.57809
-6.59564
-6.62108
-6.65179
-6.68843
-6.72024
-6.75239
-6.78001
-6.80278
-6.81697
-6.82623
-6.82845
-6.81988
-6.80564
-6.77925
-6.7461
-6.7088
-6.67137
-6.64166
-6.61605
-6.59662
-6.58434
-6.57534
-6.56588
-6.5576
-6.55263
-6.55132
-6.55669
-6.56752
-6.58087
-6.59737
-6.61329
-6.62725
-6.64018
-6.6459
-6.65064
-6.65164
-6.64942
-6.64725
-6.64759
-6.65146
-6.65912
-6.6706
-6.68686
-6.70972
-6.73281
-6.75186
-6.76725
-6.77392
-6.77078
-6.75764
-6.73524
-6.70592
-6.67147
-6.63387
-6.59883
-6.56301
-6.53034
-6.50603
-6.48969
-6.48361
-6.49086
-6.50978
-6.54035
-6.5734
-6.60524
-6.62786
-6.64421
-6.65097
-6.65562
-6.65182
-6.64638
-6.63889
-6.63504
-6.63147
-6.62821
-6.62737
-6.62315
-6.61938
-6.61162
-6.60415
-6.60044
-6.60518
-6.62124
-6.64435
-6.6711
-6.69793
-6.71626
-6.72586
-6.72054
-6.70339
-6.6758
-6.64427
-6.61432
-6.58946
-6.57708
-6.57493
-6.58345
-6.60193
-6.62615
-6.65155
-6.67178
-6.69307
-6.71118
-6.72601
-6.74248
-6.75191
-6.76001
-6.75954
-6.75778
-6.75224
-6.74483
-6.73733
-6.72489
-6.71035
-6.6901
-6.67238
-6.65524
-6.64562
-6.64056
-6.64204
-6.64689
-6.65266
-6.65866
-6.66079
-6.6604
-6.65992
-6.65275
-6.64679
-6.63725
-6.62292
-6.60286
-6.5765
-6.54959
-6.52396
-6.5004
-6.4861
-6.47837
-6.4851
-6.50342
-6.52743
-6.55818
-6.5926
-6.6274
-6.65807
-6.68742
-6.71584
-6.73972
-6.75779
-6.76962
-6.76986
-6.75889
-6.73765
-6.70945
-6.67632
-6.64764
-6.62781
-6.62325
-6.62949
-6.64807
-6.67354
-6.70089
-6.72828
-6.74763
-6.75744
-6.75348
-6.73677
-6.71096
-6.68096
-6.64745
-6.61938
-6.59381
-6.57195
-6.55885
-6.55329
-6.55259
-6.55603
-6.56601
-6.57949
-6.59361
-6.61115
-6.63351
-6.65512
-6.67471
-6.69096
-6.70211
-6.70939
-6.7089
-6.70218
-6.69361
-6.68063
-6.66691
-6.65114
-6.63571
-6.6189
-6.60424
-6.58939
-6.57439
-6.56398
-6.55991
-6.56362
-6.57446
-6.59316
-6.61633
-6.6421
-6.66804
-6.69184
-6.71055
-6.7232
-6.73275
-6.74068
-6.74267
-6.74458
-6.74568
-6.7438
-6.73802
-6.72638
-6.70525
-6.67694
-6.64549
-6.61505
-6.58741
-6.5672
-6.55733
-6.55895
-6.56984
-6.58922
-6.61121
-6.62658
-6.63199
-6.62934
-6.62291
-6.61295
-6.60525
-6.60104
-6.59755
-6.5941
-6.59225
-6.59723
-6.60028
-6.60705
-6.61916
-6.63455
-6.64988
-6.66703
-6.68269
-6.69819
-6.70766
-6.71783
-6.72383
-6.72248
-6.71461
-6.70526
-6.69273
-6.68156
-6.67598
-6.67299
-6.67759
-6.68471
-6.69058
-6.69717
-6.69857
-6.6992
-6.69751
-6.69447
-6.68985
-6.68429
-6.67948
-6.66809
-6.65907
-6.64976
-6.64421
-6.64149
-6.64324
-6.64573
-6.64841
-6.64681
-6.63442
-6.61735
-6.59379
-6.57008
-6.5475
-6.53498
-6.52863
-6.52974
-6.5406
-6.55802
-6.57755
-6.60112
-6.62777
-6.64962
-6.67114
-6.68784
-6.7009
-6.70674
-6.70692
-6.70489
-6.69925
-6.69488
-6.68893
-6.68119
-6.67639
-6.67211
-6.6684
-6.66455
-6.65702
-6.64862
-6.63717
-6.62785
-6.61862
-6.61082
-6.60861
-6.60986
-6.61235
-6.61945
-6.62546
-6.634
-6.64278
-6.65294
-6.66094
-6.66407
-6.66568
-6.66241
-6.65429
-6.64539
-6.63217
-6.62046
-6.61438
-6.61205
-6.61045
-6.61088
-6.6102
-6.60701
-6.5989
-6.58789
-6.57528
-6.56972
-6.56793
-6.58
-6.60049
-6.63178
-6.66632
-6.70667
-6.74411
-6.77879
-6.81064
-6.83183
-6.8478
-6.85583
-6.85321
-6.84716
-6.82899
-6.80566
-6.77399
-6.73715
-6.69619
-6.65165
-6.61288
-6.57669
-6.54889
-6.52674
-6.51096
-6.50134
-6.49629
-6.49824
-6.5051
-6.51517
-6.52799
-6.54092
-6.55734
-6.56939
-6.58202
-6.59183
-6.60389
-6.6202
-6.63764
-6.65895
-6.68207
-6.70497
-6.72644
-6.74395
-6.75326
-6.75608
-6.75141
-6.73775
-6.72028
-6.70311
-6.68633
-6.67536
-6.67278
-6.67682
-6.69184
-6.70717
-6.72703
-6.74563
-6.76158
-6.76804
-6.76554
-6.75501
-6.74309
-6.73052
-6.71795
-6.70581
-6.69376
-6.67908
-6.65885
-6.63415
-6.60516
-6.57338
-6.54243
-6.51771
-6.50273
-6.50028
-6.51472
-6.53715
-6.56596
-6.59332
-6.62348
-6.6468
-6.66549
-6.67597
-6.67933
-6.67513
-6.66922
-6.66053
-6.65079
-6.64425
-6.64221
-6.64277
-6.64366
-6.64766
-6.65605
-6.66465
-6.67797
-6.69544
-6.7149
-6.73543
-6.74978
-6.76338
-6.77026
-6.77121
-6.76498
-6.7523
-6.73623
-6.71611
-6.69295
-6.671
-6.64717
-6.62362
-6.60109
-6.58551
-6.57583
-6.57148
-6.57791
-6.59364
-6.61881
-6.6501
-6.67712
-6.70181
-6.72021
-6.72552
-6.72017
-6.70651
-6.69311
-6.67309
-6.6543
-6.63927
-6.6269
-6.62208
-6.62516
-6.63277
-6.64519
-6.66146
-6.67939
-6.69344
-6.70301
-6.70326
-6.69755
-6.68652
-6.66728
-6.64069
-6.61276
-6.58802
-6.56966
-6.55922
-6.55358
-6.55052
-6.54854
-6.54606
-6.55005
-6.56061
-6.57797
-6.6006
-6.63054
-6.66228
-6.6937
-6.72363
-6.74733
-6.76659
-6.77889
-6.78194
-6.78206
-6.77349
-6.76237
-6.74952
-6.7377
-6.72552
-6.71614
-6.71057
-6.70367
-6.69477
-6.68768
-6.68063
-6.67448
-6.67274
-6.67358
-6.67354
-6.67392
-6.67887
-6.68825
-6.69967
-6.70761
-6.71236
-6.71069
-6.70074
-6.68555
-6.6676
-6.65012
-6.6365
-6.62477
-6.61292
-6.60372
-6.59875
-6.59791
-6.60107
-6.60342
-6.60608
-6.61001
-6.61384
-6.61839
-6.62434
-6.63339
-6.64496
-6.65491
-6.66446
-6.66778
-6.66597
-6.66179
-6.65106
-6.64117
-6.63139
-6.6248
-6.62469
-6.63044
-6.64025
-6.65418
-6.66809
-6.68139
-6.69275
-6.7003
-6.70636
-6.70484
-6.69918
-6.69138
-6.68284
-6.67925
-6.68129
-6.68557
-6.68787
-6.68653
-6.67898
-6.66548
-6.65198
-6.64377
-6.64235
-6.64609
-6.65578
-6.66341
-6.66795
-6.67156
-6.6744
-6.67912
-6.68433
-6.69067
-6.69972
-6.71253
-6.7272
-6.74038
-6.74878
-6.75542
-6.75461
-6.74617
-6.73203
-6.71311
-6.69103
-6.66699
-6.64376
-6.61902
-6.59606
-6.57469
-6.5608
-6.55042
-6.54684
-6.5489
-6.55882
-6.56903
-6.57852
-6.5882
-6.59244
-6.59513
-6.59638
-6.59751
-6.60427
-6.60963
-6.6173
-6.62314
-6.62498
-6.623
-6.6217
-6.62429
-6.63648
-6.65603
-6.68162
-6.71056
-6.73661
-6.76108
-6.77486
-6.78255
-6.77856
-6.76534
-6.7436
-6.72869
-6.71232
-6.70034
-6.68931
-6.68395
-6.67667
-6.66999
-6.6654
-6.6636
-6.66447
-6.66582
-6.66605
-6.66507
-6.6611
-6.65087
-6.63282
-6.61408
-6.59274
-6.57526
-6.56151
-6.55949
-6.56495
-6.57748
-6.59385
-6.61515
-6.63944
-6.66282
-6.68208
-6.69666
-6.71045
-6.7183
-6.72465
-6.721
-6.71297
-6.69928
-6.67363
-6.64738
-6.61416
-6.58319
-6.56245
-6.55483
-6.56437
-6.59125
-6.63043
-6.67607
-6.72218
-6.76278
-6.79775
-6.81534
-6.82373
-6.81769
-6.79722
-6.76449
-6.7293
-6.693
-6.66271
-6.64474
-6.63539
-6.63066
-6.63286
-6.63894
-6.64508
-6.65164
-6.65375
-6.65276
-6.6473
-6.64059
-6.63222
-6.62009
-6.6063
-6.59624
-6.58513
-6.58323
-6.58503
-6.59283
-6.60384
-6.62076
-6.63604
-6.65201
-6.66321
-6.6691
-6.6719
-6.67037
-6.66822
-6.66701
-6.66861
-6.6708
-6.67617
-6.68678
-6.69969
-6.71464
-6.73204
-6.74745
-6.76062
-6.76379
-6.76
-6.74965
-6.73318
-6.71237
-6.69234
-6.67071
-6.6543
-6.63884
-6.62668
-6.61921
-6.61565
-6.61191
-6.60822
-6.60492
-6.60097
-6.59887
-6.59996
-6.59931
-6.59801
-6.59432
-6.58617
-6.57434
-6.56572
-6.55975
-6.55983
-6.56905
-6.58816
-6.61267
-6.64213
-6.67155
-6.70154
-6.73044
-6.75604
-6.78049
-6.80363
-6.81783
-6.8244
-6.82302
-6.80841
-6.78458
-6.75364
-6.72296
-6.68812
-6.65857
-6.62952
-6.60596
-6.58577
-6.57147
-6.56165
-6.55857
-6.55939
-6.56749
-6.58272
-6.59914
-6.6165
-6.62987
-6.64614
-6.65774
-6.66549
-6.6658
-6.66344
-6.65786
-6.65385
-6.65535
-6.66242
-6.67698
-6.69171
-6.70876
-6.72023
-6.7214
-6.71323
-6.69671
-6.67141
-6.64946
-6.63211
-6.62205
-6.62932
-6.64519
-6.66711
-6.69082
-6.71623
-6.74004
-6.75728
-6.76378
-6.75624
-6.73666
-6.70396
-6.66223
-6.61846
-6.5812
-6.5518
-6.53367
-6.53214
-6.54142
-6.55767
-6.57737
-6.60006
-6.61794
-6.63969
-6.65695
-6.67187
-6.68683
-6.69943
-6.70757
-6.7165
-6.72547
-6.72842
-6.72806
-6.72468
-6.71599
-6.69986
-6.68223
-6.66316
-6.64506
-6.63149
-6.62583
-6.62877
-6.63761
-6.65306
-6.67361
-6.68826
-6.69946
-6.69862
-6.68874
-6.67598
-6.6602
-6.64503
-6.63661
-6.6324
-6.62954
-6.6338
-6.6386
-6.64358
-6.64719
-6.64613
-6.64449
-6.64301
-6.6417
-6.63727
-6.63227
-6.63056
-6.63322
-6.64523
-6.66376
-6.68519
-6.70927
-6.73451
-6.75291
-6.76618
-6.7697
-6.7665
-6.75569
-6.73738
-6.71468
-6.69208
-6.6728
-6.65824
-6.64724
-6.63807
-6.63043
-6.62027
-6.60819
-6.5952
-6.58041
-6.56683
-6.55639
-6.54815
-6.54035
-6.53775
-6.53569
-6.54365
-6.55588
-6.5768
-6.60442
-6.63413
-6.66502
-6.69744
-6.7247
-6.74638
-6.75927
-6.76387
-6.76286
-6.75673
-6.74628
-6.73243
-6.71792
-6.70044
-6.68367
-6.66335
-6.6453
-6.6274
-6.61175
-6.59707
-6.58743
-6.57856
-6.5727
-6.57538
-6.58181
-6.59226
-6.60466
-6.62564
-6.65038
-6.67562
-6.69748
-6.71506
-6.722
-6.72656
-6.72458
-6.71926
-6.71198
-6.70294
-6.69602
-6.68438
-6.67056
-6.65849
-6.64462
-6.62898
-6.61746
-6.60992
-6.60525
-6.60765
-6.61371
-6.61929
-6.62904
-6.63907
-6.6493
-6.66069
-6.67185
-6.68294
-6.69496
-6.70173
-6.70492
-6.70001
-6.69101
-6.6826
-6.6738
-6.67084
-6.67178
-6.6825
-6.69629
-6.71045
-6.7249
-6.73263
-6.72959
-6.71848
-6.70244
-6.67962
-6.65341
-6.6335
-6.61807
-6.61229
-6.61424
-6.63074
-6.65192
-6.67981
-6.70634
-6.72822
-6.74285
-6.75004
-6.74547
-6.73694
-6.72349
-6.70904
-6.69378
-6.68266
-6.67268
-6.66661
-6.66186
-6.65658
-6.65031
-6.64079
-6.63192
-6.62408
-6.6178
-6.6143
-6.61181
-6.61076
-6.61056
-6.61045
-6.60987
-6.60833
-6.60508
-6.59909
-6.59561
-6.58862
-6.57992
-6.57364
-6.57158
-6.57245
-6.57781
-6.58758
-6.60675
-6.62642
-6.64691
-6.66926
-6.68982
-6.7059
-6.7197
-6.7265
-6.72927
-6.72363
-6.71486
-6.70363
-6.69296
-6.6835
-6.67765
-6.67819
-6.68365
-6.69709
-6.70693
-6.71227
-6.70883
-6.70062
-6.68304
-6.66263
-6.64165
-6.62308
-6.60956
-6.59914
-6.59549
-6.59563
-6.59975
-6.60577
-6.60928
-6.60767
-6.6027
-6.59682
-6.59273
-6.59131
-6.59883
-6.61705
-6.642
-6.66909
-6.69035
-6.70238
-6.70779
-6.70809
-6.70326
-6.70202
-6.7064
-6.71712
-6.7338
-6.75058
-6.76539
-6.76962
-6.76467
-6.74605
-6.72194
-6.69209
-6.66208
-6.63833
-6.62487
-6.61806
-6.6186
-6.6249
-6.63243
-6.63963
-6.65048
-6.65741
-6.65938
-6.65789
-6.65669
-6.65512
-6.65461
-6.66032
-6.67294
-6.68865
-6.71108
-6.73398
-6.75252
-6.7647
-6.76957
-6.76594
-6.75595
-6.7398
-6.7171
-6.68836
-6.65934
-6.6337
-6.61373
-6.59985
-6.59377
-6.58792
-6.58423
-6.58285
-6.58279
-6.58675
-6.59666
-6.61369
-6.6328
-6.65052
-6.66755
-6.67959
-6.6869
-6.68838
-6.68059
-6.66799
-6.65415
-6.63585
-6.62293
-6.61472
-6.61443
-6.62071
-6.63083
-6.64677
-6.66264
-6.67939
-6.69061
-6.6976
-6.70259
-6.70347
-6.70432
-6.7015
-6.69761
-6.6958
-6.6938
-6.69508
-6.69781
-6.70287
-6.70573
-6.70796
-6.70111
-6.69877
-6.69025
-6.67789
-6.66366
-6.64963
-6.64056
-6.63016
-6.62163
-6.61877
-6.6195
-6.61932
-6.61998
-6.62505
-6.62534
-6.62275
-6.61912
-6.61254
-6.6088
-6.60739
-6.6108
-6.61868
-6.62892
-6.64111
-6.64996
-6.65483
-6.65629
-6.65278
-6.64443
-6.63093
-6.61828
-6.60655
-6.59515
-6.58489
-6.57788
-6.57672
-6.58191
-6.59076
-6.60921
-6.63373
-6.66308
-6.69526
-6.72937
-6.75965
-6.78341
-6.79902
-6.80819
-6.80642
-6.79275
-6.77392
-6.74716
-6.71357
-6.67877
-6.64462
-6.61414
-6.59099
-6.57461
-6.56715
-6.56985
-6.57425
-6.58515
-6.59641
-6.60895
-6.62418
-6.63639
-6.64495
-6.65226
-6.65869
-6.662
-6.66618
-6.67047
-6.67511
-6.67858
-6.68562
-6.69244
-6.70555
-6.71316
-6.72028
-6.72437
-6.72137
-6.71243
-6.69909
-6.68471
-6.67188
-6.66364
-6.66289
-6.66552
-6.67204
-6.67863
-6.67905
-6.67809
-6.67707
-6.67342
-6.66852
-6.66374
-6.65677
-6.64717
-6.63974
-6.63064
-6.62137
-6.61671
-6.61687
-6.61895
-6.62126
-6.62148
-6.6193
-6.61424
-6.605
-6.59388
-6.57998
-6.56657
-6.55775
-6.5489
-6.54598
-6.55115
-6.56085
-6.57546
-6.59149
-6.60906
-6.62524
-6.6394
-6.65028
-6.65756
-6.6628
-6.6676
-6.6677
-6.66608
-6.66236
-6.66267
-6.66317
-6.66558
-6.66823
-6.67326
-6.68064
-6.6893
-6.69853
-6.70274
-6.70695
-6.70729
-6.70353
-6.6944
-6.67857
-6.65945
-6.63794
-6.61441
-6.59491
-6.58418
-6.58247
-6.59184
-6.61488
-6.64842
-6.68733
-6.7298
-6.76545
-6.79239
-6.80984
-6.81206
-6.80382
-6.78429
-6.7569
-6.72407
-6.69073
-6.65584
-6.62587
-6.60188
-6.5884
-6.57903
-6.57671
-6.57405
-6.58044
-6.59354
-6.61088
-6.63544
-6.6606
-6.68369
-6.69909
-6.70312
-6.69632
-6.67766
-6.65096
-6.62301
-6.59825
-6.5786
-6.57256
-6.5773
-6.59395
-6.61342
-6.63231
-6.64995
-6.66019
-6.66353
-6.66307
-6.65584
-6.64456
