0.8
0.791703
0.767314
0.728154
0.675899
0.612805
0.542055
0.46775
0.394677
0.327907
0.272139
0.230955
0.206172
0.197611
0.203255
0.219781
0.243266
0.269807
0.296006
0.319227
0.337682
0.350431
0.357284
0.358657
0.355428
0.348817
0.340234
0.331165
0.323081
0.317324
0.315069
0.317199
0.324288
0.336455
0.353353
0.374108
0.397391
0.421587
0.444926
0.465771
0.482743
0.494889
0.501693
0.503153
0.49968
0.492077
0.481415
0.468837
0.455489
0.442371
0.430185
0.419376
0.410129
0.402461
0.396279
0.391483
0.388044
0.385988
0.385419
0.386462
0.389167
0.393468
0.399149
0.405816
0.412944
0.419923
0.426206
0.431396
0.435277
0.437779
0.438982
0.439028
0.438055
0.436229
0.433702
0.43063
0.427168
0.423522
0.419877
0.416398
0.413295
0.410751
0.408873
0.407799
0.407593
0.408293
0.409763
0.411688
0.413534
0.414669
0.414451
0.412366
0.408147
0.401899
0.394078
0.385423
0.376905
0.369457
0.363853
0.360558
0.359661
0.36094
0.363929
0.367992
0.372439
0.376604
0.379891
0.381818
0.382057
0.380562
0.377547
0.373524
0.369255
0.365679
0.363773
0.36441
0.368219
0.375424
0.385865
0.398979
0.413924
0.429678
0.445163
0.459372
0.471389
0.480545
0.486362
0.488573
0.487183
0.48243
0.474734
0.464735
0.453219
0.441103
0.429344
0.418886
0.410574
0.405004
0.402444
0.402628
0.404778
0.407856
0.41082
0.412937
0.413771
0.413197
0.411316
0.408281
0.40429
0.399568
0.394355
0.388957
0.383729
0.379067
0.375373
0.373016
0.372319
0.373543
0.376849
0.382218
0.389327
0.397484
0.405673
0.41277
0.417797
0.420139
0.419652
0.416702
0.412007
0.40642
0.400719
0.395437
0.390835
0.387044
0.384167
0.382447
0.382267
0.384034
0.387988
0.394085
0.402025
0.411305
0.421264
0.431238
0.440548
0.448537
0.454693
0.458558
0.459842
0.458459
0.454525
0.448369
0.440533
0.431714
0.422683
0.414275
0.407266
0.402238
0.399526
0.399138
0.4008
0.404005
0.408097
0.412424
0.416462
0.419791
0.422167
0.423476
0.423758
0.423134
0.421777
0.419953
0.417859
0.415592
0.413172
0.410511
0.407561
0.404318
0.40085
0.397315
0.393902
0.390771
0.388054
0.38586
0.384269
0.383327
0.383106
0.383683
0.385111
0.387441
0.390659
0.394604
0.398988
0.403405
0.40732
0.410209
0.41167
0.411463
0.409617
0.406415
0.402304
0.397817
0.393392
0.389376
0.385939
0.383092
0.380755
0.378874
0.377463
0.376599
0.37641
0.377001
0.378414
0.380572
0.383298
0.386401
0.389703
0.393103
0.396644
0.400466
0.404688
0.40938
0.414539
0.420116
0.426045
0.432308
0.43884
0.445507
0.452086
0.458221
0.463487
0.467488
0.469874
0.470423
0.46908
0.465907
0.461086
0.454874
0.447531
0.439288
0.430369
0.421066
0.411681
0.402575
0.394157
0.38691
0.381322
0.377841
0.376743
0.378055
0.381463
0.386319
0.391677
0.396509
0.39983
0.400935
0.399514
0.39575
0.390299
0.384209
0.378746
0.375144
0.374389
0.37704
0.383138
0.392271
0.40364
0.416173
0.428702
0.440082
0.449336
0.455699
0.458696
0.458096
0.453931
0.446431
0.436038
0.423417
0.409469
0.395259
0.381983
0.370782
0.362635
0.358198
0.357637
0.360674
0.366735
0.375033
0.384734
0.395041
0.405237
0.414662
0.422698
0.428835
0.432779
0.434483
0.43414
0.432157
0.429051
0.425351
0.421559
0.418099
0.415259
0.41321
0.412027
0.411692
0.412129
0.413262
0.414988
0.417191
0.419725
0.422375
0.424867
0.426889
0.428102
0.428291
0.427378
0.425425
0.422566
0.418944
0.414597
0.4095
0.403622
0.397018
0.389902
0.382666
0.37593
0.370415
0.36682
0.365664
0.367171
0.371215
0.377405
0.385139
0.393756
0.402612
0.411149
0.418892
0.425451
0.430495
0.43379
0.435197
0.434668
0.432273
0.428184
0.422752
0.416469
0.409941
0.403894
0.399083
0.396128
0.39541
0.396993
0.400504
0.40527
0.41048
0.415364
0.41935
0.422104
0.423606
0.424022
0.423647
0.422802
0.421751
0.420668
0.41965
0.418625
0.417391
0.415704
0.413302
0.409926
0.405481
0.400118
0.39432
0.388844
0.384699
0.382968
0.384428
0.389364
0.39742
0.407663
0.418823
0.429626
0.439049
0.446385
0.451265
0.453614
0.453509
0.451156
0.44682
0.440782
0.433313
0.424699
0.415206
0.405171
0.394976
0.385103
0.376154
0.368803
0.36374
0.361621
0.362874
0.367572
0.375333
0.385325
0.396357
0.407107
0.416352
0.423136
0.42694
0.427733
0.425901
0.422176
0.41753
0.412897
0.409024
0.406336
0.405002
0.405017
0.406354
0.408949
0.412618
0.416848
0.420756
0.423256
0.423426
0.420726
0.415136
0.407127
0.397637
0.387851
0.379075
0.372489
0.368891
0.368619
0.371571
0.377286
0.385081
0.394156
0.403755
0.413122
0.421609
0.428713
0.434132
0.437783
0.439804
0.440481
0.44022
0.439394
0.438329
0.437238
0.43629
0.435562
0.435031
0.434639
0.434215
0.433537
0.432426
0.430722
0.428385
0.425501
0.422154
0.418491
0.414718
0.411077
0.4079
0.405491
0.404125
0.403914
0.404686
0.406057
0.407463
0.408374
0.408385
0.407278
0.404981
0.401585
0.397211
0.392043
0.386347
0.380426
0.374654
0.36948
0.365373
0.362776
0.361973
0.363075
0.365953
0.370292
0.375607
0.381384
0.387101
0.392336
0.396757
0.400184
0.402611
0.404187
0.405194
0.40595
0.406759
0.407746
0.40885
0.409906
0.410706
0.411088
0.411021
0.410542
0.409755
0.40878
0.407777
0.406971
0.406668
0.407182
0.408741
0.411433
0.415066
0.419191
0.423233
0.42667
0.42926
0.431102
0.432632
0.434292
0.436349
0.43879
0.44135
0.443614
0.445097
0.445369
0.444105
0.441093
0.436384
0.430312
0.423578
0.417157
0.412061
0.408992
0.408145
0.409183
0.411365
0.413791
0.415588
0.416115
0.415018
0.412204
0.40782
0.402202
0.395882
0.389495
0.383782
0.379444
0.37704
0.37682
0.378656
0.382095
0.386547
0.39142
0.396194
0.400518
0.404179
0.407131
0.409447
0.411284
0.412865
0.414354
0.415822
0.417195
0.418335
0.419109
0.419381
0.419124
0.41841
0.417296
0.415865
0.414097
0.411979
0.409538
0.406872
0.404243
0.40196
0.400396
0.399885
0.400653
0.402685
0.405832
0.40973
0.414001
0.418274
0.422221
0.425566
0.428058
0.429514
0.429717
0.428572
0.426073
0.422381
0.417828
0.412892
0.408114
0.403974
0.400789
0.398668
0.39756
0.397257
0.3975
0.3981
0.398979
0.40022
0.402003
0.404532
0.407898
0.412018
0.416605
0.421335
0.425932
0.430194
0.433966
0.437118
0.43951
0.44102
0.441479
0.440745
0.438611
0.434871
0.429367
0.422044
0.41301
0.402611
0.391425
0.38028
0.370078
0.361744
0.355973
0.353105
0.353006
0.355152
0.358803
0.363159
0.367601
0.371776
0.375547
0.378907
0.381762
0.383887
0.38502
0.385032
0.38411
0.382778
0.381831
0.382143
0.384455
0.389228
0.396537
0.406084
0.417307
0.429433
0.441638
0.453162
0.463345
0.471666
0.477711
0.481212
0.481972
0.479859
0.474813
0.466928
0.456505
0.444085
0.430433
0.416567
0.403603
0.39265
0.384628
0.380065
0.3791
0.381508
0.386708
0.393881
0.402087
0.410305
0.417557
0.423008
0.426105
0.426628
0.424723
0.420817
0.415533
0.40955
0.403503
0.398011
0.393609
0.390779
0.389871
0.390997
0.393944
0.39808
0.402497
0.406285
0.408751
0.409552
0.408802
0.406954
0.404619
0.402402
0.400712
0.399717
0.399277
0.399064
0.398689
0.397888
0.396629
0.395167
0.393974
0.39359
0.3945
0.396958
0.400903
0.405928
0.411354
0.416342
0.420088
0.421963
0.42162
0.41906
0.414661
0.409077
0.403093
0.397475
0.392853
0.389624
0.387975
0.387977
0.389623
0.392898
0.397808
0.404265
0.412036
0.420666
0.429457
0.437604
0.444305
0.44889
0.45092
0.450188
0.446753
0.440866
0.432962
0.423667
0.413764
0.404115
0.395647
0.389181
0.385299
0.384191
0.385625
0.388985
0.393415
0.397923
0.401584
0.403627
0.403611
0.401491
0.397599
0.392568
0.387191
0.382307
0.378665
0.376849
0.377221
0.379966
0.385002
0.391992
0.400418
0.409605
0.41883
0.427363
0.434577
0.439997
0.443333
0.444516
0.443657
0.441043
0.437121
0.432367
0.427224
0.421982
0.416767
0.411546
0.406152
0.40045
0.394475
0.388395
0.382567
0.37747
0.373598
0.371414
0.371209
0.373064
0.37684
0.382222
0.388733
0.395857
0.403193
0.410479
0.417595
0.424532
0.43129
0.437725
0.443458
0.447915
0.45049
0.450703
0.44835
0.443576
0.436799
0.428578
0.419562
0.410401
0.401684
0.393839
0.387164
0.381887
0.378122
0.37591
0.375253
0.376058
0.378201
0.381479
0.385596
0.390168
0.394755
0.398885
0.402162
0.404251
0.405052
0.404754
0.4038
0.402775
0.402344
0.403118
0.405535
0.40979
0.41577
0.422997
0.430788
0.438418
0.445235
0.450809
0.454888
0.457379
0.458221
0.457405
0.454907
0.450765
0.445056
0.438017
0.43001
0.42152
0.413073
0.40504
0.397673
0.391013
0.384953
0.379312
0.37392
0.368735
0.363835
0.359412
0.355732
0.353075
0.351699
0.351792
0.353417
0.356595
0.361253
0.367273
0.374482
0.382639
0.391402
0.400383
0.40915
0.417246
0.424332
0.430192
0.434745
0.437985
0.439991
0.440858
0.440711
0.43974
0.438287
0.436903
0.436215
0.43685
0.439115
0.442916
0.447684
0.452502
0.456336
0.458313
0.457805
0.454647
0.449122
0.44188
0.43376
0.425674
0.418439
0.412621
0.408406
0.405581
0.403607
0.401771
0.399366
0.39591
0.391349
0.386146
0.381126
0.377246
0.375312
0.375714
0.378346
0.382721
0.388152
0.393965
0.399574
0.404611
0.408864
0.412229
0.414675
0.416154
0.416565
0.415808
0.413853
0.410822
0.407038
0.402947
0.399074
0.395903
0.393776
0.392785
0.392806
0.393559
0.394734
0.396087
0.39751
0.399057
0.400861
0.403078
0.405833
0.409115
0.412767
0.41653
0.420105
0.4232
0.425607
0.427203
0.427978
0.427961
0.427256
0.426018
0.79987
0.79333
0.779027
0.758368
0.733402
0.706412
0.679398
0.653793
0.630448
0.609849
0.592191
0.577408
0.565098
0.554544
0.544862
0.535337
0.525751
0.516664
0.509385
0.505565
0.506465
0.512348
0.522345
0.534855
0.548062
0.560364
0.570518
0.577743
0.581724
0.582689
0.58135
0.57885
0.576589
0.575867
0.577497
0.581607
0.587731
0.595093
0.602949
0.610713
0.618038
0.624682
0.630379
0.634893
0.637941
0.639283
0.638848
0.636769
0.633387
0.629112
0.624458
0.619899
0.615853
0.612735
0.610897
0.610609
0.611914
0.614566
0.61806
0.621781
0.625148
0.627733
0.629333
0.62987
0.629387
0.628027
0.625935
0.623279
0.620229
0.616868
0.613246
0.609447
0.605623
0.601954
0.598628
0.595713
0.593175
0.590914
0.588824
0.586853
0.585051
0.583587
0.582562
0.582021
0.581885
0.582018
0.582357
0.582871
0.583708
0.584998
0.586876
0.589357
0.592353
0.595649
0.599048
0.602296
0.605213
0.607676
0.609591
0.610892
0.611546
0.611616
0.611214
0.610487
0.609547
0.608464
0.607297
0.606065
0.604759
0.603363
0.601924
0.600714
0.600187
0.601026
0.603877
0.609164
0.616939
0.626638
0.637194
0.647207
0.655196
0.659956
0.6607
0.657153
0.649475
0.638135
0.623926
0.607987
0.59181
0.577072
0.565307
0.55757
0.554152
0.554607
0.557976
0.563102
0.568882
0.574482
0.579387
0.583441
0.586734
0.589502
0.592035
0.594524
0.597013
0.599424
0.601511
0.602975
0.603605
0.603429
0.602743
0.602079
0.602096
0.603415
0.606436
0.611316
0.617966
0.626062
0.635057
0.644259
0.652818
0.659825
0.664344
0.665672
0.663457
0.657777
0.649234
0.638706
0.627277
0.61594
0.605497
0.596457
0.589012
0.583104
0.578591
0.575358
0.573493
0.573328
0.575381
0.580083
0.587455
0.596715
0.606388
0.614691
0.620129
0.621964
0.620286
0.61573
0.609165
0.601331
0.592792
0.584012
0.575582
0.568297
0.563096
0.560746
0.561459
0.564731
0.569492
0.574532
0.578912
0.58235
0.58516
0.587966
0.591287
0.59501
0.598474
0.600755
0.60116
0.599634
0.596744
0.593366
0.590262
0.587813
0.586006
0.584797
0.584611
0.586622
0.59253
0.603574
0.619515
0.638554
0.658279
0.676672
0.6925
0.705098
0.713982
0.71868
0.718737
0.713803
0.703802
0.689041
0.670219
0.648595
0.625885
0.604258
0.586191
0.573758
0.567689
0.566717
0.568152
0.569461
0.569431
0.568248
0.566824
0.566141
0.566752
0.56875
0.571818
0.575443
0.578979
0.581761
0.583172
0.582773
0.580406
0.57624
0.570658
0.564258
0.557798
0.55218
0.548421
0.547452
0.549994
0.556329
0.566188
0.57885
0.593222
0.607965
0.621761
0.633432
0.642027
0.646967
0.648087
0.645652
0.640381
0.633403
0.626145
0.620071
0.616375
0.615577
0.617442
0.621093
0.625277
0.628772
0.630582
0.630231
0.62773
0.623505
0.618258
0.612855
0.60817
0.604929
0.603582
0.604077
0.605799
0.607652
0.608312
0.606652
0.602125
0.595069
0.586518
0.578009
0.571219
0.567577
0.567996
0.572673
0.581023
0.591758
0.603167
0.61341
0.620945
0.624901
0.625214
0.622611
0.618613
0.615079
0.613732
0.615507
0.620118
0.626026
0.631109
0.633473
0.632164
0.627466
0.620694
0.613603
0.607788
0.604221
0.603084
0.603929
0.606002
0.608456
0.610468
0.61126
0.610223
0.606972
0.601554
0.594482
0.586712
0.579468
0.574097
0.571814
0.573336
0.578757
0.587479
0.598251
0.609466
0.619509
0.627088
0.631479
0.632516
0.630578
0.626509
0.621499
0.616823
0.613596
0.61241
0.613139
0.615017
0.616879
0.617625
0.616554
0.613568
0.609159
0.604253
0.599994
0.5974
0.597071
0.599023
0.602693
0.607294
0.612198
0.617041
0.62167
0.625848
0.629157
0.630974
0.630678
0.628016
0.623313
0.617474
0.611752
0.607279
0.60466
0.603689
0.603535
0.603029
0.601101
0.597195
0.591483
0.584832
0.578563
0.574062
0.5724
0.573933
0.57823
0.584202
0.590374
0.595292
0.597909
0.597859
0.595424
0.591406
0.586896
0.582996
0.580683
0.580676
0.583447
0.589109
0.597363
0.607515
0.618596
0.629568
0.639505
0.647629
0.653363
0.656356
0.656583
0.654366
0.650283
0.645059
0.639419
0.634023
0.629371
0.625719
0.623091
0.621235
0.619691
0.617976
0.61579
0.61302
0.609782
0.606334
0.602853
0.599285
0.595275
0.5902
0.583352
0.574246
0.562892
0.549942
0.536632
0.524606
0.515646
0.51135
0.512807
0.520433
0.533773
0.551548
0.571889
0.592614
0.61161
0.627116
0.63788
0.643322
0.643679
0.640039
0.634161
0.6281
0.623778
0.622487
0.624527
0.629168
0.634883
0.639796
0.642131
0.64071
0.635237
0.626416
0.615782
0.60508
0.595616
0.587962
0.582054
0.577555
0.574139
0.571628
0.569992
0.569427
0.570401
0.573545
0.579362
0.587823
0.598232
0.609344
0.619777
0.628414
0.634532
0.63775
0.638055
0.635739
0.631351
0.625587
0.619115
0.612514
0.606258
0.600757
0.596447
0.593878
0.593653
0.596257
0.601748
0.609695
0.61902
0.62835
0.636299
0.641753
0.644061
0.643128
0.639302
0.63322
0.625648
0.617297
0.608869
0.601015
0.594414
0.58956
0.586605
0.585245
0.584825
0.584622
0.584155
0.583377
0.582628
0.582502
0.583595
0.586263
0.590368
0.595289
0.599998
0.603353
0.604324
0.602218
0.596872
0.588899
0.57953
0.570482
0.563365
0.55925
0.558363
0.560175
0.56385
0.568737
0.574703
0.58201
0.590897
0.601154
0.611999
0.622301
0.630907
0.636936
0.639854
0.639521
0.636151
0.630381
0.62325
0.616066
0.610148
0.606586
0.605998
0.608367
0.613137
0.619364
0.625929
0.631693
0.635714
0.637371
0.636366
0.632669
0.626621
0.618776
0.609818
0.600472
0.591372
0.582956
0.575522
0.569403
0.565101
0.563309
0.564808
0.57019
0.579469
0.591885
0.6059
0.619554
0.630953
0.638717
0.642212
0.641647
0.637769
0.631648
0.624414
0.616936
0.609736
0.603104
0.597221
0.592253
0.588478
0.586158
0.585533
0.586697
0.589499
0.593654
0.598706
0.604099
0.609305
0.613855
0.617429
0.619793
0.620768
0.620279
0.618238
0.614704
0.60993
0.604485
0.599204
0.595115
0.593195
0.594026
0.597704
0.603636
0.610683
0.617481
0.622786
0.625771
0.626207
0.624442
0.621193
0.617304
0.613559
0.610497
0.608455
0.60771
0.60845
0.61074
0.614415
0.61907
0.624239
0.629497
0.634468
0.638862
0.64233
0.644365
0.644303
0.641592
0.636121
0.628453
0.619743
0.611335
0.604233
0.598702
0.594366
0.590602
0.586933
0.583075
0.578948
0.574575
0.569966
0.565247
0.560706
0.556845
0.554339
0.553866
0.555964
0.560903
0.568542
0.578429
0.589888
0.602043
0.61401
0.624945
0.634183
0.641377
0.64638
0.649194
0.649836
0.648267
0.64447
0.638613
0.631102
0.622543
0.613503
0.604427
0.595637
0.587354
0.579914
0.573859
0.569822
0.568324
0.56959
0.573416
0.5791
0.585585
0.591649
0.596217
0.598662
0.599032
0.598169
0.597575
0.598942
0.603316
0.610572
0.619499
0.628497
0.636151
0.641506
0.64396
0.643284
0.639485
0.632766
0.623569
0.612674
0.601176
0.590238
0.580991
0.574238
0.570321
0.569088
0.570034
0.572581
0.57627
0.580797
0.585941
0.591558
0.597466
0.603427
0.609089
0.61409
0.618154
0.621157
0.623167
0.62447
0.625451
0.626417
0.627502
0.628546
0.629182
0.62893
0.627319
0.623946
0.618713
0.612075
0.605059
0.59892
0.594719
0.592885
0.593299
0.595529
0.598987
0.603032
0.607093
0.610683
0.613481
0.615315
0.616197
0.616409
0.616468
0.616899
0.617993
0.619528
0.62072
0.620618
0.618565
0.614513
0.609033
0.603048
0.597433
0.59269
0.588863
0.585696
0.582921
0.580568
0.579052
0.579102
0.581565
0.58705
0.595664
0.60691
0.619793
0.632973
0.645013
0.654612
0.660765
0.662795
0.660385
0.65364
0.642992
0.629151
0.613132
0.596128
0.579503
0.5646
0.552716
0.544945
0.542041
0.544253
0.551065
0.561234
0.572983
0.584393
0.593796
0.600215
0.603434
0.603867
0.60228
0.599608
0.596761
0.594569
0.593571
0.593908
0.595219
0.596834
0.59799
0.59802
0.596615
0.593899
0.590571
0.587841
0.587131
0.589623
0.595721
0.604747
0.615305
0.625827
0.635073
0.642379
0.647437
0.650145
0.650403
0.648078
0.643139
0.63573
0.626184
0.615043
0.603037
0.591009
0.580019
0.571406
0.566465
0.565989
0.569765
0.576484
0.584282
0.591407
0.596741
0.600004
0.601774
0.603082
0.604952
0.608044
0.612487
0.61783
0.623322
0.628096
0.631531
0.633401
0.633949
0.633757
0.63336
0.63298
0.632482
0.631588
0.629965
0.627441
0.624064
0.619998
0.615445
0.610628
0.605857
0.601598
0.598487
0.597143
0.598012
0.601048
0.605606
0.61057
0.614632
0.61673
0.616297
0.613287
0.608103
0.601547
0.594828
0.589441
0.586622
0.586757
0.589114
0.592163
0.594474
0.595368
0.594968
0.593935
0.593153
0.593462
0.595522
0.599582
0.60529
0.611734
0.617673
0.621897
0.623568
0.622435
0.618822
0.613536
0.607662
0.602288
0.598096
0.595308
0.593692
0.592728
0.591925
0.591074
0.590348
0.590257
0.591419
0.594329
0.599059
0.605235
0.61212
0.618895
0.624841
0.629444
0.632365
0.633389
0.632468
0.629792
0.625774
0.620953
0.615894
0.611019
0.606545
0.602556
0.5992
0.596763
0.59566
0.596246
0.598661
0.602659
0.60777
0.613516
0.619549
0.625712
0.63196
0.638261
0.644451
0.650127
0.654799
0.657952
0.65909
0.657803
0.653875
0.647222
0.637876
0.625924
0.611681
0.595827
0.579422
0.563798
0.550367
0.540368
0.534724
0.53392
0.537934
0.546182
0.557479
0.570262
0.582954
0.5943
0.603659
0.611021
0.616973
0.622489
0.628469
0.635245
0.642278
0.648403
0.652306
0.653117
0.650819
0.646073
0.639838
0.632918
0.625899
0.619266
0.613555
0.609444
0.607511
0.608078
0.610999
0.615611
0.620751
0.625034
0.627331
0.62702
0.624043
0.618721
0.611431
0.602475
0.592202
0.581172
0.799359
0.784778
0.76709
0.748418
0.731153
0.717701
0.709982
0.708713
0.712917
0.720341
0.728476
0.735431
0.74016
0.742237
0.741577
0.738276
0.732666
0.725269
0.716799
0.708138
0.700095
0.693273
0.688103
0.685054
0.684635
0.687396
0.693615
0.702889
0.714165
0.726076
0.737422
0.747332
0.755107
0.760009
0.761335
0.75878
0.75258
0.743591
0.732978
0.721979
0.71152
0.702246
0.694421
0.687918
0.682255
0.676757
0.670864
0.664516
0.658435
0.654068
0.653099
0.656943
0.666163
0.680416
0.69855
0.718898
0.739632
0.759103
0.776174
0.790271
0.801418
0.810106
0.816976
0.82245
0.826452
0.828469
0.827881
0.824235
0.817732
0.80905
0.799153
0.788919
0.778918
0.769362
0.760311
0.751936
0.744538
0.738365
0.733322
0.728995
0.724732
0.71993
0.714165
0.707225
0.699101
0.689937
0.680077
0.670233
0.661427
0.65478
0.651242
0.651257
0.654493
0.660066
0.666818
0.673731
0.680305
0.686594
0.692968
0.699494
0.705714
0.71058
0.713008
0.712468
0.709445
0.705357
0.702153
0.701587
0.704587
0.711008
0.719911
0.730012
0.740028
0.748736
0.755117
0.758498
0.758595
0.755532
0.749875
0.742481
0.734397
0.726765
0.720745
0.717364
0.717531
0.721715
0.729631
0.740088
0.751099
0.76034
0.765804
0.766278
0.761535
0.75234
0.740197
0.727036
0.714861
0.705363
0.699708
0.698479
0.701581
0.708274
0.717244
0.726994
0.736356
0.744727
0.752185
0.759266
0.766711
0.774901
0.78354
0.791637
0.797752
0.800475
0.798679
0.791827
0.77996
0.763624
0.743791
0.721972
0.700199
0.68078
0.665976
0.65753
0.656123
0.661075
0.670569
0.68208
0.69316
0.701983
0.707754
0.710876
0.712756
0.715429
0.720793
0.729945
0.742755
0.758091
0.774105
0.788778
0.800298
0.807216
0.808772
0.804968
0.796611
0.785091
0.772162
0.75971
0.749254
0.741542
0.736364
0.732767
0.72959
0.726042
0.721712
0.716422
0.710075
0.7027
0.694709
0.687018
0.680687
0.676384
0.673754
0.671641
0.668754
0.664662
0.660219
0.657136
0.656879
0.659746
0.664948
0.671176
0.677482
0.683615
0.690109
0.697791
0.70712
0.717617
0.727904
0.736183
0.741067
0.742283
0.740852
0.738643
0.737595
0.73901
0.74327
0.749833
0.757804
0.766341
0.774838
0.782862
0.789987
0.795606
0.798996
0.799414
0.796277
0.789073
0.777675
0.762373
0.744166
0.72465
0.705746
0.689103
0.675708
0.66576
0.65888
0.654408
0.651703
0.650456
0.650787
0.653314
0.658887
0.668026
0.680346
0.694473
0.708519
0.720929
0.73097
0.73879
0.745115
0.75074
0.756056
0.760901
0.764531
0.765848
0.763829
0.758074
0.749219
0.739066
0.730177
0.725029
0.725112
0.730416
0.739514
0.750079
0.759675
0.766319
0.768745
0.766438
0.759389
0.747949
0.732781
0.71499
0.696314
0.679115
0.666102
0.659756
0.661589
0.671929
0.689635
0.712157
0.73599
0.757393
0.773238
0.781714
0.782639
0.777487
0.768919
0.759927
0.752559
0.747394
0.743754
0.740348
0.736108
0.730631
0.724163
0.717272
0.710374
0.703416
0.696007
0.687714
0.678449
0.668719
0.659774
0.653446
0.651894
0.657043
0.67
0.690473
0.716234
0.743134
0.766212
0.781342
0.78658
0.782691
0.772586
0.760079
0.74837
0.739235
0.73303
0.729224
0.72703
0.725756
0.725085
0.725238
0.726808
0.730497
0.736628
0.744767
0.753928
0.76285
0.770307
0.775465
0.777853
0.777451
0.774732
0.770425
0.765474
0.760781
0.756927
0.75411
0.752189
0.750855
0.749794
0.748833
0.747889
0.746826
0.745231
0.742327
0.737227
0.729268
0.718293
0.70484
0.690193
0.676185
0.66476
0.657525
0.655165
0.657322
0.662824
0.670336
0.678871
0.688112
0.698236
0.709491
0.721798
0.734681
0.747346
0.758983
0.768769
0.775707
0.77858
0.776088
0.767388
0.752746
0.73383
0.713413
0.694757
0.680774
0.673485
0.673929
0.682211
0.69749
0.718061
0.74156
0.76526
0.786404
0.802612
0.812163
0.814146
0.808465
0.795723
0.777042
0.754161
0.729535
0.706209
0.687501
0.676234
0.673767
0.679464
0.690902
0.704759
0.717957
0.728305
0.734888
0.737932
0.738482
0.737952
0.737722
0.738627
0.740748
0.743473
0.745659
0.746172
0.74423
0.739632
0.732747
0.724393
0.715723
0.708179
0.70323
0.702028
0.704928
0.711407
0.720082
0.729161
0.736894
0.741964
0.743762
0.742497
0.738872
0.733625
0.727246
0.719823
0.711273
0.70166
0.691448
0.6816
0.673364
0.66774
0.665123
0.665165
0.667095
0.670218
0.674395
0.680143
0.688492
0.700618
0.717197
0.737805
0.760617
0.782836
0.801435
0.814019
0.81929
0.817022
0.808035
0.793912
0.776877
0.759589
0.744725
0.734311
0.729063
0.727926
0.728528
0.728196
0.725026
0.718398
0.708863
0.697669
0.686323
0.676259
0.668784
0.664891
0.665121
0.669389
0.676952
0.686584
0.696856
0.706543
0.714997
0.72196
0.727549
0.731945
0.735419
0.738434
0.741486
0.744992
0.749141
0.753765
0.758341
0.762163
0.764644
0.76538
0.764177
0.760951
0.75567
0.748417
0.739534
0.729642
0.719542
0.709929
0.701265
0.693678
0.687232
0.681866
0.677585
0.674474
0.672665
0.672448
0.674092
0.677795
0.683639
0.691465
0.700796
0.710939
0.721185
0.73102
0.740125
0.748201
0.754659
0.758672
0.759477
0.756772
0.751
0.743162
0.734383
0.725554
0.71725
0.709723
0.702876
0.696398
0.689912
0.683213
0.676482
0.670443
0.666302
0.665463
0.669109
0.677743
0.690955
0.707415
0.72525
0.742543
0.757667
0.769429
0.777121
0.780426
0.779425
0.774621
0.76687
0.757188
0.746482
0.735456
0.724494
0.71391
0.704449
0.697487
0.694802
0.697841
0.707166
0.722109
0.740932
0.761192
0.7802
0.795556
0.805753
0.810334
0.809573
0.803999
0.793952
0.779593
0.761218
0.739911
0.717884
0.698048
0.68291
0.673507
0.669275
0.668651
0.670133
0.672859
0.676667
0.681817
0.688531
0.696561
0.704995
0.71251
0.717685
0.7195
0.717659
0.712676
0.70575
0.698516
0.692571
0.689194
0.689113
0.692598
0.699498
0.709123
0.720226
0.731272
0.740786
0.747753
0.751856
0.753508
0.753656
0.753462
0.754029
0.756145
0.76023
0.766364
0.774054
0.782174
0.789214
0.7936
0.794185
0.790449
0.782361
0.770113
0.75396
0.734237
0.711748
0.688091
0.665797
0.647941
0.637384
0.636035
0.644227
0.660357
0.680938
0.701633
0.718806
0.730393
0.735982
0.7365
0.733662
0.729572
0.726152
0.724535
0.724727
0.725833
0.726635
0.726448
0.72575
0.726249
0.73029
0.739857
0.755519
0.77595
0.798293
0.819004
0.834899
0.843597
0.843852
0.83565
0.820141
0.799508
0.776529
0.754006
0.734211
0.718722
0.708353
0.703227
0.702622
0.704981
0.708074
0.709534
0.707506
0.701265
0.691621
0.680803
0.671847
0.667408
0.668576
0.674389
0.682307
0.689456
0.693526
0.693345
0.688945
0.681458
0.672786
0.665155
0.660626
0.660612
0.665673
0.675577
0.689667
0.707096
0.726952
0.748128
0.769313
0.789075
0.805988
0.818711
0.82605
0.827023
0.821029
0.807984
0.788685
0.765022
0.739754
0.715885
0.695831
0.680871
0.671143
0.666065
0.664829
0.66675
0.671297
0.678171
0.687219
0.698194
0.710668
0.723938
0.737028
0.748783
0.757946
0.763457
0.764585
0.761185
0.753755
0.743301
0.731035
0.71817
0.705748
0.694598
0.685338
0.678427
0.674229
0.672992
0.674789
0.679468
0.686649
0.695717
0.705721
0.715556
0.724076
0.730405
0.734089
0.735063
0.733548
0.729922
0.724793
0.719067
0.713942
0.710613
0.710039
0.712719
0.718986
0.729118
0.742977
0.759465
0.776275
0.790452
0.799368
0.80153
0.796971
0.787354
0.775564
0.764742
0.757093
0.753011
0.751408
0.750664
0.74947
0.747002
0.742866
0.737164
0.730504
0.723849
0.7182
0.714085
0.71151
0.710034
0.70918
0.708674
0.708457
0.708688
0.709762
0.712247
0.716552
0.722583
0.729546
0.736076
0.740565
0.741553
0.737988
0.729412
0.71615
0.699367
0.680962
0.663371
0.649156
0.640481
0.638625
0.643581
0.654197
0.668637
0.684957
0.701562
0.717363
0.731666
0.744153
0.754757
0.763599
0.770797
0.776405
0.780241
0.7819
0.780907
0.77685
0.769576
0.759221
0.746366
0.731984
0.717291
0.703478
0.691585
0.682521
0.677166
0.676453
0.681151
0.691476
0.706748
0.725396
0.745145
0.763553
0.778457
0.788411
0.792654
0.791122
0.784382
0.773672
0.76081
0.747975
0.737361
0.730698
0.728739
0.730977
0.735773
0.740964
0.744503
0.74501
0.741975
0.735638
0.726654
0.715905
0.704409
0.693352
0.684102
0.678045
0.676299
0.679386
0.686963
0.697764
0.70986
0.721179
0.729977
0.735211
0.736788
0.735494
0.732895
0.731012
0.731731
0.736134
0.744157
0.754517
0.765154
0.77392
0.779337
0.781237
0.780821
0.780158
0.781051
0.783945
0.78756
0.789506
0.787472
0.780145
0.767512
0.750622
0.731274
0.71144
0.692848
0.67658
0.662947
0.651813
0.643028
0.636843
0.633819
0.634462
0.638739
0.646059
0.655341
0.665269
0.674626
0.682875
0.690241
0.697388
0.704756
0.712161
0.719012
0.724952
0.73026
0.735698
0.742162
0.750294
0.760266
0.771716
0.783798
0.795341
0.804917
0.810913
0.811781
0.806436
0.794607
0.777368
0.757064
0.736826
0.719577
0.707201
0.700002
0.69691
0.69618
0.69612
0.695535
0.693828
0.690954
0.687362
0.68402
0.682133
0.682879
0.686818
0.693557
0.701793
0.709857
0.716296
0.720396
0.722279
0.722792
0.723124
0.724363
0.727213
0.731989
0.738663
0.747015
0.756752
0.767374
0.778165
0.788187
0.796343
0.801475
0.802693
0.799628
0.792627
0.782608
0.770847
0.758496
0.746563
0.735964
0.727441
0.721358
0.717504
0.715011
0.712795
0.709954
0.705966
0.70067
0.6941
0.686459
0.678251
0.670405
0.664315
0.661597
0.66362
0.671099
0.683701
0.700018
0.717948
0.735051
0.749341
0.759712
0.76605
0.768884
0.76872
0.765662
0.75938
0.799377
0.785046
0.766906
0.746706
0.726677
0.709149
0.696328
0.690031
0.691203
0.699601
0.713834
0.731748
0.75092
0.768994
0.784025
0.794809
0.801142
0.803732
0.803806
0.802258
0.799282
0.794434
0.787149
0.777301
0.765311
0.752166
0.739141
0.727665
0.719088
0.714491
0.714575
0.719721
0.729898
0.744581
0.76255
0.781721
0.799317
0.81243
0.81874
0.817092
0.807695
0.792107
0.772839
0.752825
0.734698
0.720235
0.71008
0.703677
0.699801
0.697196
0.695206
0.694233
0.695686
0.701436
0.712856
0.730093
0.751886
0.776087
0.800365
0.822667
0.841273
0.854898
0.862574
0.863762
0.858359
0.846799
0.829934
0.809082
0.785864
0.761965
0.738986
0.718199
0.700416
0.685861
0.67429
0.665158
0.657923
0.652282
0.648316
0.646524
0.647638
0.652441
0.661502
0.674938
0.692354
0.712786
0.734738
0.756388
0.775922
0.7918
0.802891
0.808507
0.808509
0.803368
0.794186
0.782682
0.770845
0.760273
0.751894
0.745807
0.741561
0.738493
0.736101
0.734135
0.732634
0.731859
0.731972
0.73284
0.733907
0.734228
0.732696
0.728577
0.721679
0.712729
0.703335
0.69557
0.691401
0.692021
0.697335
0.70605
0.716207
0.725815
0.733477
0.738664
0.741686
0.743548
0.745651
0.749533
0.756419
0.766931
0.780868
0.79723
0.814433
0.830516
0.843464
0.851443
0.853064
0.847621
0.835193
0.816592
0.793272
0.767111
0.740282
0.714956
0.693005
0.675782
0.664141
0.658824
0.66046
0.669485
0.685827
0.708553
0.735585
0.763967
0.790428
0.811999
0.826651
0.833523
0.832913
0.825962
0.814281
0.799523
0.783188
0.766523
0.750666
0.73678
0.725882
0.718602
0.714892
0.714135
0.715661
0.71903
0.724168
0.731173
0.740093
0.750647
0.762124
0.773443
0.783277
0.790267
0.793197
0.791395
0.78486
0.774333
0.760894
0.745636
0.729285
0.712233
0.69512
0.679239
0.666741
0.660058
0.661107
0.670589
0.687708
0.710372
0.735584
0.76009
0.781167
0.797178
0.807801
0.813845
0.816984
0.819064
0.821322
0.824089
0.826943
0.8291
0.829943
0.829238
0.82732
0.825051
0.823442
0.82326
0.824648
0.826858
0.828476
0.827828
0.823421
0.814196
0.799589
0.779743
0.755908
0.730474
0.706628
0.687458
0.67529
0.671631
0.677037
0.690465
0.708695
0.727154
0.741502
0.748897
0.748429
0.740936
0.728592
0.714239
0.700549
0.689637
0.682912
0.681225
0.684895
0.693602
0.706346
0.721669
0.737852
0.753221
0.766232
0.775638
0.780716
0.781389
0.778087
0.771555
0.762704
0.752578
0.742284
0.73293
0.725568
0.72106
0.72003
0.72296
0.730238
0.742037
0.758094
0.777392
0.79803
0.817583
0.833548
0.844001
0.847875
0.845045
0.836125
0.822298
0.804932
0.785336
0.764568
0.743468
0.722827
0.703722
0.687678
0.676682
0.672702
0.677107
0.690101
0.710467
0.735886
0.763503
0.790403
0.81412
0.832831
0.845292
0.850865
0.84943
0.841329
0.82733
0.80848
0.786044
0.761351
0.735773
0.710659
0.687453
0.66763
0.652608
0.643619
0.64164
0.647142
0.659625
0.677478
0.698245
0.719188
0.737977
0.753157
0.764272
0.771733
0.776359
0.779005
0.780221
0.780134
0.778456
0.7747
0.768467
0.759711
0.748859
0.736789
0.724552
0.713346
0.704424
0.699043
0.698157
0.702142
0.710656
0.722755
0.73727
0.753114
0.769468
0.785624
0.800774
0.81375
0.823012
0.826897
0.82425
0.81489
0.799874
0.78136
0.762048
0.744754
0.731929
0.725384
0.725984
0.733585
0.747069
0.764431
0.782982
0.799898
0.812641
0.819364
0.819043
0.811516
0.79729
0.777411
0.753457
0.727642
0.702846
0.682222
0.66846
0.662922
0.665347
0.674153
0.68718
0.702573
0.719206
0.736655
0.754724
0.77288
0.789927
0.804157
0.813858
0.817905
0.816051
0.808948
0.797908
0.784573
0.77063
0.757441
0.745769
0.735711
0.726986
0.719192
0.712272
0.706953
0.70465
0.707116
0.715688
0.730405
0.749674
0.77079
0.790918
0.807976
0.820997
0.829886
0.834979
0.836539
0.834597
0.828938
0.819368
0.80596
0.789351
0.770701
0.75161
0.733942
0.719399
0.709218
0.704028
0.70388
0.708533
0.717554
0.730251
0.745374
0.761083
0.775109
0.785231
0.78973
0.787773
0.779692
0.766961
0.751816
0.736844
0.724397
0.715886
0.71156
0.710666
0.711806
0.713441
0.714345
0.713952
0.712551
0.711211
0.711398
0.714299
0.720283
0.728791
0.738504
0.747619
0.754289
0.757074
0.755446
0.750216
0.743555
0.738547
0.738164
0.744036
0.755706
0.770912
0.786611
0.800201
0.810189
0.816301
0.819321
0.820586
0.821294
0.822181
0.823218
0.823666
0.822349
0.818071
0.810025
0.797962
0.782129
0.763005
0.741239
0.717753
0.69399
0.672142
0.65496
0.645059
0.643826
0.650834
0.663973
0.680215
0.696582
0.710855
0.721756
0.728855
0.732358
0.732909
0.731449
0.729174
0.727396
0.727347
0.72983
0.734938
0.741909
0.749338
0.755588
0.75915
0.759083
0.755173
0.748082
0.739255
0.730651
0.724293
0.721837
0.724096
0.730689
0.740091
0.75028
0.759472
0.766602
0.771254
0.773158
0.771805
0.766777
0.758207
0.747182
0.735541
0.725494
0.718961
0.716983
0.719538
0.725915
0.735358
0.747604
0.762992
0.781691
0.802528
0.82269
0.838751
0.848226
0.850319
0.845681
0.835526
0.821109
0.803432
0.783412
0.762387
0.74241
0.726223
0.71651
0.714829
0.720801
0.732159
0.745794
0.758715
0.76884
0.775083
0.77724
0.775614
0.770944
0.764244
0.756778
0.749692
0.743639
0.738464
0.733219
0.726628
0.717819
0.70686
0.6949
0.683705
0.675167
0.670766
0.671388
0.677311
0.688255
0.703466
0.72163
0.740891
0.75915
0.774543
0.785972
0.793328
0.797305
0.798849
0.798652
0.796904
0.793475
0.788218
0.781458
0.774033
0.767092
0.761545
0.757469
0.753879
0.749052
0.741433
0.730354
0.716475
0.701705
0.688668
0.679985
0.677468
0.681689
0.691911
0.706278
0.722357
0.737687
0.750426
0.759662
0.765504
0.768852
0.770964
0.772966
0.775568
0.779001
0.783033
0.787116
0.790402
0.792136
0.791869
0.789635
0.785971
0.781633
0.777367
0.773717
0.770875
0.768726
0.767
0.76532
0.763248
0.760221
0.7557
0.749365
0.741378
0.732498
0.723956
0.717111
0.712941
0.711806
0.713543
0.717745
0.723893
0.731509
0.740205
0.749714
0.759897
0.770591
0.781491
0.792033
0.801362
0.808634
0.813195
0.814682
0.81293
0.807918
0.799703
0.788417
0.774288
0.757715
0.739289
0.719915
0.700871
0.683721
0.670127
0.661475
0.658628
0.661745
0.670283
0.683218
0.699166
0.716574
0.733958
0.750125
0.764288
0.776163
0.78594
0.794054
0.801038
0.807384
0.81353
0.819697
0.825621
0.830514
0.833088
0.832035
0.826415
0.81602
0.801369
0.783545
0.764012
0.74434
0.726054
0.710458
0.698515
0.690701
0.687117
0.68754
0.691478
0.698211
0.706828
0.716408
0.726236
0.735881
0.745017
0.753225
0.759967
0.764704
0.767217
0.767608
0.766237
0.763675
0.760557
0.757511
0.755129
0.753833
0.753551
0.753678
0.753092
0.750724
0.74619
0.740163
0.734271
0.730654
0.731005
0.736022
0.745128
0.756789
0.769109
0.780432
0.789919
0.79751
0.803603
0.808559
0.812422
0.81472
0.814565
0.81108
0.803632
0.79201
0.77663
0.758574
0.739323
0.720522
0.703753
0.690436
0.681656
0.677906
0.678853
0.68337
0.690095
0.698133
0.707282
0.71775
0.729801
0.743456
0.758262
0.773524
0.788388
0.802006
0.813536
0.822206
0.827284
0.828169
0.824546
0.816509
0.804539
0.78947
0.772507
0.755191
0.739324
0.726657
0.718374
0.714735
0.715105
0.718448
0.723872
0.730772
0.738713
0.747159
0.755424
0.762769
0.768685
0.773061
0.776219
0.778514
0.780121
0.780843
0.780256
0.777981
0.773999
0.768667
0.76255
0.7561
0.749426
0.742486
0.735325
0.728355
0.722326
0.718153
0.716344
0.716922
0.719414
0.723083
0.727137
0.730754
0.733079
0.733529
0.732176
0.73009
0.729191
0.73156
0.738746
0.751214
0.768084
0.787421
0.806876
0.824222
0.837705
0.846309
0.849728
0.848245
0.84247
0.832892
0.81986
0.803681
0.784753
0.763706
0.741617
0.720024
0.700786
0.685766
0.676262
0.672363
0.672982
0.676413
0.681042
0.685909
0.690739
0.69567
0.700843
0.706298
0.711977
0.717782
0.723669
0.729745
0.736329
0.743895
0.752793
0.762847
0.773311
0.782928
0.790335
0.794459
0.794872
0.791956
0.786658
0.780149
0.773393
0.766938
0.760993
0.755531
0.750629
0.746732
0.744708
0.745593
0.750026
0.757575
0.766679
0.775102
0.780894
0.783205
0.782596
0.780525
0.778402
0.776784
0.775171
0.772437
0.767537
0.759912
0.749616
0.737153
0.723572
0.710632
0.700799
0.696739
0.699972
0.709686
0.722967
0.736473
0.747871
0.756217
0.761901
0.766093
0.770144
0.774863
0.780045
0.78491
0.788465
0.789883
0.788833
0.785544
0.780816
0.775686
0.771197
0.76816
0.766735
0.766463
0.766492
0.765965
0.764154
0.760556
0.755031
0.747845
0.73978
0.73206
0.725918
0.722343
0.721855
0.724527
0.730199
0.738399
0.748357
0.759013
0.769138
0.777598
0.783505
0.786475
0.78663
0.784699
0.78179
0.779156
0.7778
0.77812
0.779681
0.781258
0.78137
0.778896
0.773441
0.765392
0.75584
0.746345
0.738585
0.733907
0.733027
0.735798
0.741241
0.747896
0.754217
0.758888
0.760841
0.759347
0.75406
0.745078
0.733059
0.719284
0.705237
0.692225
0.681235
0.672928
0.667789
0.666111
0.66786
0.672606
0.679721
0.688521
0.698487
0.709352
0.721193
0.734261
0.748648
0.763951
0.779164
0.792872
0.803694
0.810698
0.813652
0.813072
0.810067
0.805983
0.802071
0.799105
0.797372
0.796606
0.796236
0.795701
0.794601
0.792724
0.790123
0.78706
0.783966
0.781316
0.779491
0.77868
0.778749
0.779261
0.779652
0.779331
0.777863
0.774961
0.770522
0.764531
0.7571
0.74844
0.738849
0.72886
0.719138
0.710521
0.703691
0.698756
0.695159
0.799805
0.79471
0.786491
0.776214
0.76536
0.755391
0.747702
0.743552
0.744092
0.750117
0.761605
0.777363
0.795039
0.811887
0.825888
0.836439
0.844355
0.851131
0.858079
0.865606
0.873052
0.879046
0.882129
0.881326
0.876492
0.868146
0.85711
0.844178
0.829829
0.814309
0.797893
0.781158
0.765387
0.752526
0.744784
0.743865
0.750233
0.762882
0.779852
0.798925
0.818224
0.836424
0.852611
0.865939
0.875537
0.880685
0.880958
0.876385
0.867508
0.855198
0.840829
0.826237
0.813744
0.805862
0.804392
0.809504
0.819517
0.831484
0.842409
0.850184
0.853829
0.853376
0.849442
0.84277
0.83403
0.823929
0.813281
0.802935
0.793629
0.785644
0.778553
0.771414
0.763273
0.753718
0.743361
0.733935
0.72789
0.727694
0.734883
0.749296
0.768919
0.790545
0.810952
0.827748
0.839652
0.84624
0.847479
0.843547
0.834957
0.822785
0.809077
0.796516
0.787572
0.783528
0.784283
0.7893
0.798211
0.810562
0.825212
0.840249
0.853361
0.862529
0.866525
0.865101
0.858967
0.849464
0.838104
0.826229
0.814847
0.804765
0.796635
0.791077
0.788547
0.789189
0.792783
0.798537
0.80522
0.8113
0.815353
0.816535
0.814925
0.811572
0.808204
0.806654
0.808283
0.813693
0.822732
0.8346
0.84806
0.861535
0.873324
0.881811
0.885766
0.884607
0.878614
0.868957
0.857439
0.845769
0.834718
0.823818
0.811926
0.798095
0.782046
0.764212
0.745611
0.727683
0.712116
0.700507
0.694034
0.693233
0.69809
0.708245
0.723125
0.741928
0.763435
0.785843
0.806931
0.824514
0.836898
0.843116
0.842951
0.836917
0.826183
0.812233
0.796605
0.780907
0.766876
0.756563
0.752089
0.754919
0.765163
0.781345
0.800902
0.821037
0.839447
0.854548
0.865271
0.870866
0.870975
0.865933
0.856944
0.846003
0.835215
0.826241
0.820077
0.817078
0.817148
0.819911
0.824859
0.831385
0.838818
0.846507
0.854007
0.861055
0.867609
0.873515
0.878238
0.880793
0.879989
0.874751
0.864467
0.849264
0.830166
0.80903
0.788197
0.769802
0.755164
0.744579
0.737807
0.734631
0.735051
0.738946
0.745738
0.754502
0.764289
0.774455
0.784657
0.794662
0.804146
0.812799
0.820463
0.827236
0.83323
0.838265
0.841551
0.841825
0.837691
0.82826
0.81348
0.794203
0.772032
0.749025
0.727366
0.709158
0.696449
0.691011
0.694089
0.70599
0.72581
0.751351
0.779538
0.807065
0.831134
0.849849
0.862458
0.869298
0.87154
0.870731
0.868286
0.865026
0.861108
0.856317
0.850608
0.844496
0.83923
0.836373
0.837106
0.841468
0.848299
0.855767
0.862115
0.866387
0.868468
0.868977
0.868819
0.868571
0.868224
0.867115
0.864183
0.858252
0.848256
0.833538
0.814292
0.791646
0.767655
0.745169
0.727331
0.717014
0.716013
0.72435
0.740153
0.760341
0.781595
0.801078
0.816896
0.828131
0.834701
0.837253
0.83699
0.83544
0.834022
0.833632
0.834252
0.834902
0.833807
0.829208
0.820258
0.80783
0.7945
0.783658
0.778033
0.778706
0.785153
0.795648
0.807395
0.817191
0.822618
0.82311
0.819865
0.815111
0.811061
0.809213
0.810026
0.813088
0.817568
0.822712
0.82809
0.833827
0.840611
0.84896
0.8584
0.867032
0.872316
0.872365
0.866827
0.856731
0.843905
0.830381
0.817953
0.808268
0.802747
0.802209
0.806342
0.813495
0.821101
0.826586
0.828309
0.826019
0.820775
0.814508
0.809496
0.807374
0.808627
0.812414
0.817031
0.820565
0.821554
0.819255
0.813643
0.805364
0.795623
0.785792
0.777061
0.770152
0.765211
0.761673
0.758563
0.75494
0.75033
0.745152
0.74065
0.738583
0.740707
0.748046
0.760418
0.776247
0.793033
0.808071
0.819171
0.825209
0.82629
0.823432
0.8181
0.811597
0.80484
0.79848
0.793019
0.788829
0.786222
0.785493
0.786988
0.79103
0.797655
0.80648
0.816729
0.827614
0.838527
0.849335
0.860078
0.870611
0.880246
0.887822
0.892063
0.892132
0.887838
0.879562
0.868171
0.854854
0.841084
0.828334
0.817669
0.809469
0.803491
0.799388
0.797059
0.796708
0.798505
0.802201
0.806874
0.811018
0.812733
0.810367
0.802919
0.79045
0.774281
0.756968
0.741765
0.731863
0.729591
0.735772
0.749535
0.768569
0.789818
0.810218
0.827187
0.838996
0.844798
0.844543
0.838937
0.829204
0.816917
0.80381
0.791519
0.781372
0.774234
0.770539
0.77036
0.773682
0.780371
0.790149
0.802375
0.815928
0.829007
0.839425
0.84494
0.843891
0.835941
0.822317
0.805745
0.789922
0.7786
0.774441
0.778243
0.78875
0.803222
0.818357
0.831138
0.83928
0.841459
0.837414
0.827993
0.814778
0.799874
0.785483
0.773525
0.765383
0.761677
0.762223
0.766083
0.77194
0.778433
0.784548
0.790064
0.795743
0.803017
0.813433
0.827765
0.845486
0.864931
0.883914
0.900357
0.912827
0.920862
0.92489
0.925945
0.925046
0.922824
0.919033
0.91255
0.901654
0.884535
0.860026
0.828152
0.790409
0.74985
0.710675
0.67724
0.652963
0.639626
0.637483
0.645644
0.662533
0.686216
0.714604
0.745419
0.776281
0.804827
0.828871
0.846808
0.857823
0.861944
0.859986
0.853306
0.843472
0.831986
0.820173
0.809278
0.800521
0.795008
0.793455
0.796001
0.802174
0.810997
0.821198
0.831369
0.840148
0.846321
0.84898
0.847697
0.84256
0.834071
0.823014
0.810359
0.797061
0.783982
0.771891
0.761528
0.753601
0.748948
0.748458
0.752845
0.762289
0.776126
0.792764
0.809938
0.825154
0.836327
0.842448
0.843902
0.842245
0.83955
0.837588
0.837315
0.838927
0.842062
0.846107
0.850359
0.853983
0.856113
0.85603
0.853331
0.847885
0.839819
0.82938
0.816748
0.802044
0.785284
0.766577
0.746486
0.726366
0.708382
0.69533
0.690044
0.694526
0.709132
0.732264
0.760841
0.791225
0.820118
0.84509
0.864699
0.878391
0.886325
0.889284
0.888343
0.88456
0.878617
0.870743
0.860829
0.848929
0.835574
0.821734
0.80846
0.796635
0.78677
0.778988
0.773097
0.768552
0.764732
0.761574
0.760093
0.762046
0.768922
0.780922
0.796832
0.814563
0.831826
0.846539
0.857147
0.862768
0.86339
0.859865
0.853585
0.846122
0.838671
0.831771
0.825331
0.818926
0.812241
0.805274
0.798418
0.792232
0.787247
0.78378
0.781799
0.781102
0.781451
0.782709
0.784967
0.788382
0.792729
0.79717
0.800186
0.80009
0.795702
0.78704
0.7756
0.764187
0.75611
0.753929
0.758667
0.769609
0.784885
0.802059
0.818767
0.833045
0.843644
0.85009
0.852652
0.852049
0.848832
0.843139
0.834543
0.822525
0.807249
0.790354
0.77498
0.764613
0.761481
0.765846
0.776748
0.792834
0.812596
0.834333
0.856264
0.876822
0.894876
0.909759
0.920914
0.927776
0.929586
0.925571
0.915207
0.898627
0.876935
0.852406
0.828118
0.807006
0.790733
0.779103
0.77069
0.763935
0.757991
0.752987
0.749672
0.748932
0.751323
0.75694
0.765381
0.775815
0.786885
0.797016
0.804839
0.809611
0.811507
0.811441
0.810622
0.810166
0.810888
0.813461
0.81851
0.826498
0.837494
0.850839
0.86515
0.8785
0.888747
0.893996
0.892996
0.885324
0.871396
0.852284
0.829588
0.805045
0.780318
0.756885
0.736071
0.71918
0.707662
0.703236
0.707389
0.7201
0.738989
0.760146
0.779935
0.796094
0.807679
0.814586
0.817212
0.816279
0.812833
0.808296
0.804122
0.801179
0.799365
0.797764
0.795298
0.791411
0.786492
0.782007
0.780027
0.782637
0.79121
0.805678
0.823963
0.842291
0.856617
0.863655
0.861681
0.850842
0.832989
0.811472
0.790375
0.773626
0.763929
0.762343
0.768226
0.779683
0.794345
0.809983
0.825083
0.838976
0.851605
0.862934
0.872601
0.880006
0.884625
0.886318
0.885385
0.882309
0.877525
0.871173
0.863078
0.852939
0.840891
0.827981
0.816299
0.808144
0.804898
0.806544
0.811513
0.817352
0.821789
0.823689
0.823202
0.821062
0.817886
0.813619
0.807506
0.798508
0.785931
0.769945
0.751703
0.733213
0.716929
0.705308
0.700279
0.702905
0.713115
0.72967
0.750515
0.773368
0.796412
0.8185
0.839095
0.857822
0.874051
0.886553
0.893761
0.894218
0.887219
0.873243
0.854155
0.833134
0.814042
0.800532
0.795107
0.798424
0.809492
0.826081
0.845114
0.863227
0.877132
0.884236
0.883089
0.873779
0.857952
0.838197
0.817158
0.796971
0.779188
0.764869
0.754817
0.749361
0.748274
0.750883
0.756419
0.76432
0.774384
0.78653
0.800436
0.815249
0.829532
0.841551
0.849841
0.853643
0.853074
0.848902
0.842099
0.833579
0.824066
0.814025
0.803747
0.793403
0.783168
0.773406
0.764759
0.758198
0.754879
0.755993
0.762264
0.773615
0.788971
0.806484
0.824086
0.83998
0.852999
0.862634
0.869076
0.873041
0.875547
0.877308
0.878363
0.877785
0.8741
0.865971
0.852811
0.835176
0.814605
0.793372
0.774163
0.759654
0.75208
0.752564
0.760496
0.773151
0.786461
0.796548
0.801163
0.800306
0.795632
0.789457
0.783763
0.77969
0.777419
0.776522
0.77651
0.777344
0.779623
0.784101
0.791252
0.800874
0.812076
0.823737
0.834912
0.844952
0.853398
0.859588
0.862648
0.861926
0.85745
0.850122
0.841754
0.834516
0.830224
0.829604
0.832013
0.835851
0.839428
0.841798
0.84285
0.842916
0.842289
0.840982
0.83886
0.835696
0.831323
0.82577
0.819558
0.813684
0.809338
0.807471
0.8082
0.810455
0.812199
0.811103
0.80531
0.794398
0.779608
0.763537
0.749243
0.739098
0.734311
0.734961
0.740644
0.75077
0.764566
0.78077
0.797694
0.813721
0.827673
0.838883
0.847043
0.851923
0.853452
0.851934
0.848126
0.843301
0.838805
0.835462
0.833256
0.831487
0.829312
0.826015
0.821346
0.815423
0.808699
0.801812
0.795551
0.790805
0.788234
0.787982
0.789695
0.792798
0.796929
0.8019
0.8075
0.813225
0.818248
0.821625
0.822546
0.820646
0.81611
0.809662
0.802382
0.795536
0.790394
0.787726
0.787343
0.788043
0.787991
0.78551
0.779965
0.772112
0.764016
0.758403
0.757883
0.764131
0.777539
0.797214
0.80123
0.827173
0.852925
0.876361
0.896076
0.91132
0.9218
0.92743
0.92812
0.923744
0.914107
0.89909
0.878894
0.854274
0.826726
0.798293
0.771134
0.747061
0.727205
0.711978
0.701238
0.694649
0.691795
0.69234
0.695976
0.702249
0.710436
0.719651
0.728917
0.737472
0.745108
0.752291
0.760002
0.769362
0.781159
0.795379
0.811141
0.826931
0.841064
0.852045
0.858726
0.860466
0.857184
0.849534
0.83894
0.827456
0.817317
0.810455
0.808226
0.811254
0.819303
0.83118
0.844811
0.857646
0.867209
0.871837
0.871107
0.865953
0.858164
0.849572
0.84134
0.833654
0.825717
0.816171
0.803682
0.787387
0.767496
0.745528
0.724212
0.706935
0.696766
0.695317
0.702433
0.716401
0.734677
0.754615
0.773829
0.790375
0.802866
0.810563
0.813467
0.812304
0.808349
0.803048
0.797783
0.793506
0.790697
0.789411
0.789635
0.791478
0.795331
0.801655
0.8107
0.822152
0.835053
0.847958
0.859279
0.867623
0.871998
0.871985
0.867788
0.860077
0.849606
0.837022
0.822801
0.807393
0.791504
0.776125
0.762383
0.751439
0.744517
0.742772
0.747078
0.757612
0.773518
0.792698
0.812152
0.828641
0.839603
0.843828
0.84151
0.833914
0.82285
0.810212
0.797788
0.787096
0.779356
0.7755
0.776207
0.781689
0.79117
0.802795
0.814237
0.823476
0.829176
0.830649
0.827534
0.81959
0.806798
0.789832
0.770811
0.753309
0.740698
0.733693
0.73017
0.72767
0.725432
0.724428
0.726286
0.732413
0.743489
0.759244
0.778506
0.799583
0.820629
0.839972
0.856332
0.868929
0.877348
0.881335
0.880975
0.876684
0.869484
0.860957
0.852757
0.845977
0.840694
0.836103
0.831326
0.82608
0.820685
0.815887
0.812293
0.810132
0.809279
0.809565
0.811181
0.814506
0.819727
0.826208
0.832303
0.835837
0.835003
0.829253
0.819634
0.808166
0.796849
0.786763
0.777971
0.770181
0.763664
0.759238
0.757537
0.758361
0.760703
0.763362
0.765599
0.767503
0.769979
0.77416
0.780624
0.788873
0.797324
0.803972
0.807225
0.806422
0.801994
0.795201
0.78772
0.781234
0.77718
0.776524
0.779569
0.785838
0.794322
0.803774
0.813135
0.821505
0.827876
0.831192
0.830769
0.826855
0.820883
0.815052
0.811486
0.811228
0.813508
0.815852
0.815363
0.810532
0.802372
0.793865
0.788202
0.787016
0.789842
0.794892
0.800248
0.804691
0.80787
0.810049
0.811887
0.814191
0.817813
0.823412
0.831113
0.840368
0.849866
0.857876
0.862697
0.863072
0.858573
0.849552
0.837009
0.822229
0.806275
0.78993
0.773809
0.758586
0.745179
0.734702
0.728208
0.726227
0.728513
0.734023
0.741189
0.74826
0.753838
0.7573
0.759002
0.760043
0.761753
0.76483
0.768995
0.773104
0.775892
0.776669
0.77587
0.775093
0.776671
0.782757
0.794382
0.810836
0.830011
0.84906
0.865151
0.876029
0.880333
0.87788
0.869752
0.858058
0.845479
0.834331
0.825844
0.82
0.815874
0.812501
0.809325
0.806431
0.804267
0.803223
0.803189
0.803382
0.802485
0.799081
0.792196
0.781772
0.768799
0.755157
0.743213
0.735089
0.732107
0.734753
0.742817
0.75531
0.770627
0.786838
0.802154
0.815452
0.826285
0.83464
0.840556
0.843796
0.843689
0.839255
0.829601
0.814519
0.794989
0.773319
0.752965
0.73796
0.731854
0.736656
0.752285
0.776619
0.806297
0.837333
0.865909
0.888846
0.903834
0.909529
0.905581
0.892738
0.872964
0.849456
0.82611
0.806483
0.792591
0.784715
0.781981
0.782948
0.786012
0.789688
0.792676
0.794063
0.793398
0.790612
0.78588
0.779573
0.772206
0.76451
0.75746
0.752187
0.749729
0.750778
0.755419
0.763143
0.77299
0.783609
0.793542
0.801478
0.80657
0.808709
0.808515
0.807135
0.805819
0.805652
0.807332
0.811313
0.817719
0.826343
0.836625
0.847577
0.857796
0.865613
0.869485
0.868351
0.861955
0.850937
0.836839
0.821554
0.806974
0.79448
0.784751
0.777701
0.772762
0.769211
0.766442
0.764156
0.762331
0.761136
0.760735
0.760992
0.761257
0.760548
0.757882
0.752886
0.746169
0.739437
0.73508
0.73543
0.741822
0.754055
0.770513
0.789172
0.808366
0.827129
0.845177
0.862352
0.878184
0.891741
0.901656
0.906414
0.904861
0.896632
0.882363
0.86359
0.842393
0.820836
0.800518
0.782409
0.766872
0.754003
0.743957
0.737068
0.733771
0.734356
0.738753
0.746457
0.756577
0.76789
0.779045
0.788799
0.796165
0.800561
0.801916
0.800753
0.798359
0.79659
0.797455
0.802191
0.810718
0.821519
0.831998
0.839255
0.840895
0.835706
0.824158
0.808572
0.792849
0.78131
0.777036
0.780711
0.790781
0.804895
0.821014
0.837755
0.853427
0.865454
0.870821
0.867187
0.853975
0.832446
0.805409
0.776794
0.750829
0.731106
0.719849
0.717351
0.722273
0.732296
0.745054
0.758657
0.771945
0.784384
0.795781
0.806063
0.815091
0.822759
0.829167
0.834558
0.839115
0.842535
0.843864
0.841979
0.836153
0.826596
0.814368
0.801215
0.789142
0.780128
0.775814
0.777193
0.7841
0.795
0.807223
0.817743
0.824003
0.824668
0.819869
0.811003
0.800315
0.790233
0.782777
0.778942
0.778666
0.780902
0.784095
0.786858
0.788518
0.789181
0.789222
0.788728
0.787508
0.785481
0.783195
0.782054
0.783872
0.790104
0.800964
0.815228
0.830837
0.845682
0.858058
0.866688
0.87062
0.869247
0.862546
0.851354
0.83745
0.823162
0.8105
0.800519
0.792989
0.786818
0.780692
0.773799
0.766029
0.75782
0.749658
0.741855
0.73461
0.728156
0.723006
0.719932
0.719922
0.723924
0.732479
0.745567
0.762564
0.782375
0.803568
0.824449
0.843161
0.857882
0.867263
0.870888
0.869367
0.864066
0.856412
0.8473
0.837076
0.825934
0.81415
0.802118
0.790261
0.778915
0.768373
0.759082
0.751578
0.746478
0.744217
0.744858
0.748232
0.754277
0.763298
0.775657
0.791043
0.807859
0.823554
0.835725
0.843014
0.845419
0.843978
0.840161
0.835162
0.829612
0.82355
0.816743
0.808935
0.800108
0.790673
0.781458
0.773584
0.768066
0.765507
0.765962
0.768927
0.773606
0.779185
0.785191
0.791537
0.798414
0.806003
0.814045
0.821535
0.82699
0.829063
0.82725
0.822147
0.815491
0.809628
0.806823
0.808487
0.814596
0.823805
0.83394
0.842549
0.847513
0.847341
0.841562
0.830671
0.81614
0.800184
0.785365
0.77416
0.768587
0.769829
0.778016
0.79208
0.809814
0.828247
0.844301
0.855502
0.860505
0.859323
0.853171
0.843967
0.833698
0.824041
0.816009
0.80983
0.805041
0.80079
0.79625
0.791056
0.785379
0.779837
0.775145
0.771694
0.769467
0.768164
0.767435
0.766865
0.766171
0.765172
0.763763
0.76187
0.759259
0.755738
0.75136
0.746629
0.742531
0.740261
0.740931
0.745209
0.753113
0.764115
0.777284
0.791543
0.805839
0.819257
0.830856
0.839724
0.845074
0.846464
0.84393
0.838129
0.83033
0.822093
0.815134
0.811087
0.811025
0.81496
0.821607
0.828513
0.832895
0.832641
0.827037
0.816779
0.803571
0.789545
0.776732
0.766729
0.760468
0.7581
0.759
0.762042
0.765661
0.768195
0.768271
0.765444
0.760545
0.755899
0.754666
0.759435
0.770777
0.786703
0.803584
0.817758
0.826792
0.830068
0.828865
0.825862
0.824297
0.826737
0.83407
0.845159
0.857287
0.867134
0.871691
0.868954
0.858558
0.841892
0.821907
0.802314
0.786413
0.775999
0.77116
0.77091
0.773987
0.77909
0.784964
0.790358
0.794297
0.796248
0.796283
0.795112
0.793977
0.794465
0.798111
0.805694
0.816938
0.830472
0.84431
0.8565
0.865443
0.87003
0.869639
0.863943
0.853023
0.837621
0.819288
0.800299
0.783121
0.769603
0.760371
0.754733
0.751329
0.749009
0.747541
0.747707
0.750658
0.757127
0.766899
0.778859
0.791362
0.802699
0.811474
0.816737
0.817926
0.814878
0.80791
0.798019
0.787094
0.777559
0.771637
0.770521
0.774075
0.781194
0.790395
0.800317
0.809853
0.818138
0.824527
0.828541
0.830019
0.829263
0.827042
0.824432
0.822469
0.821842
0.822767
0.824924
0.827641
0.830063
0.831278
0.8306
0.827561
0.822109
0.814674
0.80611
0.79737
0.789284
0.782418
0.777195
0.773993
0.772974
0.773791
0.775501
0.776831
0.776762
0.774977
0.771974
0.76883
0.766811
0.766915
0.769584
0.774628
0.781344
0.788622
0.795104
0.799487
0.800801
0.798598
0.793105
0.785154
0.775921
0.766554
0.757965
0.750928
0.746197
0.744629
0.747009
0.753946
0.765573
0.781526
0.801017
0.822767
0.844933
0.865403
0.882148
0.893574
0.89882
0.89763
0.890195
0.877086
0.859225
0.837944
0.815019
0.79252
0.772502
0.756593
0.745779
0.740293
0.739701
0.74315
0.749542
0.757781
0.766772
0.775489
0.783125
0.789209
0.793785
0.797284
0.800186
0.802773
0.805214
0.807642
0.810519
0.814613
0.820496
0.827849
0.835374
0.841243
0.843916
0.842551
0.837169
0.828718
0.818934
0.809974
0.803703
0.801103
0.801927
0.804858
0.808218
0.810591
0.811218
0.810054
0.807514
0.804098
0.800101
0.795517
0.790265
0.784476
0.778783
0.774168
0.771486
0.770965
0.772031
0.773587
0.774504
0.773886
0.77117
0.766107
0.758885
0.750151
0.740961
0.732744
0.726963
0.724823
0.726967
0.733276
0.742772
0.75401
0.765552
0.776246
0.785427
0.792856
0.798528
0.802423
0.804502
0.804932
0.80415
0.802959
0.802218
0.802622
0.804513
0.807867
0.812424
0.817727
0.82329
0.828446
0.832483
0.834651
0.834292
0.831015
0.824599
0.815004
0.802517
0.787892
0.772593
0.75886
0.749404
0.746812
0.752809
0.767567
0.789556
0.815898
0.843036
0.86746
0.886314
0.897685
0.900665
0.895311
0.882706
0.864666
0.843222
0.820387
0.79805
0.778155
0.762346
0.751366
0.744924
0.742182
0.742672
0.746566
0.754442
0.766475
0.781938
0.798921
0.814615
0.825905
0.830247
0.826329
0.814584
0.797171
0.777662
0.760107
0.748048
0.743453
0.746361
0.755074
0.767021
0.779472
0.790212
0.797645
0.800946
0.800151
0.796027
0.789925
