1.2
1.18755
1.15097
1.09223
1.01385
0.919208
0.813082
0.701625
0.592016
0.491861
0.408208
0.346432
0.309258
0.296417
0.304882
0.329671
0.364899
0.40471
0.444009
0.478841
0.506523
0.525646
0.535926
0.537985
0.533141
0.523225
0.51035
0.496748
0.484621
0.475987
0.472603
0.475799
0.486432
0.504683
0.530029
0.561162
0.596086
0.63238
0.66739
0.698656
0.724114
0.742334
0.75254
0.75473
0.74952
0.738116
0.722122
0.703256
0.683234
0.663556
0.645278
0.629064
0.615193
0.603691
0.594418
0.587224
0.582066
0.578983
0.578129
0.579693
0.583751
0.590201
0.598723
0.608724
0.619417
0.629885
0.639309
0.647094
0.652915
0.656668
0.658474
0.658543
0.657082
0.654343
0.650553
0.645945
0.640753
0.635283
0.629815
0.624597
0.619942
0.616126
0.61331
0.611698
0.61139
0.61244
0.614645
0.617532
0.620302
0.622004
0.621677
0.618549
0.61222
0.602848
0.591118
0.578134
0.565357
0.554186
0.545779
0.540838
0.539491
0.54141
0.545893
0.551988
0.558658
0.564905
0.569836
0.572727
0.573086
0.570843
0.56632
0.560285
0.553883
0.548519
0.54566
0.546616
0.552328
0.563137
0.578797
0.598468
0.620886
0.644518
0.667745
0.689058
0.707084
0.720817
0.729543
0.73286
0.730774
0.723645
0.7121
0.697103
0.679829
0.661654
0.644016
0.628329
0.61586
0.607506
0.603667
0.603942
0.607166
0.611784
0.61623
0.619405
0.620657
0.619795
0.616974
0.612421
0.606435
0.599352
0.591533
0.583435
0.575593
0.5686
0.563059
0.559524
0.558478
0.560314
0.565273
0.573327
0.583991
0.596226
0.60851
0.619155
0.626696
0.630209
0.629478
0.625053
0.61801
0.609629
0.601078
0.593155
0.586252
0.580566
0.576251
0.57367
0.573401
0.576051
0.581982
0.591128
0.603037
0.616958
0.631896
0.646857
0.660822
0.672806
0.682039
0.687837
0.689762
0.687689
0.681787
0.672553
0.6608
0.647571
0.634025
0.621413
0.610899
0.603357
0.59929
0.598707
0.6012
0.606008
0.612145
0.618636
0.624693
0.629687
0.633251
0.635213
0.635638
0.634701
0.632666
0.629929
0.626788
0.623387
0.619757
0.615767
0.611342
0.606477
0.601275
0.595972
0.590853
0.586156
0.582081
0.57879
0.576403
0.574991
0.574659
0.575525
0.577667
0.581162
0.585989
0.591905
0.598482
0.605108
0.61098
0.615314
0.617505
0.617194
0.614425
0.609623
0.603456
0.596725
0.590088
0.584064
0.578909
0.574637
0.571133
0.568311
0.566195
0.564898
0.564615
0.565502
0.56762
0.570858
0.574946
0.579602
0.584554
0.589654
0.594966
0.600699
0.607032
0.614069
0.621808
0.630174
0.639067
0.648462
0.658259
0.668261
0.678128
0.687331
0.69523
0.701231
0.704811
0.705634
0.70362
0.698861
0.691629
0.682311
0.671296
0.658932
0.645554
0.631599
0.617521
0.603862
0.591236
0.580365
0.571983
0.566761
0.565114
0.567083
0.572194
0.579478
0.587516
0.594763
0.599746
0.601403
0.599271
0.593625
0.585448
0.576314
0.568119
0.562716
0.561584
0.56556
0.574706
0.588406
0.60546
0.62426
0.643052
0.660123
0.674004
0.683548
0.688044
0.687144
0.680897
0.669647
0.654057
0.635125
0.614203
0.592889
0.572974
0.556174
0.543953
0.537296
0.536456
0.541011
0.550103
0.56255
0.5771
0.592561
0.607856
0.621992
0.634046
0.643252
0.649168
0.651725
0.65121
0.648235
0.643577
0.638027
0.632338
0.627149
0.622889
0.619815
0.61804
0.617539
0.618194
0.619893
0.622482
0.625787
0.629587
0.633562
0.6373
0.640333
0.642153
0.642436
0.641067
0.638138
0.633849
0.628417
0.621895
0.61425
0.605434
0.595527
0.584853
0.573998
0.563895
0.555622
0.550231
0.548496
0.550756
0.556822
0.566108
0.577708
0.590634
0.603918
0.616724
0.628338
0.638176
0.645743
0.650686
0.652795
0.652003
0.64841
0.642276
0.634128
0.624703
0.614911
0.605841
0.598624
0.594191
0.593116
0.595489
0.600756
0.607905
0.61572
0.623046
0.629025
0.633157
0.63541
0.636033
0.635471
0.634204
0.632627
0.631002
0.629475
0.627937
0.626087
0.623556
0.619952
0.61489
0.608222
0.600177
0.59148
0.583266
0.577049
0.574452
0.576642
0.584046
0.59613
0.611494
0.628235
0.644439
0.658574
0.669578
0.676897
0.68042
0.680264
0.676734
0.67023
0.661174
0.64997
0.637048
0.622809
0.607756
0.592464
0.577655
0.564231
0.553204
0.54561
0.542432
0.544311
0.551358
0.563
0.577988
0.594535
0.61066
0.624528
0.634704
0.640411
0.6416
0.638851
0.633264
0.626295
0.619346
0.613536
0.609504
0.607503
0.607525
0.609531
0.613424
0.618927
0.625272
0.631134
0.634883
0.635139
0.631089
0.622704
0.61069
0.596456
0.581777
0.568613
0.558733
0.553337
0.552928
0.557356
0.565929
0.577621
0.591233
0.605632
0.619683
0.632413
0.643069
0.651198
0.656675
0.659706
0.660721
0.66033
0.659091
0.657493
0.655858
0.654434
0.653343
0.652546
0.651959
0.651323
0.650305
0.648639
0.646083
0.642578
0.638251
0.633232
0.627736
0.622076
0.616615
0.61185
0.608237
0.606188
0.605871
0.607029
0.609086
0.611195
0.612561
0.612578
0.610916
0.607471
0.602377
0.595817
0.588065
0.579521
0.57064
0.561981
0.55422
0.54806
0.544164
0.542959
0.544613
0.54893
0.555438
0.563411
0.572076
0.580651
0.588504
0.595136
0.600276
0.603916
0.606281
0.607791
0.608925
0.610139
0.611619
0.613275
0.614858
0.616059
0.616631
0.616531
0.615814
0.614632
0.61317
0.611665
0.610456
0.610003
0.610774
0.613112
0.617149
0.622599
0.628787
0.63485
0.640006
0.643889
0.646653
0.648948
0.651438
0.654523
0.658184
0.662024
0.66542
0.667645
0.668053
0.666158
0.66164
0.654576
0.645467
0.635366
0.625735
0.618091
0.613488
0.612218
0.613774
0.617047
0.620687
0.623381
0.624172
0.622527
0.618306
0.61173
0.603303
0.593823
0.584242
0.575673
0.569166
0.56556
0.565231
0.567984
0.573142
0.57982
0.58713
0.59429
0.600777
0.606269
0.610696
0.614171
0.616925
0.619297
0.621532
0.623733
0.625793
0.627502
0.628663
0.629071
0.628686
0.627614
0.625944
0.623797
0.621145
0.617969
0.614307
0.610308
0.606364
0.602939
0.600595
0.599828
0.60098
0.604027
0.608748
0.614595
0.621002
0.627412
0.633331
0.638349
0.642087
0.644271
0.644575
0.642858
0.639109
0.633572
0.626741
0.619338
0.612171
0.605961
0.601183
0.598003
0.59634
0.595885
0.59625
0.597149
0.598469
0.60033
0.603005
0.606798
0.611846
0.618027
0.624907
0.632002
0.638899
0.645292
0.650949
0.655677
0.659264
0.66153
0.662219
0.661117
0.657917
0.652306
0.644051
0.633067
0.619516
0.603916
0.587138
0.570419
0.555117
0.542615
0.53396
0.529657
0.529509
0.532729
0.538205
0.544739
0.551401
0.557664
0.563321
0.56836
0.572643
0.575831
0.577531
0.577548
0.576164
0.574168
0.572746
0.573215
0.576682
0.583842
0.594805
0.609127
0.62596
0.64415
0.662458
0.679743
0.695017
0.707498
0.716567
0.721818
0.722958
0.719788
0.71222
0.700391
0.684757
0.666127
0.64565
0.62485
0.605405
0.588976
0.576943
0.570098
0.56865
0.572262
0.580062
0.590821
0.603131
0.615457
0.626335
0.634512
0.639157
0.639942
0.637085
0.631226
0.623299
0.614325
0.605255
0.597016
0.590413
0.586168
0.584806
0.586495
0.590917
0.59712
0.603746
0.609427
0.613126
0.614328
0.613203
0.61043
0.606929
0.603602
0.601068
0.599576
0.598915
0.598595
0.598033
0.596832
0.594943
0.59275
0.590961
0.590385
0.59175
0.595437
0.601354
0.608893
0.617031
0.624512
0.630132
0.632944
0.63243
0.62859
0.621991
0.613615
0.604639
0.596212
0.589279
0.584436
0.581963
0.581965
0.584434
0.589347
0.596712
0.606397
0.618054
0.630999
0.644185
0.656406
0.666458
0.673335
0.67638
0.675282
0.670129
0.661299
0.649443
0.635501
0.620646
0.606172
0.59347
0.583772
0.577949
0.576287
0.578437
0.583478
0.590123
0.596885
0.602376
0.60544
0.605417
0.602236
0.596398
0.588852
0.580786
0.573461
0.567997
0.565274
0.565831
0.569948
0.577502
0.587988
0.600627
0.614408
0.628246
0.641044
0.651866
0.659996
0.664999
0.666773
0.665485
0.661565
0.655681
0.648551
0.640836
0.632973
0.62515
0.617319
0.609227
0.600676
0.591712
0.582593
0.57385
0.566205
0.560397
0.557121
0.556814
0.559596
0.56526
0.573333
0.583099
0.593785
0.604789
0.615718
0.626392
0.636798
0.646935
0.656588
0.665187
0.671873
0.675735
0.676055
0.672525
0.665364
0.655198
0.642867
0.629343
0.615601
0.602526
0.590759
0.580746
0.572831
0.567184
0.563865
0.56288
0.564088
0.567301
0.572219
0.578394
0.585252
0.592133
0.598328
0.603243
0.606376
0.607578
0.607131
0.6057
0.604163
0.603516
0.604677
0.608303
0.614685
0.623655
0.634496
0.646181
0.657627
0.667852
0.676214
0.682332
0.686068
0.687332
0.686107
0.682361
0.676148
0.667584
0.657025
0.645015
0.63228
0.619609
0.60756
0.596509
0.58652
0.57743
0.568968
0.56088
0.553103
0.545752
0.539118
0.533598
0.529613
0.527548
0.527687
0.530125
0.534893
0.541879
0.55091
0.561723
0.573958
0.587103
0.600575
0.613724
0.625869
0.636497
0.645288
0.652117
0.656977
0.659987
0.661287
0.661067
0.65961
0.65743
0.655354
0.654323
0.655274
0.658673
0.664374
0.671526
0.678753
0.684505
0.68747
0.686707
0.681971
0.673683
0.662821
0.65064
0.638512
0.627658
0.618931
0.612609
0.608371
0.605411
0.602657
0.599049
0.593866
0.587023
0.579219
0.571689
0.565869
0.562969
0.56357
0.567519
0.574082
0.582228
0.590947
0.59936
0.606916
0.613297
0.618343
0.622012
0.62423
0.624847
0.623712
0.620779
0.616233
0.610557
0.60442
0.598611
0.593854
0.590664
0.589178
0.589208
0.590338
0.592101
0.594131
0.596265
0.598585
0.601292
0.604618
0.60875
0.613672
0.61915
0.624795
0.630157
0.634801
0.638411
0.640804
0.641967
0.641941
0.640884
0.639027
1.19981
1.18999
1.16854
1.13755
1.1001
1.05962
1.0191
0.980689
0.945671
0.914774
0.888286
0.866112
0.847646
0.831817
0.817293
0.803006
0.788627
0.774996
0.764077
0.758347
0.759698
0.768522
0.783517
0.802282
0.822093
0.840546
0.855778
0.866614
0.872587
0.874033
0.872025
0.868276
0.864884
0.863801
0.866246
0.872411
0.881596
0.892639
0.904424
0.916069
0.927058
0.937023
0.945568
0.95234
0.956912
0.958925
0.958272
0.955153
0.950081
0.943668
0.936688
0.929848
0.923779
0.919103
0.916345
0.915914
0.917871
0.921849
0.927089
0.932672
0.937722
0.9416
0.944
0.944804
0.944081
0.94204
0.938903
0.934919
0.930343
0.925301
0.919869
0.91417
0.908435
0.902931
0.897942
0.89357
0.889763
0.886371
0.883237
0.88028
0.877576
0.875381
0.873843
0.873031
0.872828
0.873027
0.873535
0.874306
0.875562
0.877497
0.880314
0.884035
0.888529
0.893473
0.898571
0.903444
0.907819
0.911514
0.914387
0.916337
0.917319
0.917424
0.916821
0.915731
0.914321
0.912695
0.910946
0.909098
0.907138
0.905045
0.902886
0.901071
0.90028
0.901539
0.905816
0.913746
0.925409
0.939957
0.955791
0.970811
0.982793
0.989934
0.99105
0.98573
0.974213
0.957202
0.935889
0.911981
0.887715
0.865608
0.847961
0.836355
0.831229
0.831911
0.836964
0.844654
0.853322
0.861723
0.869081
0.875161
0.8801
0.884253
0.888053
0.891786
0.89552
0.899135
0.902267
0.904463
0.905407
0.905144
0.904114
0.903119
0.903144
0.905123
0.909654
0.916975
0.926949
0.939093
0.952586
0.966388
0.979227
0.989738
0.996516
0.998509
0.995186
0.986666
0.973852
0.95806
0.940916
0.92391
0.908245
0.894686
0.883519
0.874656
0.867887
0.863037
0.860239
0.859992
0.863071
0.870125
0.881183
0.895073
0.909583
0.922036
0.930193
0.932946
0.930429
0.923595
0.913748
0.901997
0.889188
0.876018
0.863373
0.852446
0.844644
0.841119
0.842188
0.847096
0.854238
0.861798
0.868368
0.873525
0.87774
0.881949
0.88693
0.892515
0.897711
0.901133
0.90174
0.899451
0.895116
0.890049
0.885393
0.881719
0.879009
0.877196
0.876917
0.879933
0.888795
0.905362
0.929272
0.95783
0.987418
1.01501
1.03875
1.05765
1.07097
1.07802
1.07811
1.07071
1.0557
1.03356
1.00533
0.972892
0.938828
0.906387
0.879287
0.860637
0.851533
0.850076
0.852228
0.854191
0.854146
0.852371
0.850236
0.849211
0.850128
0.853124
0.857727
0.863165
0.868468
0.872642
0.874758
0.87416
0.870609
0.86436
0.855988
0.846387
0.836698
0.828269
0.822632
0.821177
0.82499
0.834494
0.849281
0.868275
0.889832
0.911947
0.932641
0.950148
0.963041
0.970451
0.97213
0.968478
0.960571
0.950105
0.939217
0.930107
0.924563
0.923365
0.926162
0.93164
0.937916
0.943158
0.945874
0.945346
0.941595
0.935257
0.927387
0.919282
0.912254
0.907394
0.905373
0.906115
0.908698
0.911477
0.912467
0.909977
0.903188
0.892603
0.879777
0.867014
0.856828
0.851366
0.851993
0.85901
0.871534
0.887637
0.904751
0.920115
0.931417
0.937352
0.93782
0.933917
0.927919
0.922619
0.920598
0.923261
0.930177
0.939039
0.946663
0.95021
0.948245
0.941198
0.93104
0.920404
0.911682
0.906332
0.904627
0.905893
0.909003
0.912684
0.915701
0.91689
0.915334
0.910458
0.902332
0.891724
0.880067
0.869202
0.861146
0.85772
0.860004
0.868135
0.881219
0.897377
0.9142
0.929264
0.940632
0.947219
0.948774
0.945867
0.939764
0.932249
0.925235
0.920394
0.918615
0.919708
0.922525
0.925319
0.926437
0.92483
0.920352
0.913738
0.906379
0.899992
0.896099
0.895607
0.898534
0.904039
0.91094
0.918298
0.925562
0.932504
0.938772
0.943736
0.94646
0.946017
0.942025
0.93497
0.926211
0.917627
0.910919
0.90699
0.905534
0.905303
0.904544
0.901651
0.895793
0.887224
0.877248
0.867844
0.861093
0.858601
0.860899
0.867345
0.876304
0.885562
0.892938
0.896863
0.896789
0.893137
0.887109
0.880344
0.874495
0.871024
0.871015
0.87517
0.883664
0.896045
0.911273
0.927894
0.944352
0.959257
0.971444
0.980045
0.984534
0.984875
0.98155
0.975424
0.967588
0.959128
0.951034
0.944056
0.938579
0.934637
0.931852
0.929536
0.926964
0.923685
0.91953
0.914673
0.909501
0.90428
0.898928
0.892912
0.885299
0.875029
0.861368
0.844338
0.824913
0.804948
0.786909
0.773469
0.767025
0.769211
0.780649
0.800659
0.827322
0.857833
0.888921
0.917415
0.940675
0.95682
0.964982
0.965519
0.960059
0.951242
0.942149
0.935668
0.93373
0.936791
0.943752
0.952324
0.959694
0.963196
0.961065
0.952855
0.939624
0.923672
0.90762
0.893424
0.881943
0.873081
0.866333
0.861208
0.857442
0.854987
0.854141
0.855601
0.860317
0.869043
0.881734
0.897348
0.914015
0.929665
0.942621
0.951798
0.956624
0.957082
0.953608
0.947027
0.93838
0.928672
0.918772
0.909386
0.901136
0.894671
0.890817
0.89048
0.894386
0.902622
0.914543
0.92853
0.942524
0.954449
0.962629
0.966092
0.964691
0.958954
0.94983
0.938472
0.925945
0.913303
0.901523
0.891621
0.88434
0.879908
0.877867
0.877238
0.876934
0.876232
0.875066
0.873942
0.873753
0.875393
0.879395
0.885551
0.892933
0.899997
0.90503
0.906486
0.903326
0.895307
0.883348
0.869295
0.855723
0.845047
0.838875
0.837544
0.840262
0.845775
0.853105
0.862055
0.873015
0.886345
0.901731
0.917998
0.933451
0.94636
0.955403
0.95978
0.959282
0.954227
0.945571
0.934876
0.924099
0.915223
0.909879
0.908997
0.912551
0.919705
0.929045
0.938894
0.94754
0.953572
0.956057
0.954549
0.949004
0.939932
0.928165
0.914727
0.900708
0.887057
0.874435
0.863283
0.854105
0.847652
0.844963
0.847212
0.855286
0.869203
0.887828
0.90885
0.929331
0.946429
0.958076
0.963318
0.962471
0.956654
0.947471
0.93662
0.925403
0.914604
0.904655
0.895832
0.88838
0.882717
0.879238
0.8783
0.880046
0.884248
0.890482
0.898059
0.906148
0.913958
0.920782
0.926143
0.929689
0.931152
0.930419
0.927357
0.922055
0.914895
0.906727
0.898807
0.892673
0.889792
0.89104
0.896556
0.905454
0.916025
0.926222
0.934179
0.938657
0.93931
0.936663
0.93179
0.925956
0.920339
0.915745
0.912682
0.911565
0.912675
0.91611
0.921622
0.928605
0.936358
0.944245
0.951703
0.958294
0.963495
0.966548
0.966455
0.962387
0.954181
0.942679
0.929614
0.917003
0.906349
0.898053
0.891549
0.885903
0.880399
0.874613
0.868422
0.861863
0.854949
0.84787
0.841059
0.835268
0.831509
0.8308
0.833945
0.841354
0.852812
0.867644
0.884833
0.903064
0.921015
0.937417
0.951274
0.962065
0.969569
0.97379
0.974754
0.972401
0.966705
0.95792
0.946653
0.933814
0.920255
0.906641
0.893456
0.88103
0.86987
0.860788
0.854733
0.852486
0.854385
0.860123
0.86865
0.878378
0.887473
0.894325
0.897993
0.898548
0.897253
0.896362
0.898413
0.904975
0.915859
0.929249
0.942746
0.954226
0.96226
0.965941
0.964927
0.959227
0.949149
0.935354
0.919011
0.901764
0.885356
0.871487
0.861357
0.855482
0.853633
0.855051
0.858871
0.864406
0.871196
0.878912
0.887338
0.8962
0.905141
0.913634
0.921136
0.927232
0.931735
0.93475
0.936705
0.938176
0.939625
0.941253
0.942819
0.943773
0.943395
0.940979
0.935919
0.928069
0.918112
0.907589
0.89838
0.892078
0.889327
0.889948
0.893293
0.89848
0.904547
0.910639
0.916025
0.920222
0.922973
0.924295
0.924614
0.924702
0.925348
0.926989
0.929292
0.931079
0.930928
0.927848
0.921769
0.913549
0.904572
0.896149
0.889035
0.883295
0.878544
0.874382
0.870852
0.868578
0.868653
0.872348
0.880575
0.893497
0.910365
0.929689
0.94946
0.967519
0.981918
0.991148
0.994192
0.990577
0.980461
0.964488
0.943726
0.919698
0.894192
0.869255
0.846901
0.829074
0.817417
0.813061
0.81638
0.826598
0.841851
0.859474
0.87659
0.890695
0.900323
0.905151
0.9058
0.903421
0.899411
0.895142
0.891854
0.890357
0.890862
0.892828
0.895251
0.896985
0.89703
0.894923
0.890849
0.885857
0.881761
0.880696
0.884434
0.893581
0.90712
0.922957
0.93874
0.95261
0.963568
0.971155
0.975217
0.975604
0.972118
0.964708
0.953594
0.939276
0.922564
0.904556
0.886514
0.870028
0.857109
0.849697
0.848983
0.854647
0.864726
0.876423
0.887111
0.895111
0.900007
0.90266
0.904623
0.907428
0.912065
0.91873
0.926745
0.934984
0.942144
0.947297
0.950102
0.950923
0.950635
0.950041
0.949471
0.948723
0.947382
0.944948
0.941162
0.936095
0.929997
0.923167
0.915942
0.908785
0.902398
0.897731
0.895715
0.897018
0.901572
0.908409
0.915855
0.921947
0.925096
0.924446
0.919931
0.912155
0.902321
0.892242
0.884162
0.879933
0.880136
0.88367
0.888245
0.891712
0.893052
0.892451
0.890903
0.889729
0.890193
0.893283
0.899373
0.907935
0.917601
0.92651
0.932845
0.935352
0.933653
0.928233
0.920304
0.911492
0.903432
0.897144
0.892963
0.890537
0.889092
0.887887
0.886611
0.885522
0.885386
0.887129
0.891494
0.898589
0.907852
0.918179
0.928343
0.937262
0.944167
0.948548
0.950083
0.948702
0.944687
0.938662
0.931429
0.92384
0.916528
0.909817
0.903833
0.8988
0.895145
0.893489
0.894368
0.897991
0.903989
0.911655
0.920274
0.929323
0.938568
0.94794
0.957391
0.966677
0.97519
0.982198
0.986929
0.988636
0.986704
0.980813
0.970833
0.956813
0.938886
0.917522
0.89374
0.869133
0.845697
0.825551
0.810552
0.802086
0.80088
0.8069
0.819272
0.836218
0.855393
0.874431
0.89145
0.905489
0.916532
0.925459
0.933733
0.942703
0.952867
0.963416
0.972604
0.97846
0.979675
0.976229
0.96911
0.959757
0.949378
0.938848
0.928898
0.920333
0.914166
0.911266
0.912117
0.916498
0.923417
0.931126
0.937551
0.940997
0.94053
0.936065
0.928081
0.917146
0.903713
0.888303
0.871757
1.19904
1.17717
1.15063
1.12263
1.09673
1.07655
1.06497
1.06307
1.06937
1.08051
1.09271
1.10315
1.11024
1.11336
1.11236
1.10741
1.099
1.0879
1.0752
1.06221
1.05014
1.03991
1.03215
1.02758
1.02695
1.03109
1.04042
1.05433
1.07125
1.08911
1.10613
1.121
1.13266
1.14001
1.142
1.13817
1.12887
1.11539
1.09947
1.08297
1.06728
1.05337
1.04163
1.03188
1.02338
1.01514
1.0063
0.996774
0.987653
0.981102
0.979648
0.985414
0.999244
1.02062
1.04783
1.07835
1.10945
1.13865
1.16426
1.18541
1.20213
1.21516
1.22546
1.23368
1.23968
1.2427
1.24182
1.23635
1.2266
1.21357
1.19873
1.18338
1.16838
1.15404
1.14047
1.1279
1.11681
1.10755
1.09998
1.09349
1.0871
1.0799
1.07125
1.06084
1.04865
1.03491
1.02012
1.00535
0.992141
0.98217
0.976863
0.976886
0.98174
0.990099
1.00023
1.0106
1.02046
1.02989
1.03945
1.04924
1.05857
1.06587
1.06951
1.0687
1.06417
1.05804
1.05323
1.05238
1.05688
1.06651
1.07987
1.09502
1.11004
1.1231
1.13268
1.13775
1.13789
1.1333
1.12481
1.11372
1.10159
1.09015
1.08112
1.07605
1.0763
1.08257
1.09445
1.11013
1.12665
1.14051
1.14871
1.14942
1.1423
1.12851
1.1103
1.09055
1.07229
1.05805
1.04956
1.04772
1.05237
1.06241
1.07587
1.09049
1.10453
1.11709
1.12828
1.1389
1.15007
1.16235
1.17531
1.18746
1.19663
1.20071
1.19802
1.18774
1.16994
1.14544
1.11569
1.08296
1.0503
1.02117
0.998964
0.986294
0.984184
0.991612
1.00585
1.02312
1.03974
1.05297
1.06163
1.06631
1.06913
1.07314
1.08119
1.09492
1.11413
1.13714
1.16116
1.18317
1.20045
1.21082
1.21316
1.20745
1.19492
1.17764
1.15824
1.13956
1.12388
1.11231
1.10455
1.09915
1.09438
1.08906
1.08257
1.07463
1.06511
1.05405
1.04206
1.03053
1.02103
1.01458
1.01063
1.00746
1.00313
0.996993
0.990329
0.985704
0.985318
0.989619
0.997422
1.00676
1.01622
1.02542
1.03516
1.04669
1.06068
1.07643
1.09186
1.10427
1.1116
1.11343
1.11128
1.10796
1.10639
1.10852
1.11491
1.12475
1.13671
1.14951
1.16226
1.17429
1.18498
1.19341
1.19849
1.19912
1.19442
1.18361
1.16651
1.14356
1.11625
1.08697
1.05862
1.03365
1.01356
0.99864
0.988321
0.981612
0.977555
0.975684
0.976181
0.979971
0.988331
1.00204
1.02052
1.04171
1.06278
1.08139
1.09645
1.10818
1.11767
1.12611
1.13408
1.14135
1.1468
1.14877
1.14574
1.13711
1.12383
1.1086
1.09527
1.08754
1.08767
1.09562
1.10927
1.12512
1.13951
1.14948
1.15312
1.14966
1.13908
1.12192
1.09917
1.07248
1.04447
1.01867
0.999153
0.989634
0.992384
1.00789
1.03445
1.06824
1.10399
1.13609
1.15986
1.17257
1.17396
1.16623
1.15338
1.13989
1.12884
1.12109
1.11563
1.11052
1.10416
1.09595
1.08624
1.07591
1.06556
1.05512
1.04401
1.03157
1.01767
1.00308
0.989661
0.98017
0.977841
0.985564
1.005
1.03571
1.07435
1.1147
1.14932
1.17201
1.17987
1.17404
1.15888
1.14012
1.12255
1.10885
1.09955
1.09384
1.09054
1.08863
1.08763
1.08786
1.09021
1.09575
1.10494
1.11715
1.13089
1.14427
1.15546
1.1632
1.16678
1.16618
1.1621
1.15564
1.14821
1.14117
1.13539
1.13116
1.12828
1.12628
1.12469
1.12325
1.12183
1.12024
1.11785
1.11349
1.10584
1.0939
1.07744
1.05726
1.03529
1.01428
0.997139
0.986288
0.982748
0.985982
0.994236
1.0055
1.01831
1.03217
1.04735
1.06424
1.0827
1.10202
1.12102
1.13847
1.15315
1.16356
1.16787
1.16413
1.15108
1.12912
1.10075
1.07012
1.04214
1.02116
1.01023
1.01089
1.02332
1.04623
1.07709
1.11234
1.14789
1.17961
1.20392
1.21824
1.22122
1.2127
1.19359
1.16556
1.13124
1.0943
1.05931
1.03125
1.01435
1.01065
1.0192
1.03635
1.05714
1.07694
1.09246
1.10233
1.1069
1.10772
1.10693
1.10658
1.10794
1.11112
1.11521
1.11849
1.11926
1.11634
1.10945
1.09912
1.08659
1.07358
1.06227
1.05485
1.05304
1.05739
1.06711
1.08012
1.09374
1.10534
1.11295
1.11564
1.11375
1.10831
1.10044
1.09087
1.07973
1.06691
1.05249
1.03717
1.0224
1.01005
1.00161
0.997685
0.997747
1.00064
1.00533
1.01159
1.02021
1.03274
1.05093
1.0758
1.10671
1.14093
1.17425
1.20215
1.22103
1.22894
1.22553
1.21205
1.19087
1.16531
1.13938
1.11709
1.10147
1.09359
1.09189
1.09279
1.09229
1.08754
1.0776
1.0633
1.0465
1.02948
1.01439
1.00318
0.997336
0.997681
1.00408
1.01543
1.02988
1.04528
1.05982
1.0725
1.08294
1.09132
1.09792
1.10313
1.10765
1.11223
1.11749
1.12371
1.13065
1.13751
1.14324
1.14697
1.14807
1.14627
1.14143
1.1335
1.12263
1.1093
1.09446
1.07931
1.06489
1.0519
1.04052
1.03085
1.0228
1.01638
1.01171
1.009
1.00867
1.01114
1.01669
1.02546
1.0372
1.05119
1.06641
1.08178
1.09653
1.11019
1.1223
1.13199
1.13801
1.13922
1.13516
1.1265
1.11474
1.10157
1.08833
1.07587
1.06458
1.05431
1.0446
1.03487
1.02482
1.01472
1.00566
0.999453
0.998195
1.00366
1.01661
1.03643
1.06112
1.08788
1.11381
1.1365
1.15414
1.16568
1.17064
1.16914
1.16193
1.15031
1.13578
1.11972
1.10318
1.08674
1.07086
1.05667
1.04623
1.0422
1.04676
1.06075
1.08316
1.1114
1.14179
1.1703
1.19333
1.20863
1.2155
1.21436
1.206
1.19093
1.16939
1.14183
1.10987
1.07683
1.04707
1.02436
1.01026
1.00391
1.00298
1.0052
1.00929
1.015
1.02273
1.0328
1.04484
1.05749
1.06877
1.07653
1.07925
1.07649
1.06901
1.05863
1.04777
1.03886
1.03379
1.03367
1.0389
1.04925
1.06368
1.08034
1.09691
1.11118
1.12163
1.12778
1.13026
1.13048
1.13019
1.13104
1.13422
1.14034
1.14955
1.16108
1.17326
1.18382
1.1904
1.19128
1.18567
1.17354
1.15517
1.13094
1.10136
1.06762
1.03214
0.998695
0.971911
0.956076
0.954052
0.96634
0.990535
1.02141
1.05245
1.07821
1.09559
1.10397
1.10475
1.10049
1.09436
1.08923
1.0868
1.08709
1.08875
1.08995
1.08967
1.08862
1.08937
1.09543
1.10978
1.13328
1.16392
1.19744
1.22851
1.25235
1.26539
1.26578
1.25348
1.23021
1.19926
1.16479
1.13101
1.10132
1.07808
1.06253
1.05484
1.05393
1.05747
1.06211
1.0643
1.06126
1.0519
1.03743
1.0212
1.00777
1.00111
1.00286
1.01158
1.02346
1.03418
1.04029
1.04002
1.03342
1.02219
1.00918
0.997733
0.990939
0.990918
0.998509
1.01337
1.0345
1.06064
1.09043
1.12219
1.15397
1.18361
1.20898
1.22807
1.23908
1.24053
1.23154
1.21198
1.18303
1.14753
1.10963
1.07383
1.04375
1.02131
1.00671
0.999098
0.997243
1.00012
1.00695
1.01726
1.03083
1.04729
1.066
1.08591
1.10554
1.12318
1.13692
1.14519
1.14688
1.14178
1.13063
1.11495
1.09655
1.07726
1.05862
1.0419
1.02801
1.01764
1.01134
1.00949
1.01218
1.0192
1.02997
1.04357
1.05858
1.07333
1.08611
1.09561
1.10113
1.10259
1.10032
1.09488
1.08719
1.0786
1.07091
1.06592
1.06506
1.06908
1.07848
1.09368
1.11446
1.1392
1.16441
1.18568
1.19905
1.20229
1.19546
1.18103
1.16335
1.14711
1.13564
1.12952
1.12711
1.126
1.1242
1.1205
1.1143
1.10575
1.09576
1.08577
1.0773
1.07113
1.06726
1.06505
1.06377
1.06301
1.06269
1.06303
1.06464
1.06837
1.07483
1.08387
1.09432
1.10411
1.11085
1.11233
1.10698
1.09412
1.07423
1.04905
1.02144
0.995056
0.973735
0.960722
0.957937
0.965371
0.981295
1.00296
1.02744
1.05234
1.07605
1.0975
1.11623
1.13214
1.1454
1.1562
1.16461
1.17036
1.17285
1.17136
1.16528
1.15436
1.13883
1.11955
1.09798
1.07594
1.05522
1.03738
1.02378
1.01575
1.01468
1.02173
1.03721
1.06012
1.08809
1.11772
1.14533
1.16769
1.18262
1.18898
1.18668
1.17657
1.16051
1.14122
1.12196
1.10604
1.09605
1.09311
1.09647
1.10366
1.11145
1.11675
1.11751
1.11296
1.10346
1.08998
1.07386
1.05661
1.04003
1.02615
1.01707
1.01445
1.01908
1.03044
1.04665
1.06479
1.08177
1.09497
1.10282
1.10518
1.10324
1.09934
1.09652
1.0976
1.1042
1.11623
1.13178
1.14773
1.16088
1.16901
1.17186
1.17123
1.17024
1.17158
1.17592
1.18134
1.18426
1.18121
1.17022
1.15127
1.12593
1.09691
1.06716
1.03927
1.01487
0.994421
0.977719
0.964542
0.955264
0.950729
0.951693
0.958109
0.969089
0.983011
0.997904
1.01194
1.02431
1.03536
1.04608
1.05713
1.06824
1.07852
1.08743
1.09539
1.10355
1.11324
1.12544
1.1404
1.15757
1.1757
1.19301
1.20738
1.21637
1.21767
1.20965
1.19191
1.16605
1.1356
1.10524
1.07937
1.0608
1.05
1.04536
1.04427
1.04418
1.0433
1.04074
1.03643
1.03104
1.02603
1.0232
1.02432
1.03023
1.04034
1.05269
1.06479
1.07444
1.08059
1.08342
1.08419
1.08469
1.08654
1.09082
1.09798
1.10799
1.12052
1.13513
1.15106
1.16725
1.18228
1.19451
1.20221
1.20404
1.19944
1.18894
1.17391
1.15627
1.13774
1.11984
1.10395
1.09116
1.08204
1.07626
1.07252
1.06919
1.06493
1.05895
1.05101
1.04115
1.02969
1.01738
1.00561
0.996472
0.992395
0.99543
1.00665
1.02555
1.05003
1.07692
1.10258
1.12401
1.13957
1.14907
1.15333
1.15308
1.14849
1.13907
1.19907
1.17757
1.15036
1.12006
1.09002
1.06372
1.04449
1.03505
1.03681
1.0494
1.07075
1.09762
1.12638
1.15349
1.17604
1.19221
1.20171
1.2056
1.20571
1.20339
1.19892
1.19165
1.18072
1.16595
1.14797
1.12825
1.10871
1.0915
1.07863
1.07174
1.07186
1.07958
1.09485
1.11687
1.14382
1.17258
1.19898
1.21865
1.22811
1.22564
1.21154
1.18816
1.15926
1.12924
1.10205
1.08035
1.06512
1.05551
1.0497
1.04579
1.04281
1.04135
1.04353
1.05215
1.06928
1.09514
1.12783
1.16413
1.20055
1.234
1.26191
1.28235
1.29386
1.29564
1.28754
1.2702
1.2449
1.21362
1.1788
1.14295
1.10848
1.0773
1.05062
1.02879
1.01144
0.997737
0.986885
0.978422
0.972474
0.969786
0.971457
0.978662
0.992253
1.01241
1.03853
1.06918
1.10211
1.13458
1.16388
1.1877
1.20434
1.21276
1.21276
1.20505
1.19128
1.17402
1.15627
1.14041
1.12784
1.11871
1.11234
1.10774
1.10415
1.1012
1.09895
1.09779
1.09796
1.09926
1.10086
1.10134
1.09904
1.09287
1.08252
1.06909
1.055
1.04336
1.0371
1.03803
1.046
1.05908
1.07431
1.08872
1.10022
1.108
1.11253
1.11532
1.11848
1.1243
1.13463
1.1504
1.1713
1.19585
1.22165
1.24577
1.2652
1.27717
1.2796
1.27143
1.25279
1.22489
1.18991
1.15067
1.11042
1.07243
1.03951
1.01367
0.996212
0.988236
0.990689
1.00423
1.02874
1.06283
1.10338
1.14595
1.18564
1.218
1.23998
1.25028
1.24937
1.23894
1.22142
1.19929
1.17478
1.14979
1.126
1.10517
1.08882
1.0779
1.07234
1.0712
1.07349
1.07855
1.08625
1.09676
1.11014
1.12597
1.14319
1.16016
1.17492
1.1854
1.1898
1.18709
1.17729
1.1615
1.14134
1.11845
1.09393
1.06835
1.04268
1.01886
1.00011
0.990086
0.991661
1.00588
1.03156
1.06556
1.10338
1.14014
1.17175
1.19577
1.2117
1.22077
1.22548
1.2286
1.23198
1.23613
1.24041
1.24365
1.24491
1.24386
1.24098
1.23758
1.23516
1.23489
1.23697
1.24029
1.24271
1.24174
1.23513
1.22129
1.19938
1.16961
1.13386
1.09571
1.05994
1.03119
1.01294
1.00745
1.01556
1.0357
1.06304
1.09073
1.11225
1.12334
1.12264
1.1114
1.09289
1.07136
1.05082
1.03446
1.02437
1.02184
1.02734
1.0404
1.05952
1.0825
1.10678
1.12983
1.14935
1.16346
1.17107
1.17208
1.16713
1.15733
1.14406
1.12887
1.11343
1.09939
1.08835
1.08159
1.08005
1.08444
1.09536
1.11306
1.13714
1.16609
1.19704
1.22637
1.25032
1.266
1.27181
1.26757
1.25419
1.23345
1.2074
1.178
1.14685
1.1152
1.08424
1.05558
1.03152
1.01502
1.00905
1.01566
1.03515
1.0657
1.10383
1.14525
1.1856
1.22118
1.24925
1.26794
1.2763
1.27415
1.26199
1.24099
1.21272
1.17907
1.14203
1.10366
1.06599
1.03118
1.00144
0.978912
0.965429
0.962461
0.970713
0.989438
1.01622
1.04737
1.07878
1.10697
1.12974
1.14641
1.1576
1.16454
1.16851
1.17033
1.1702
1.16768
1.16205
1.1527
1.13957
1.12329
1.10518
1.08683
1.07002
1.05664
1.04856
1.04724
1.05321
1.06598
1.08413
1.1059
1.12967
1.1542
1.17844
1.20116
1.22063
1.23452
1.24035
1.23637
1.22234
1.19981
1.17204
1.14307
1.11713
1.09789
1.08808
1.08898
1.10038
1.1206
1.14665
1.17447
1.19985
1.21896
1.22905
1.22856
1.21727
1.19593
1.16612
1.13018
1.09146
1.05427
1.02333
1.00269
0.994382
0.998021
1.01123
1.03077
1.05386
1.07881
1.10498
1.13209
1.15932
1.18489
1.20623
1.22079
1.22686
1.22408
1.21342
1.19686
1.17686
1.15595
1.13616
1.11865
1.10357
1.09048
1.07879
1.06841
1.06043
1.05698
1.06067
1.07353
1.09561
1.12451
1.15619
1.18638
1.21196
1.2315
1.24483
1.25247
1.25481
1.2519
1.24341
1.22905
1.20894
1.18403
1.15605
1.12741
1.10091
1.0791
1.06383
1.05604
1.05582
1.0628
1.07633
1.09538
1.11806
1.14163
1.16266
1.17785
1.18459
1.18166
1.16954
1.15044
1.12772
1.10527
1.0866
1.07383
1.06734
1.066
1.06771
1.07016
1.07152
1.07093
1.06883
1.06682
1.0671
1.07145
1.08042
1.09319
1.10776
1.12143
1.13143
1.13561
1.13317
1.12532
1.11533
1.10782
1.10725
1.11605
1.13356
1.15637
1.17992
1.2003
1.21528
1.22445
1.22898
1.23088
1.23194
1.23327
1.23483
1.2355
1.23352
1.22711
1.21504
1.19694
1.17319
1.14451
1.11186
1.07663
1.04098
1.00821
0.98244
0.967588
0.965739
0.97625
0.99596
1.02032
1.04487
1.06628
1.08263
1.09328
1.09854
1.09936
1.09717
1.09376
1.09109
1.09102
1.09474
1.10241
1.11286
1.12401
1.13338
1.13873
1.13862
1.13276
1.12212
1.10888
1.09598
1.08644
1.08276
1.08614
1.09603
1.11014
1.12542
1.13921
1.1499
1.15688
1.15974
1.15771
1.15017
1.13731
1.12077
1.10331
1.08824
1.07844
1.07547
1.07931
1.08887
1.10304
1.12141
1.14449
1.17254
1.20379
1.23403
1.25813
1.27234
1.27548
1.26852
1.25329
1.23166
1.20515
1.17512
1.14358
1.11361
1.08933
1.07476
1.07224
1.0812
1.09824
1.11869
1.13807
1.15326
1.16262
1.16586
1.16342
1.15642
1.14637
1.13517
1.12454
1.11546
1.1077
1.09983
1.08994
1.07673
1.06029
1.04235
1.02556
1.01275
1.00615
1.00708
1.01597
1.03238
1.0552
1.08245
1.11134
1.13872
1.16182
1.17896
1.18999
1.19596
1.19827
1.19798
1.19536
1.19021
1.18233
1.17219
1.16105
1.15064
1.14232
1.1362
1.13082
1.12358
1.11215
1.09553
1.07471
1.05256
1.033
1.01998
1.0162
1.02253
1.03787
1.05942
1.08354
1.10653
1.12564
1.13949
1.14826
1.15328
1.15645
1.15945
1.16335
1.1685
1.17455
1.18067
1.1856
1.1882
1.1878
1.18445
1.17896
1.17245
1.16605
1.16058
1.15631
1.15309
1.1505
1.14798
1.14487
1.14033
1.13355
1.12405
1.11207
1.09875
1.08593
1.07567
1.06941
1.06771
1.07031
1.07662
1.08584
1.09726
1.11031
1.12457
1.13984
1.15589
1.17224
1.18805
1.20204
1.21295
1.21979
1.22202
1.21939
1.21188
1.19955
1.18262
1.16143
1.13657
1.10893
1.07987
1.05131
1.02558
1.00519
0.992212
0.987942
0.992617
1.00543
1.02483
1.04875
1.07486
1.10094
1.12519
1.14643
1.16424
1.17891
1.19108
1.20156
1.21108
1.22029
1.22955
1.23843
1.24577
1.24963
1.24805
1.23962
1.22403
1.20205
1.17532
1.14602
1.11651
1.08908
1.06569
1.04777
1.03605
1.03068
1.03131
1.03722
1.04732
1.06024
1.07461
1.08935
1.10382
1.11753
1.12984
1.13995
1.14706
1.15082
1.15141
1.14936
1.14551
1.14083
1.13627
1.13269
1.13075
1.13033
1.13052
1.12964
1.12609
1.11928
1.11024
1.10141
1.09598
1.09651
1.10403
1.11769
1.13518
1.15366
1.17065
1.18488
1.19626
1.2054
1.21284
1.21863
1.22208
1.22185
1.21662
1.20545
1.18801
1.16494
1.13786
1.10898
1.08078
1.05563
1.03565
1.02248
1.01686
1.01828
1.02505
1.03514
1.0472
1.06092
1.07662
1.0947
1.11518
1.13739
1.16029
1.18258
1.20301
1.2203
1.23331
1.24093
1.24225
1.23682
1.22476
1.20681
1.1842
1.15876
1.13279
1.10899
1.08998
1.07756
1.0721
1.07266
1.07767
1.08581
1.09616
1.10807
1.12074
1.13314
1.14415
1.15303
1.15959
1.16433
1.16777
1.17018
1.17126
1.17038
1.16697
1.161
1.153
1.14383
1.13415
1.12414
1.11373
1.10299
1.09253
1.08349
1.07723
1.07452
1.07538
1.07912
1.08463
1.09071
1.09613
1.09962
1.10029
1.09826
1.09514
1.09379
1.09734
1.10812
1.12682
1.15213
1.18113
1.21031
1.23633
1.25656
1.26946
1.27459
1.27237
1.26371
1.24934
1.22979
1.20552
1.17713
1.14556
1.11243
1.08004
1.05118
1.02865
1.01439
1.00854
1.00947
1.01462
1.02156
1.02886
1.03611
1.0435
1.05126
1.05945
1.06797
1.07667
1.0855
1.09462
1.10449
1.11584
1.12919
1.14427
1.15997
1.17439
1.1855
1.19169
1.19231
1.18793
1.17999
1.17022
1.16009
1.15041
1.14149
1.1333
1.12594
1.1201
1.11706
1.11839
1.12504
1.13636
1.15002
1.16265
1.17134
1.17481
1.17389
1.17079
1.1676
1.16518
1.16276
1.15866
1.15131
1.13987
1.12442
1.10573
1.08536
1.06595
1.0512
1.04511
1.04996
1.06453
1.08445
1.10471
1.12181
1.13433
1.14285
1.14914
1.15522
1.16229
1.17007
1.17737
1.1827
1.18482
1.18325
1.17832
1.17122
1.16353
1.15679
1.15224
1.1501
1.14969
1.14974
1.14895
1.14623
1.14083
1.13255
1.12177
1.10967
1.09809
1.08888
1.08351
1.08278
1.08679
1.0953
1.1076
1.12254
1.13852
1.15371
1.1664
1.17526
1.17971
1.17994
1.17705
1.17269
1.16873
1.1667
1.16718
1.16952
1.17189
1.17206
1.16834
1.16016
1.14809
1.13376
1.11952
1.10788
1.10086
1.09954
1.1037
1.11186
1.12184
1.13132
1.13833
1.14126
1.13902
1.13109
1.11762
1.09959
1.07893
1.05785
1.03834
1.02185
1.00939
1.00168
0.999167
1.00179
1.00891
1.01958
1.03278
1.04773
1.06403
1.08179
1.10139
1.12297
1.14593
1.16875
1.18931
1.20554
1.21605
1.22048
1.21961
1.2151
1.20898
1.20311
1.19866
1.19606
1.19491
1.19435
1.19355
1.1919
1.18909
1.18518
1.18059
1.17595
1.17197
1.16924
1.16802
1.16812
1.16889
1.16948
1.169
1.16679
1.16244
1.15578
1.1468
1.13565
1.12266
1.10827
1.09329
1.07871
1.06578
1.05554
1.04813
1.04274
1.19971
1.19207
1.17974
1.16432
1.14804
1.13309
1.12155
1.11533
1.11614
1.12518
1.14241
1.16604
1.19256
1.21783
1.23883
1.25466
1.26653
1.2767
1.28712
1.29841
1.30958
1.31857
1.32319
1.32199
1.31474
1.30222
1.28567
1.26627
1.24474
1.22146
1.19684
1.17174
1.14808
1.12879
1.11718
1.1158
1.12535
1.14432
1.16978
1.19839
1.22734
1.25464
1.27892
1.29891
1.3133
1.32103
1.32144
1.31458
1.30126
1.2828
1.26124
1.23935
1.22062
1.20879
1.20659
1.21426
1.22928
1.24723
1.26361
1.27528
1.28074
1.28006
1.27416
1.26416
1.25105
1.23589
1.21992
1.2044
1.19044
1.17847
1.16783
1.15712
1.14491
1.13058
1.11504
1.1009
1.09184
1.09154
1.10232
1.12394
1.15338
1.18582
1.21643
1.24162
1.25948
1.26936
1.27122
1.26532
1.25243
1.23418
1.21362
1.19477
1.18136
1.17529
1.17642
1.18395
1.19732
1.21584
1.23782
1.26037
1.28004
1.29379
1.29979
1.29765
1.28845
1.2742
1.25716
1.23934
1.22227
1.20715
1.19495
1.18662
1.18282
1.18378
1.18917
1.19781
1.20783
1.21695
1.22303
1.2248
1.22239
1.21736
1.21231
1.20998
1.21242
1.22054
1.2341
1.2519
1.27209
1.2923
1.30999
1.32272
1.32865
1.32691
1.31792
1.30344
1.28616
1.26865
1.25208
1.23573
1.21789
1.19714
1.17307
1.14632
1.11842
1.09152
1.06817
1.05076
1.04105
1.03985
1.04713
1.06237
1.08469
1.11289
1.14515
1.17877
1.2104
1.23677
1.25535
1.26467
1.26443
1.25538
1.23928
1.21835
1.19491
1.17136
1.15031
1.13485
1.12813
1.13238
1.14774
1.17202
1.20135
1.23155
1.25917
1.28182
1.29791
1.3063
1.30646
1.2989
1.28542
1.26901
1.25282
1.23936
1.23012
1.22562
1.22572
1.22987
1.23729
1.24708
1.25823
1.26976
1.28101
1.29158
1.30141
1.31027
1.31736
1.32119
1.31998
1.31213
1.2967
1.2739
1.24525
1.21354
1.18229
1.1547
1.13275
1.11687
1.10671
1.10195
1.10258
1.10842
1.11861
1.13175
1.14643
1.16168
1.17699
1.19199
1.20622
1.2192
1.23069
1.24085
1.24984
1.2574
1.26233
1.26274
1.25654
1.24239
1.22022
1.1913
1.15805
1.12354
1.09105
1.06374
1.04467
1.03652
1.04113
1.05898
1.08872
1.12703
1.16931
1.2106
1.2467
1.27477
1.29369
1.30395
1.30731
1.3061
1.30243
1.29754
1.29166
1.28448
1.27591
1.26674
1.25885
1.25456
1.25566
1.2622
1.27245
1.28365
1.29317
1.29958
1.3027
1.30346
1.30323
1.30286
1.30234
1.30067
1.29627
1.28738
1.27238
1.25031
1.22144
1.18747
1.15148
1.11775
1.091
1.07552
1.07402
1.08652
1.11023
1.14051
1.17239
1.20162
1.22534
1.2422
1.25205
1.25588
1.25549
1.25316
1.25103
1.25045
1.25138
1.25235
1.25071
1.24381
1.23039
1.21174
1.19175
1.17549
1.16705
1.16806
1.17773
1.19347
1.21109
1.22579
1.23393
1.23467
1.2298
1.22267
1.21659
1.21382
1.21504
1.21963
1.22635
1.23407
1.24214
1.25074
1.26092
1.27344
1.2876
1.30055
1.30847
1.30855
1.30024
1.2851
1.26586
1.24557
1.22693
1.2124
1.20412
1.20331
1.20951
1.22024
1.23165
1.23988
1.24246
1.23903
1.23116
1.22176
1.21424
1.21106
1.21294
1.21862
1.22555
1.23085
1.23233
1.22888
1.22046
1.20805
1.19343
1.17869
1.16559
1.15523
1.14782
1.14251
1.13784
1.13241
1.1255
1.11773
1.11098
1.10787
1.11106
1.12207
1.14063
1.16437
1.18955
1.21211
1.22876
1.23781
1.23943
1.23515
1.22715
1.21739
1.20726
1.19772
1.18953
1.18324
1.17933
1.17824
1.18048
1.18655
1.19648
1.20972
1.22509
1.24142
1.25779
1.274
1.29012
1.30592
1.32037
1.33173
1.33809
1.3382
1.33176
1.31934
1.30226
1.28228
1.26163
1.2425
1.2265
1.2142
1.20524
1.19908
1.19559
1.19506
1.19776
1.2033
1.21031
1.21653
1.2191
1.21555
1.20438
1.18567
1.16142
1.13545
1.11265
1.0978
1.09439
1.10366
1.1243
1.15285
1.18473
1.21533
1.24078
1.25849
1.2672
1.26681
1.25841
1.24381
1.22538
1.20571
1.18728
1.17206
1.16135
1.15581
1.15554
1.16052
1.17056
1.18522
1.20356
1.22389
1.24351
1.25914
1.26741
1.26584
1.25391
1.23348
1.20862
1.18488
1.1679
1.16166
1.16737
1.18313
1.20483
1.22754
1.24671
1.25892
1.26219
1.25612
1.24199
1.22217
1.19981
1.17823
1.16029
1.14807
1.14252
1.14333
1.14912
1.15791
1.16765
1.17682
1.1851
1.19361
1.20453
1.22015
1.24165
1.26823
1.2974
1.32587
1.35054
1.36924
1.38129
1.38733
1.38892
1.38757
1.38424
1.37855
1.36882
1.35248
1.3268
1.29004
1.24223
1.18561
1.12477
1.06601
1.01586
0.979445
0.959439
0.956225
0.968467
0.993799
1.02932
1.07191
1.11813
1.16442
1.20724
1.24331
1.27021
1.28673
1.29292
1.28998
1.27996
1.26521
1.24798
1.23026
1.21392
1.20078
1.19251
1.19018
1.194
1.20326
1.2165
1.2318
1.24705
1.26022
1.26948
1.27347
1.27155
1.26384
1.25111
1.23452
1.21554
1.19559
1.17597
1.15784
1.14229
1.1304
1.12342
1.12269
1.12927
1.14343
1.16419
1.18915
1.21491
1.23773
1.25449
1.26367
1.26585
1.26337
1.25933
1.25638
1.25597
1.25839
1.26309
1.26916
1.27554
1.28097
1.28417
1.28404
1.28
1.27183
1.25973
1.24407
1.22512
1.20307
1.17793
1.14987
1.11973
1.08955
1.06257
1.04299
1.03507
1.04179
1.0637
1.0984
1.14126
1.18684
1.23018
1.26764
1.29705
1.31759
1.32949
1.33393
1.33251
1.32684
1.31793
1.30611
1.29124
1.27339
1.25336
1.2326
1.21269
1.19495
1.18015
1.16848
1.15965
1.15283
1.1471
1.14236
1.14014
1.14307
1.15338
1.17138
1.19525
1.22184
1.24774
1.26981
1.28572
1.29415
1.29509
1.2898
1.28038
1.26918
1.25801
1.24766
1.238
1.22839
1.21836
1.20791
1.19763
1.18835
1.18087
1.17567
1.1727
1.17165
1.17218
1.17406
1.17745
1.18257
1.18909
1.19575
1.20028
1.20013
1.19355
1.18056
1.1634
1.14628
1.13417
1.13089
1.138
1.15441
1.17733
1.20309
1.22815
1.24957
1.26547
1.27513
1.27898
1.27807
1.27325
1.26471
1.25181
1.23379
1.21087
1.18553
1.16247
1.14692
1.14222
1.14877
1.16512
1.18925
1.21889
1.2515
1.2844
1.31523
1.34231
1.36464
1.38137
1.39166
1.39438
1.38836
1.37281
1.34794
1.3154
1.27861
1.24218
1.21051
1.1861
1.16865
1.15604
1.1459
1.13699
1.12948
1.12451
1.1234
1.12698
1.13541
1.14807
1.16372
1.18033
1.19552
1.20726
1.21442
1.21726
1.21716
1.21593
1.21525
1.21633
1.22019
1.22776
1.23975
1.25624
1.27626
1.29772
1.31775
1.33312
1.34099
1.33949
1.32799
1.30709
1.27843
1.24438
1.20757
1.17048
1.13533
1.10411
1.07877
1.06149
1.05485
1.06108
1.08015
1.10848
1.14022
1.1699
1.19414
1.21152
1.22188
1.22582
1.22442
1.21925
1.21244
1.20618
1.20177
1.19905
1.19665
1.19295
1.18712
1.17974
1.17301
1.17004
1.17396
1.18681
1.20852
1.23594
1.26344
1.28493
1.29548
1.29252
1.27626
1.24948
1.21721
1.18556
1.16044
1.14589
1.14351
1.15234
1.16952
1.19152
1.21497
1.23762
1.25846
1.27741
1.2944
1.3089
1.32001
1.32694
1.32948
1.32808
1.32346
1.31629
1.30676
1.29462
1.27941
1.26134
1.24197
1.22445
1.21222
1.20735
1.20982
1.21727
1.22603
1.23268
1.23553
1.2348
1.23159
1.22683
1.22043
1.21126
1.19776
1.1789
1.15492
1.12755
1.09982
1.07539
1.05796
1.05042
1.05436
1.06967
1.0945
1.12577
1.16005
1.19462
1.22775
1.25864
1.28673
1.31108
1.32983
1.34064
1.34133
1.33083
1.30986
1.28123
1.2497
1.22106
1.2008
1.19266
1.19764
1.21424
1.23912
1.26767
1.29484
1.3157
1.32635
1.32463
1.31067
1.28693
1.2573
1.22574
1.19546
1.16878
1.1473
1.13222
1.12404
1.12241
1.12632
1.13463
1.14648
1.16158
1.1798
1.20065
1.22287
1.2443
1.26233
1.27476
1.28046
1.27961
1.27335
1.26315
1.25037
1.2361
1.22104
1.20562
1.1901
1.17475
1.16011
1.14714
1.1373
1.13232
1.13399
1.1434
1.16042
1.18346
1.20973
1.23613
1.25997
1.2795
1.29395
1.30361
1.30956
1.31332
1.31596
1.31754
1.31668
1.31115
1.29896
1.27922
1.25276
1.22191
1.19006
1.16124
1.13948
1.12812
1.12885
1.14074
1.15973
1.17969
1.19482
1.20174
1.20046
1.19345
1.18419
1.17565
1.16954
1.16613
1.16478
1.16476
1.16602
1.16943
1.17615
1.18688
1.20131
1.21811
1.23561
1.25237
1.26743
1.2801
1.28938
1.29397
1.29289
1.28618
1.27518
1.26263
1.25177
1.24534
1.24441
1.24802
1.25378
1.25914
1.2627
1.26427
1.26437
1.26343
1.26147
1.25829
1.25354
1.24698
1.23866
1.22934
1.22053
1.21401
1.21121
1.2123
1.21568
1.2183
1.21666
1.20796
1.1916
1.16941
1.14531
1.12387
1.10865
1.10147
1.10244
1.11097
1.12615
1.14685
1.17115
1.19654
1.22058
1.24151
1.25833
1.27056
1.27788
1.28018
1.2779
1.27219
1.26495
1.25821
1.25319
1.24988
1.24723
1.24397
1.23902
1.23202
1.22314
1.21305
1.20272
1.19333
1.18621
1.18235
1.18197
1.18454
1.1892
1.19539
1.20285
1.21125
1.21984
1.22737
1.23244
1.23382
1.23097
1.22416
1.21449
1.20357
1.1933
1.18559
1.18159
1.18101
1.18206
1.18199
1.17826
1.16995
1.15817
1.14602
1.13761
1.13682
1.1462
1.16631
1.19582
1.20184
1.24076
1.27939
1.31454
1.34411
1.36698
1.3827
1.39115
1.39218
1.38562
1.37116
1.34864
1.31834
1.28141
1.24009
1.19744
1.1567
1.12059
1.09081
1.06797
1.05186
1.04197
1.03769
1.03851
1.04396
1.05337
1.06565
1.07948
1.09337
1.10621
1.11766
1.12844
1.14
1.15404
1.17174
1.19307
1.21671
1.2404
1.2616
1.27807
1.28809
1.2907
1.28578
1.2743
1.25841
1.24118
1.22597
1.21568
1.21234
1.21688
1.22895
1.24677
1.26722
1.28647
1.30081
1.30775
1.30666
1.29893
1.28725
1.27436
1.26201
1.25048
1.23858
1.22426
1.20552
1.18108
1.15124
1.11829
1.08632
1.0604
1.04515
1.04298
1.05365
1.0746
1.10202
1.13192
1.16074
1.18556
1.2043
1.21584
1.2202
1.21846
1.21252
1.20457
1.19667
1.19026
1.18605
1.18412
1.18445
1.18722
1.193
1.20248
1.21605
1.23323
1.25258
1.27194
1.28892
1.30143
1.308
1.30798
1.30168
1.29012
1.27441
1.25553
1.2342
1.21109
1.18726
1.16419
1.14358
1.12716
1.11678
1.11416
1.12062
1.13642
1.16028
1.18905
1.21823
1.24296
1.2594
1.26574
1.26226
1.25087
1.23427
1.21532
1.19668
1.18064
1.16903
1.16325
1.16431
1.17253
1.18675
1.20419
1.22136
1.23521
1.24376
1.24597
1.2413
1.22938
1.2102
1.18475
1.15622
1.12996
1.11105
1.10054
1.09525
1.09151
1.08815
1.08664
1.08943
1.09862
1.11523
1.13887
1.16776
1.19937
1.23094
1.25996
1.2845
1.30339
1.31602
1.322
1.32146
1.31503
1.30423
1.29144
1.27914
1.26897
1.26104
1.25416
1.24699
1.23912
1.23103
1.22383
1.21844
1.2152
1.21392
1.21435
1.21677
1.22176
1.22959
1.23931
1.24845
1.25376
1.2525
1.24388
1.22945
1.21225
1.19527
1.18014
1.16696
1.15527
1.1455
1.13886
1.13631
1.13754
1.14105
1.14504
1.1484
1.15125
1.15497
1.16124
1.17094
1.18331
1.19599
1.20596
1.21084
1.20963
1.20299
1.1928
1.18158
1.17185
1.16577
1.16479
1.16935
1.17876
1.19148
1.20566
1.2197
1.23226
1.24181
1.24679
1.24615
1.24028
1.23132
1.22258
1.21723
1.21684
1.22026
1.22378
1.22304
1.2158
1.20356
1.1908
1.1823
1.18052
1.18476
1.19234
1.20037
1.20704
1.2118
1.21507
1.21783
1.22129
1.22672
1.23512
1.24667
1.26055
1.2748
1.28681
1.29405
1.29461
1.28786
1.27433
1.25551
1.23334
1.20941
1.1849
1.16071
1.13788
1.11777
1.10205
1.09231
1.08934
1.09277
1.10103
1.11178
1.12239
1.13076
1.13595
1.1385
1.14007
1.14263
1.14725
1.15349
1.15966
1.16384
1.165
1.16381
1.16264
1.16501
1.17414
1.19157
1.21625
1.24502
1.27359
1.29773
1.31404
1.3205
1.31682
1.30463
1.28709
1.26822
1.2515
1.23877
1.23
1.22381
1.21875
1.21399
1.20965
1.2064
1.20483
1.20478
1.20507
1.20373
1.19862
1.18829
1.17266
1.1532
1.13274
1.11482
1.10263
1.09816
1.10213
1.11423
1.13297
1.15594
1.18026
1.20323
1.22318
1.23943
1.25196
1.26083
1.26569
1.26553
1.25888
1.2444
1.22178
1.19248
1.15998
1.12945
1.10694
1.09778
1.10498
1.12843
1.16493
1.20945
1.256
1.29886
1.33327
1.35575
1.36429
1.35837
1.33911
1.30945
1.27418
1.23917
1.20972
1.18889
1.17707
1.17297
1.17442
1.17902
1.18453
1.18901
1.19109
1.1901
1.18592
1.17882
1.16936
1.15831
1.14676
1.13619
1.12828
1.12459
1.12617
1.13313
1.14471
1.15948
1.17541
1.19031
1.20222
1.20985
1.21306
1.21277
1.2107
1.20873
1.20848
1.211
1.21697
1.22658
1.23951
1.25494
1.27137
1.28669
1.29842
1.30423
1.30253
1.29293
1.2764
1.25526
1.23233
1.21046
1.19172
1.17713
1.16655
1.15914
1.15382
1.14966
1.14623
1.1435
1.1417
1.1411
1.14149
1.14189
1.14082
1.13682
1.12933
1.11925
1.10916
1.10262
1.10315
1.11273
1.13108
1.15577
1.18376
1.21255
1.24069
1.26777
1.29353
1.31728
1.33761
1.35248
1.35962
1.35729
1.34495
1.32354
1.29538
1.26359
1.23125
1.20078
1.17361
1.15031
1.131
1.11593
1.1056
1.10066
1.10153
1.10813
1.11969
1.13487
1.15184
1.16857
1.1832
1.19425
1.20084
1.20287
1.20113
1.19754
1.19489
1.19618
1.20329
1.21608
1.23228
1.248
1.25888
1.26134
1.25356
1.23624
1.21286
1.18927
1.17197
1.16555
1.17107
1.18617
1.20734
1.23152
1.25663
1.28014
1.29818
1.30623
1.30078
1.28096
1.24867
1.20811
1.16519
1.12624
1.09666
1.07977
1.07603
1.08341
1.09844
1.11758
1.13799
1.15792
1.17658
1.19367
1.20909
1.22264
1.23414
1.24375
1.25184
1.25867
1.2638
1.2658
1.26297
1.25423
1.23989
1.22155
1.20182
1.18371
1.17019
1.16372
1.16579
1.17615
1.1925
1.21083
1.22662
1.236
1.237
1.2298
1.2165
1.20047
1.18535
1.17417
1.16841
1.168
1.17135
1.17614
1.18029
1.18278
1.18377
1.18383
1.18309
1.18126
1.17822
1.17479
1.17308
1.17581
1.18516
1.20145
1.22284
1.24626
1.26852
1.28709
1.30003
1.30593
1.30387
1.29382
1.27703
1.25617
1.23474
1.21575
1.20078
1.18948
1.18023
1.17104
1.1607
1.14904
1.13673
1.12449
1.11278
1.10192
1.09223
1.08451
1.0799
1.07988
1.08589
1.09872
1.11835
1.14385
1.17356
1.20535
1.23667
1.26474
1.28682
1.30089
1.30633
1.30405
1.2961
1.28462
1.27095
1.25561
1.2389
1.22123
1.20318
1.18539
1.16837
1.15256
1.13862
1.12737
1.11972
1.11632
1.11729
1.12235
1.13142
1.14495
1.16348
1.18656
1.21179
1.23533
1.25359
1.26452
1.26813
1.26597
1.26024
1.25274
1.24442
1.23532
1.22511
1.2134
1.20016
1.18601
1.17219
1.16038
1.1521
1.14826
1.14894
1.15339
1.16041
1.16878
1.17779
1.1873
1.19762
1.209
1.22107
1.2323
1.24048
1.2436
1.24088
1.23322
1.22324
1.21444
1.21024
1.21273
1.22189
1.23571
1.25091
1.26382
1.27127
1.27101
1.26234
1.24601
1.22421
1.20028
1.17805
1.16124
1.15288
1.15474
1.16702
1.18812
1.21472
1.24237
1.26645
1.28325
1.29076
1.28898
1.27976
1.26595
1.25055
1.23606
1.22401
1.21474
1.20756
1.20119
1.19438
1.18658
1.17807
1.16976
1.16272
1.15754
1.1542
1.15225
1.15115
1.1503
1.14926
1.14776
1.14564
1.1428
1.13889
1.13361
1.12704
1.11994
1.1138
1.11039
1.1114
1.11781
1.12967
1.14617
1.16593
1.18731
1.20876
1.22888
1.24628
1.25959
1.26761
1.2697
1.26589
1.25719
1.24549
1.23314
1.2227
1.21663
1.21654
1.22244
1.23241
1.24277
1.24934
1.24896
1.24056
1.22517
1.20536
1.18432
1.1651
1.15009
1.1407
1.13715
1.1385
1.14306
1.14849
1.15229
1.15241
1.14817
1.14082
1.13385
1.132
1.13915
1.15617
1.18006
1.20538
1.22664
1.24019
1.2451
1.2433
1.23879
1.23645
1.24011
1.2511
1.26774
1.28593
1.3007
1.30754
1.30343
1.28784
1.26284
1.23286
1.20347
1.17962
1.164
1.15674
1.15637
1.16098
1.16863
1.17745
1.18554
1.19145
1.19437
1.19442
1.19267
1.19097
1.1917
1.19717
1.20854
1.22541
1.24571
1.26646
1.28475
1.29816
1.30504
1.30446
1.29591
1.27953
1.25643
1.22893
1.20045
1.17468
1.1544
1.14056
1.1321
1.12699
1.12351
1.12131
1.12156
1.12599
1.13569
1.15035
1.16829
1.18704
1.20405
1.21721
1.22511
1.22689
1.22232
1.21186
1.19703
1.18064
1.16634
1.15745
1.15578
1.16111
1.17179
1.18559
1.20048
1.21478
1.22721
1.23679
1.24281
1.24503
1.24389
1.24056
1.23665
1.2337
1.23276
1.23415
1.23739
1.24146
1.24509
1.24692
1.2459
1.24134
1.23316
1.22201
1.20916
1.19606
1.18393
1.17363
1.16579
1.16099
1.15946
1.16069
1.16325
1.16525
1.16514
1.16247
1.15796
1.15325
1.15022
1.15037
1.15438
1.16194
1.17202
1.18293
1.19266
1.19923
1.2012
1.1979
1.18966
1.17773
1.16388
1.14983
1.13695
1.12639
1.11929
1.11694
1.12051
1.13092
1.14836
1.17229
1.20153
1.23415
1.2674
1.2981
1.32322
1.34036
1.34823
1.34645
1.33529
1.31563
1.28884
1.25692
1.22253
1.18878
1.15875
1.13489
1.11867
1.11044
1.10955
1.11472
1.12431
1.13667
1.15016
1.16323
1.17469
1.18381
1.19068
1.19593
1.20028
1.20416
1.20782
1.21146
1.21578
1.22192
1.23074
1.24177
1.25306
1.26186
1.26587
1.26383
1.25575
1.24308
1.2284
1.21496
1.20555
1.20165
1.20289
1.20729
1.21233
1.21589
1.21683
1.21508
1.21127
1.20615
1.20015
1.19328
1.1854
1.17671
1.16817
1.16125
1.15723
1.15645
1.15805
1.16038
1.16176
1.16083
1.15675
1.14916
1.13833
1.12523
1.11144
1.09912
1.09044
1.08724
1.09045
1.09991
1.11416
1.13101
1.14833
1.16437
1.17814
1.18928
1.19779
1.20363
1.20675
1.2074
1.20623
1.20444
1.20333
1.20393
1.20677
1.2118
1.21864
1.22659
1.23494
1.24267
1.24872
1.25198
1.25144
1.24652
1.2369
1.22251
1.20378
1.18184
1.15889
1.13829
1.12411
1.12022
1.12921
1.15135
1.18433
1.22385
1.26455
1.30119
1.32947
1.34653
1.351
1.34297
1.32406
1.297
1.26483
1.23058
1.19708
1.16723
1.14352
1.12705
1.11739
1.11327
1.11401
1.11985
1.13166
1.14971
1.17291
1.19838
1.22192
1.23886
1.24537
1.23949
1.22188
1.19576
1.16649
1.14016
1.12207
1.11518
1.11954
1.13261
1.15053
1.16921
1.18532
1.19647
1.20142
1.20023
1.19404
1.18489
