-6.65033
-6.64786
-6.64003
-6.61852
-6.60539
-6.59493
-6.58697
-6.58034
-6.57641
-6.57517
-6.57391
-6.57467
-6.57555
-6.57559
-6.57715
-6.57879
-6.57887
-6.57806
-6.57809
-6.57619
-6.57537
-6.57416
-6.57395
-6.57286
-6.57162
-6.5709
-6.57202
-6.57271
-6.57395
-6.57278
-6.57338
-6.5728
-6.57648
-6.57658
-6.57885
-6.57998
-6.58185
-6.58281
-6.58157
-6.58205
-6.58364
-6.58287
-6.58141
-6.58225
-6.58156
-6.58297
-6.5839
-6.58435
-6.58335
-6.58216
-6.58137
-6.57966
-6.57892
-6.57689
-6.57937
-6.5799
-6.57913
-6.58064
-6.57925
-6.57885
-6.57942
-6.57706
-6.57853
-6.57767
-6.57834
-6.57827
-6.57975
-6.5815
-6.58065
-6.58174
-6.58285
-6.58334
-6.58514
-6.58535
-6.58396
-6.58162
-6.58385
-6.58416
-6.58385
-6.58324
-6.58332
-6.58179
-6.58158
-6.58106
-6.58152
-6.581
-6.58174
-6.5808
-6.57977
-6.57928
-6.58033
-6.58002
-6.57937
-6.5791
-6.57859
-6.57886
-6.58091
-6.57984
-6.57855
-6.57826
-6.57764
-6.57663
-6.57684
-6.57824
-6.57533
-6.57653
-6.57733
-6.57644
-6.57586
-6.57561
-6.57444
-6.57532
-6.57568
-6.57586
-6.57684
-6.57631
-6.57713
-6.57699
-6.57938
-6.58199
-6.58445
-6.58545
-6.5863
-6.58797
-6.58791
-6.58776
-6.58626
-6.59024
-6.58907
-6.58633
-6.58496
-6.58403
-6.5842
-6.58289
-6.58562
-6.58329
-6.58238
-6.58412
-6.58488
-6.58492
-6.58254
-6.58388
-6.58672
-6.5859
-6.58439
-6.58192
-6.58109
-6.58028
-6.58016
-6.58071
-6.58099
-6.58034
-6.5791
-6.5789
-6.57778
-6.5793
-6.57957
-6.58214
-6.58149
-6.58211
-6.58167
-6.58143
-6.58231
-6.58109
-6.58234
-6.58159
-6.5815
-6.58119
-6.58164
-6.5806
-6.57934
-6.57878
-6.57631
-6.57838
-6.5808
-6.5823
-6.58159
-6.58321
-6.58256
-6.58481
-6.58408
-6.58487
-6.58654
-6.59005
-6.58924
-6.58577
-6.58448
-6.58475
-6.58338
-6.58169
-6.58133
-6.58136
-6.58149
-6.58237
-6.58338
-6.58387
-6.58607
-6.58575
-6.5874
-6.58547
-6.58801
-6.58592
-6.586
-6.58502
-6.58332
-6.58384
-6.58562
-6.58546
-6.58305
-6.58357
-6.58445
-6.5857
-6.58696
-6.58629
-6.58497
-6.58493
-6.58229
-6.58225
-6.58288
-6.57965
-6.5813
-6.58297
-6.58466
-6.58539
-6.58387
-6.5843
-6.58376
-6.58324
-6.58337
-6.5806
-6.5791
-6.58145
-6.58181
-6.58242
-6.58101
-6.58179
-6.58123
-6.58097
-6.58139
-6.58057
-6.58145
-6.58079
-6.58051
-6.58253
-6.58456
-6.58497
-6.58439
-6.58414
-6.58324
-6.58592
-6.58539
-6.58454
-6.58369
-6.58379
-6.5845
-6.58454
-6.58262
-6.58328
-6.58235
-6.58402
-6.58247
-6.58319
-6.58228
-6.58461
-6.58466
-6.58568
-6.58635
-6.58603
-6.586
-6.58719
-6.58702
-6.59005
-6.58978
-6.59241
-6.58954
-6.58766
-6.58678
-6.58563
-6.58483
-6.58342
-6.58334
-6.58331
-6.58397
-6.5821
-6.58192
-6.58019
-6.58015
-6.57985
-6.58054
-6.58185
-6.5818
-6.58259
-6.58194
-6.58145
-6.57954
-6.5782
-6.57815
-6.57719
-6.57798
-6.58058
-6.58143
-6.58083
-6.58002
-6.58119
-6.58136
-6.58208
-6.58428
-6.58695
-6.58556
-6.58498
-6.58264
-6.58119
-6.58164
-6.58141
-6.58025
-6.57946
-6.58134
-6.57751
-6.57609
-6.57712
-6.57542
-6.57711
-6.57828
-6.57595
-6.57587
-6.57766
-6.57611
-6.57638
-6.57847
-6.5785
-6.57939
-6.57696
-6.58027
-6.58028
-6.57961
-6.58058
-6.58063
-6.5814
-6.57933
-6.5809
-6.57898
-6.57873
-6.58014
-6.58124
-6.58137
-6.58181
-6.58289
-6.58299
-6.58242
-6.58378
-6.58414
-6.58284
-6.58408
-6.58399
-6.58158
-6.58076
-6.57996
-6.57948
-6.58098
-6.57925
-6.57785
-6.57643
-6.57535
-6.5746
-6.57649
-6.57717
-6.57698
-6.57625
-6.57756
-6.57633
-6.57705
-6.57967
-6.58027
-6.58045
-6.58021
-6.58019
-6.57849
-6.58222
-6.58169
-6.58176
-6.58343
-6.58152
-6.57994
-6.57935
-6.57976
-6.57992
-6.58017
-6.58148
-6.58259
-6.5825
-6.58476
-6.58479
-6.58576
-6.586
-6.58418
-6.58321
-6.58343
-6.58261
-6.58307
-6.58419
-6.58275
-6.58395
-6.58391
-6.58357
-6.5826
-6.58229
-6.58163
-6.58028
-6.58116
-6.58265
-6.58443
-6.58234
-6.58126
-6.58319
-6.58332
-6.58231
-6.57983
-6.58132
-6.58119
-6.58353
-6.58603
-6.58638
-6.58494
-6.58596
-6.58367
-6.58588
-6.58518
-6.58612
-6.58516
-6.58326
-6.58173
-6.58187
-6.58107
-6.58161
-6.58091
-6.58027
-6.58102
-6.58024
-6.57924
-6.57802
-6.58012
-6.58032
-6.58211
-6.5809
-6.58146
-6.57957
-6.58072
-6.5804
-6.57998
-6.58114
-6.58233
-6.58166
-6.57919
-6.57816
-6.57726
-6.57741
-6.57858
-6.57911
-6.57963
-6.57983
-6.58001
-6.58208
-6.58405
-6.58164
-6.58329
-6.58418
-6.58373
-6.58074
-6.57947
-6.57999
-6.57908
-6.57804
-6.57909
-6.5799
-6.58202
-6.58409
-6.5864
-6.58632
-6.58386
-6.58485
-6.58249
-6.58361
-6.58305
-6.58181
-6.5822
-6.5823
-6.58181
-6.58073
-6.58197
-6.58195
-6.58228
-6.58102
-6.58138
-6.58173
-6.58174
-6.5843
-6.5836
-6.58417
-6.58504
-6.58463
-6.58229
-6.5832
-6.58381
-6.58349
-6.58516
-6.58784
-6.58669
-6.58589
-6.5854
-6.58488
-6.58395
-6.58456
-6.58477
-6.58397
-6.58444
-6.58232
-6.58055
-6.58139
-6.58096
-6.58026
-6.57928
-6.57902
-6.57947
-6.57708
-6.57733
-6.57697
-6.57693
-6.57879
-6.5793
-6.58134
-6.58299
-6.58489
-6.58413
-6.58205
-6.5806
-6.58046
-6.58003
-6.57965
-6.57834
-6.57772
-6.57936
-6.57904
-6.57934
-6.57994
-6.5776
-6.57883
-6.5778
-6.57873
-6.58066
-6.58132
-6.58267
-6.58439
-6.5855
-6.58762
-6.58648
-6.58562
-6.58533
-6.58591
-6.58515
-6.58437
-6.58429
-6.58428
-6.58368
-6.58537
-6.58703
-6.58669
-6.58628
-6.58612
-6.58333
-6.58437
-6.58184
-6.58192
-6.5808
-6.58174
-6.58058
-6.58214
-6.58474
-6.58279
-6.58497
-6.58636
-6.58697
-6.58811
-6.58627
-6.58568
-6.58446
-6.58393
-6.58087
-6.58146
-6.58216
-6.58232
-6.58355
-6.58354
-6.58484
-6.58479
-6.58466
-6.58282
-6.58316
-6.58344
-6.5827
-6.58292
-6.58152
-6.58209
-6.58235
-6.58266
-6.58427
-6.582
-6.58165
-6.58031
-6.58348
-6.5834
-6.58462
-6.58391
-6.58483
-6.58316
-6.58181
-6.58241
-6.58236
-6.58073
-6.58011
-6.58019
-6.58033
-6.58148
-6.58233
-6.58024
-6.582
-6.58241
-6.58308
-6.58305
-6.58168
-6.58092
-6.58305
-6.58255
-6.58235
-6.58214
-6.58357
-6.58341
-6.58267
-6.58201
-6.58078
-6.57929
-6.58074
-6.58155
-6.58201
-6.58244
-6.58153
-6.58255
-6.58227
-6.58072
-6.58082
-6.58191
-6.58203
-6.58277
-6.58379
-6.58476
-6.5844
-6.58336
-6.58101
-6.58155
-6.58175
-6.5816
-6.58111
-6.58286
-6.58069
-6.58044
-6.57952
-6.57828
-6.57837
-6.57852
-6.5775
-6.57628
-6.57553
-6.57717
-6.57792
-6.57868
-6.57938
-6.57999
-6.58144
-6.58084
-6.58211
-6.58174
-6.582
-6.58064
-6.58022
-6.58009
-6.57928
-6.57717
-6.57836
-6.57901
-6.57979
-6.58134
-6.5833
-6.58272
-6.58276
-6.58176
-6.5813
-6.58331
-6.58423
-6.58505
-6.58577
-6.58707
-6.58573
-6.58631
-6.58815
-6.58739
-6.58695
-6.58525
-6.58685
-6.58369
-6.58488
-6.5817
-6.58225
-6.58134
-6.58119
-6.57978
-6.58161
-6.5824
-6.5847
-6.58492
-6.58661
-6.58685
-6.58599
-6.58566
-6.58561
-6.58426
-6.58263
-6.58108
-6.57931
-6.57926
-6.57962
-6.57943
-6.57931
-6.57958
-6.57891
-6.57953
-6.57976
-6.58149
-6.5834
-6.58356
-6.58235
-6.5847
-6.58481
-6.58405
-6.58403
-6.58312
-6.58386
-6.5817
-6.58208
-6.58208
-6.58203
-6.58066
-6.58158
-6.58288
-6.58329
-6.5828
-6.58206
-6.58229
-6.58249
-6.58098
-6.58097
-6.58019
-6.58027
-6.58125
-6.58058
-6.58124
-6.58296
-6.58187
-6.58187
-6.58069
-6.58055
-6.58013
-6.58232
-6.58289
-6.58314
-6.58339
-6.5833
-6.58546
-6.58498
-6.58311
-6.58469
-6.58388
-6.58393
-6.58357
-6.58673
-6.58663
-6.58462
-6.58429
-6.58371
-6.58388
-6.58483
-6.58332
-6.5839
-6.58361
-6.58337
-6.58507
-6.58379
-6.58402
-6.58118
-6.58176
-6.5806
-6.58096
-6.58031
-6.57904
-6.57914
-6.57871
-6.57937
-6.57984
-6.5791
-6.57876
-6.57943
-6.57979
-6.58044
-6.58134
-6.57956
-6.57832
-6.57729
-6.57843
-6.57884
-6.58081
-6.58113
-6.58243
-6.58377
-6.58483
-6.58338
-6.58459
-6.58294
-6.58229
-6.58294
-6.58228
-6.58321
-6.58252
-6.58508
-6.58476
-6.58484
-6.58337
-6.58197
-6.5829
-6.58418
-6.58448
-6.58249
-6.58366
-6.58476
-6.58482
-6.58677
-6.58771
-6.58704
-6.58604
-6.58569
-6.58626
-6.58546
-6.58554
-6.58457
-6.58646
-6.58737
-6.58801
-6.58581
-6.58564
-6.58493
-6.58334
-6.58215
-6.58069
-6.58056
-6.58176
-6.58134
-6.58028
-6.58115
-6.58039
-6.58188
-6.58235
-6.58147
-6.5828
-6.58374
-6.58299
-6.58348
-6.58328
-6.58374
-6.58394
-6.58324
-6.5836
-6.58148
-6.58332
-6.58294
-6.58516
-6.58506
-6.5852
-6.58587
-6.58611
-6.5853
-6.58412
-6.58421
-6.58202
-6.58242
-6.58249
-6.58159
-6.58135
-6.57984
-6.57934
-6.57988
-6.57985
-6.58086
-6.58095
-6.58171
-6.58019
-6.57865
-6.57804
-6.5771
-6.57811
-6.57687
-6.57599
-6.5771
-6.57825
-6.57846
-6.57804
-6.57989
-6.58239
-6.5813
-6.58247
-6.58328
-6.58307
-6.58475
-6.58734
-6.58662
-6.58617
-6.58567
-6.58483
-6.5856
-6.58833
-6.58847
-6.59058
-6.59044
-6.59066
-6.58933
-6.58875
-6.58761
-6.58817
-6.58874
-6.58829
-6.58739
-6.58699
-6.5845
-6.5861
-6.5857
-6.58532
-6.58404
-6.58482
-6.58508
-6.58289
-6.58146
-6.58105
-6.58031
-6.58048
-6.58055
-6.57986
-6.57811
-6.57793
-6.5778
-6.5797
-6.58078
-6.58135
-6.58395
-6.58366
-6.58363
-6.58352
-6.58459
-6.58654
-6.58842
-6.58701
-6.58818
-6.58643
-6.58629
-6.58678
-6.58564
-6.58514
-6.58658
-6.58709
-6.58896
-6.58863
-6.58903
-6.5856
-6.58415
-6.58432
-6.58154
-6.58227
-6.5849
-6.58556
-6.58784
-6.58657
-6.58598
-6.58637
-6.58614
-6.58653
-6.58657
-6.58721
-6.58715
-6.58868
-6.58792
-6.58877
-6.58767
-6.58983
-6.58909
-6.58546
-6.02184
-6.01964
-6.02084
-6.0181
-6.01602
-6.01428
-6.01505
-6.01535
-6.01314
-6.01325
-6.01467
-6.01443
-6.01345
-6.01462
-6.01403
-6.01402
-6.01339
-6.01485
-6.01526
-6.01557
-6.01503
-6.01444
-6.01299
-6.01322
-6.01351
-6.01488
-6.01416
-6.0153
-6.01352
-6.01279
-6.01318
-6.01409
-6.01521
-6.0139
-6.0159
-6.0156
-6.01746
-6.01467
-6.01501
-6.01496
-6.01585
-6.01572
-6.01459
-6.01471
-6.01383
-6.01388
-6.012
-6.01081
-6.00967
-6.00893
-6.00924
-6.00864
-6.00875
-6.00892
-6.00849
-6.01133
-6.01155
-6.01237
-6.01277
-6.0121
-6.0133
-6.01608
-6.01398
-6.01414
-6.01271
-6.01226
-6.01119
-6.0121
-6.01302
-6.01168
-6.01391
-6.01616
-6.01779
-6.01557
-6.0166
-6.01504
-6.01574
-6.01513
-6.01644
-6.0129
-6.01164
-6.01461
-6.01533
-6.01346
-6.01221
-6.01387
-6.01227
-6.01231
-6.0114
-6.01051
-6.01028
-6.01165
-6.01237
-6.01498
-6.01271
-6.013
-6.01488
-6.01513
-6.01536
-6.01591
-6.01549
-6.01574
-6.01309
-6.01532
-6.01529
-6.01755
-6.01786
-6.01785
-6.01751
-6.01555
-6.0133
-6.01207
-6.01255
-6.01119
-6.01121
-6.01224
-6.0155
-6.01409
-6.01476
-6.01358
-6.01349
-6.01099
-6.01068
-6.0123
-6.01042
-6.0122
-6.00926
-6.00976
-6.01019
-6.01118
-6.0127
-6.01302
-6.01559
-6.01513
-6.01418
-6.01273
-6.01405
-6.01397
-6.01288
-6.01275
-6.01427
-6.01292
-6.01356
-6.0142
-6.01129
-6.01093
-6.01118
-6.01269
-6.01256
-6.01343
-6.01274
-6.01021
-6.01004
-6.01027
-6.01184
-6.01245
-6.01431
-6.01546
-6.01554
-6.01485
-6.01372
-6.01373
-6.01361
-6.01342
-6.01158
-6.01142
-6.01074
-6.01182
-6.01048
-6.00992
-6.01107
-6.01195
-6.01187
-6.0095
-6.01099
-6.01215
-6.01335
-6.01365
-6.01402
-6.01411
-6.01738
-6.01691
-6.01715
-6.01811
-6.01759
-6.01737
-6.01688
-6.0149
-6.01596
-6.01615
-6.01737
-6.01608
-6.01393
-6.01321
-6.01553
-6.0147
-6.0132
-6.01382
-6.0133
-6.01163
-6.01214
-6.01169
-6.01229
-6.01299
-6.01502
-6.01536
-6.01654
-6.01759
-6.01891
-6.01833
-6.01625
-6.01463
-6.01406
-6.01384
-6.0149
-6.01468
-6.01653
-6.01635
-6.01738
-6.01883
-6.01847
-6.01874
-6.01736
-6.01866
-6.01692
-6.01801
-6.01839
-6.0174
-6.01667
-6.01591
-6.01484
-6.01449
-6.01462
-6.0153
-6.01562
-6.01275
-6.01315
-6.0141
-6.01403
-6.01265
-6.01052
-6.01133
-6.01079
-6.01133
-6.01171
-6.01187
-6.01112
-6.01098
-6.01046
-6.01114
-6.01334
-6.01285
-6.01163
-6.00972
-6.00943
-6.01048
-6.00902
-6.01089
-6.01063
-6.01019
-6.01023
-6.01006
-6.00804
-6.00892
-6.0107
-6.01331
-6.01346
-6.0147
-6.01607
-6.01437
-6.01515
-6.01555
-6.01531
-6.01418
-6.01254
-6.01078
-6.01086
-6.00888
-6.01092
-6.01427
-6.01655
-6.01543
-6.01573
-6.0165
-6.01458
-6.01522
-6.01718
-6.01568
-6.01333
-6.01176
-6.01032
-6.0122
-6.01249
-6.01338
-6.01154
-6.00984
-6.00891
-6.0085
-6.00678
-6.00582
-6.00604
-6.0078
-6.01045
-6.01037
-6.0136
-6.01421
-6.01532
-6.01716
-6.01776
-6.01583
-6.01695
-6.0138
-6.01426
-6.01264
-6.01387
-6.01571
-6.01776
-6.01986
-6.01856
-6.01891
-6.01894
-6.01745
-6.01593
-6.01551
-6.01598
-6.01705
-6.01539
-6.01609
-6.01773
-6.01894
-6.01873
-6.01807
-6.016
-6.0177
-6.01739
-6.01575
-6.01513
-6.01495
-6.0143
-6.01351
-6.01423
-6.01412
-6.01374
-6.01397
-6.01437
-6.0165
-6.0161
-6.01516
-6.01504
-6.01616
-6.01567
-6.01366
-6.01538
-6.0134
-6.01258
-6.01124
-6.01026
-6.01147
-6.00961
-6.00919
-6.01024
-6.008
-6.00839
-6.00792
-6.00826
-6.00877
-6.01135
-6.01235
-6.01298
-6.01221
-6.01358
-6.01327
-6.01454
-6.01222
-6.01116
-6.01033
-6.012
-6.01197
-6.01292
-6.01008
-6.01325
-6.01208
-6.01265
-6.01196
-6.01312
-6.0138
-6.01236
-6.01014
-6.01048
-6.00865
-6.00732
-6.00749
-6.0098
-6.01124
-6.01171
-6.01302
-6.01542
-6.01435
-6.01439
-6.01497
-6.01555
-6.01298
-6.01315
-6.01123
-6.01043
-6.01106
-6.0121
-6.01221
-6.01263
-6.01297
-6.01351
-6.01291
-6.01217
-6.01195
-6.01292
-6.01317
-6.01437
-6.013
-6.01203
-6.01278
-6.01364
-6.01557
-6.01695
-6.0145
-6.01498
-6.01706
-6.0165
-6.01424
-6.01354
-6.01312
-6.01434
-6.01493
-6.01427
-6.01621
-6.01488
-6.01218
-6.01034
-6.01132
-6.01356
-6.01358
-6.01246
-6.01156
-6.01093
-6.01121
-6.01039
-6.01292
-6.01319
-6.01364
-6.01546
-6.01793
-6.01911
-6.01804
-6.01708
-6.01598
-6.01583
-6.01481
-6.01499
-6.01417
-6.01431
-6.01405
-6.01618
-6.01729
-6.01595
-6.01402
-6.01213
-6.0113
-6.01101
-6.01174
-6.00972
-6.00928
-6.01069
-6.01321
-6.01348
-6.01081
-6.01293
-6.01146
-6.01223
-6.01334
-6.01677
-6.01511
-6.01873
-6.01946
-6.02209
-6.01872
-6.01871
-6.01657
-6.01752
-6.01743
-6.01634
-6.0143
-6.01362
-6.01369
-6.01451
-6.01348
-6.01415
-6.01586
-6.01568
-6.01428
-6.01394
-6.01499
-6.01414
-6.01325
-6.01128
-6.01235
-6.01288
-6.01225
-6.01181
-6.01131
-6.00988
-6.00982
-6.01018
-6.0097
-6.01255
-6.01389
-6.01403
-6.01427
-6.01228
-6.01191
-6.01275
-6.01477
-6.01572
-6.01729
-6.01499
-6.01537
-6.01292
-6.01444
-6.01597
-6.01777
-6.01684
-6.01672
-6.01642
-6.0147
-6.01486
-6.01246
-6.01215
-6.01143
-6.01389
-6.01202
-6.01316
-6.01426
-6.01589
-6.01578
-6.01626
-6.0158
-6.01635
-6.01594
-6.01804
-6.01836
-6.01753
-6.01461
-6.01481
-6.01627
-6.0132
-6.01376
-6.0112
-6.01305
-6.01282
-6.01376
-6.01353
-6.01399
-6.01472
-6.01469
-6.01579
-6.01445
-6.0136
-6.01457
-6.01322
-6.0128
-6.01339
-6.0134
-6.01189
-6.0134
-6.01405
-6.01445
-6.01425
-6.01377
-6.01304
-6.01271
-6.01154
-6.01112
-6.01075
-6.00999
-6.01068
-6.01109
-6.01217
-6.01461
-6.01205
-6.01271
-6.01279
-6.01497
-6.01343
-6.01399
-6.01465
-6.01407
-6.01612
-6.01397
-6.01446
-6.01272
-6.01425
-6.01452
-6.01413
-6.01274
-6.01161
-6.0117
-6.01139
-6.00905
-6.01152
-6.01361
-6.01406
-6.0119
-6.01297
-6.01565
-6.0148
-6.01529
-6.01396
-6.01277
-6.01272
-6.01407
-6.01354
-6.01264
-6.01419
-6.01489
-6.01377
-6.01476
-6.01341
-6.01077
-6.01147
-6.00969
-6.01161
-6.01006
-6.01213
-6.01263
-6.01447
-6.01502
-6.01557
-6.01413
-6.01392
-6.01558
-6.01556
-6.01582
-6.0157
-6.01553
-6.01396
-6.0123
-6.01221
-6.01312
-6.01611
-6.01801
-6.01718
-6.0158
-6.01375
-6.01096
-6.0123
-6.01002
-6.00998
-6.01221
-6.01055
-6.00988
-6.0102
-6.01156
-6.00977
-6.00938
-6.012
-6.01372
-6.01479
-6.01548
-6.01545
-6.01464
-6.0137
-6.01263
-6.01339
-6.01342
-6.01245
-6.01406
-6.01439
-6.01438
-6.01307
-6.01307
-6.01214
-6.01097
-6.00827
-6.00791
-6.00632
-6.00735
-6.0081
-6.00891
-6.01014
-6.01017
-6.0122
-6.01455
-6.01392
-6.01153
-6.01155
-6.01139
-6.01369
-6.01432
-6.01342
-6.01237
-6.01417
-6.01425
-6.01149
-6.01249
-6.01293
-6.01379
-6.01447
-6.01407
-6.0136
-6.01216
-6.01073
-6.01162
-6.00936
-6.00724
-6.00919
-6.0097
-6.01229
-6.01173
-6.01281
-6.01382
-6.01604
-6.01754
-6.01736
-6.01584
-6.0156
-6.01663
-6.01568
-6.01469
-6.01527
-6.01514
-6.01337
-6.01321
-6.01405
-6.0143
-6.01557
-6.01688
-6.01592
-6.01589
-6.01611
-6.01626
-6.01603
-6.01509
-6.01451
-6.01729
-6.01701
-6.01497
-6.01596
-6.01373
-6.01403
-6.01426
-6.01115
-6.01217
-6.0118
-6.01235
-6.01156
-6.01141
-6.01064
-6.01058
-6.01286
-6.0136
-6.0137
-6.01501
-6.01649
-6.01624
-6.01398
-6.01566
-6.01584
-6.01713
-6.01854
-6.01804
-6.01751
-6.01758
-6.01569
-6.01383
-6.01337
-6.01238
-6.01312
-6.0123
-6.01242
-6.01178
-6.01483
-6.01637
-6.01609
-6.01564
-6.0157
-6.01278
-6.01276
-6.01214
-6.0116
-6.01023
-6.00903
-6.00834
-6.00948
-6.01017
-6.01072
-6.01173
-6.01153
-6.01033
-6.01126
-6.01325
-6.01591
-6.01442
-6.01402
-6.01192
-6.01114
-6.01175
-6.01282
-6.01305
-6.0131
-6.01293
-6.01281
-6.01072
-6.01179
-6.0121
-6.011
-6.01014
-6.00863
-6.0088
-6.01074
-6.01257
-6.01168
-6.01319
-6.01435
-6.01598
-6.01737
-6.01596
-6.01506
-6.01473
-6.01633
-6.01759
-6.01721
-6.01519
-6.01384
-6.01284
-6.01386
-6.01561
-6.01037
-6.01012
-6.00909
-6.0115
-6.01246
-6.01379
-6.01564
-6.01399
-6.01594
-6.01541
-6.01477
-6.01287
-6.01434
-6.01372
-6.01289
-6.01504
-6.01652
-6.0153
-6.01364
-6.01476
-6.0155
-6.01431
-6.0135
-6.01571
-6.01765
-6.01668
-6.01696
-6.01849
-6.01836
-6.01985
-6.01876
-6.01705
-6.01635
-6.01666
-6.01411
-6.01424
-6.01543
-6.01704
-6.01835
-6.01767
-6.01943
-6.02003
-6.02045
-6.02009
-6.01808
-6.01739
-6.01712
-6.01635
-6.01451
-6.01385
-6.01236
-6.01406
-6.01493
-6.01393
-6.01472
-6.01482
-6.01467
-6.01562
-6.01476
-6.01433
-6.01431
-6.01427
-6.0164
-6.01609
-6.01364
-6.0133
-6.01288
-6.01247
-6.01183
-6.01296
-6.01524
-6.01311
-6.01397
-6.01222
-6.01463
-6.01436
-6.01532
-6.01468
-6.01246
-6.01261
-6.01349
-6.01345
-6.015
-6.01613
-6.0152
-6.01447
-6.0143
-6.01472
-6.01509
-6.01415
-6.01452
-6.01331
-6.01347
-6.01372
-6.01438
-6.01637
-6.0145
-6.0149
-6.01566
-6.01616
-6.01671
-6.01796
-6.0179
-6.01681
-6.01758
-6.01958
-6.01734
-6.01735
-6.01769
-6.01445
-6.01408
-6.01559
-6.01539
-6.01642
-6.01479
-6.01408
-6.01497
-6.01586
-6.01481
-6.01314
-6.01413
-6.01138
-6.00881
-6.00872
-6.00948
-6.00976
-6.00949
-6.00958
-6.0106
-6.01212
-6.00922
-6.01028
-6.01015
-6.00858
-6.0115
-6.01027
-6.01078
-6.01112
-6.01253
-6.01198
-6.01355
-6.01395
-6.01482
-6.01498
-6.01488
-6.01265
-6.01185
-6.00953
-6.00761
-6.00868
-6.00888
-6.01176
-6.01309
-6.01476
-6.01475
-6.01298
-6.0123
-6.01368
-6.01202
-6.01259
-6.01221
-6.01253
-6.01389
-6.01463
-6.0135
-6.01216
-5.66964
-5.66872
-5.66712
-5.66781
-5.66855
-5.66962
-5.67025
-5.66859
-5.66957
-5.66855
-5.66751
-5.66852
-5.66523
-5.66514
-5.66441
-5.66566
-5.66405
-5.66254
-5.66213
-5.66411
-5.66361
-5.66318
-5.66638
-5.66448
-5.66492
-5.66511
-5.66529
-5.66632
-5.66651
-5.66715
-5.66763
-5.668
-5.66827
-5.66745
-5.66591
-5.66533
-5.66387
-5.66192
-5.66114
-5.66213
-5.66227
-5.66119
-5.66205
-5.66254
-5.66521
-5.66518
-5.66477
-5.66409
-5.66294
-5.66431
-5.6643
-5.66542
-5.66557
-5.66754
-5.66865
-5.67174
-5.67393
-5.67363
-5.67547
-5.67437
-5.67461
-5.67267
-5.67309
-5.67224
-5.67004
-5.67099
-5.6712
-5.66944
-5.67101
-5.67173
-5.67324
-5.67195
-5.67136
-5.66819
-5.66601
-5.66808
-5.66922
-5.66908
-5.66987
-5.66864
-5.66795
-5.66426
-5.66377
-5.66424
-5.66407
-5.66426
-5.66517
-5.66558
-5.66486
-5.66624
-5.66773
-5.66728
-5.66673
-5.66796
-5.66998
-5.67028
-5.67151
-5.67312
-5.67477
-5.67606
-5.674
-5.67143
-5.6697
-5.66863
-5.66738
-5.66899
-5.66928
-5.66913
-5.67065
-5.67175
-5.67072
-5.67307
-5.67198
-5.67137
-5.67063
-5.66983
-5.66901
-5.66663
-5.66566
-5.66386
-5.66256
-5.66304
-5.66402
-5.66579
-5.66799
-5.66892
-5.66973
-5.67093
-5.67309
-5.67168
-5.67034
-5.6689
-5.66816
-5.6676
-5.66634
-5.667
-5.66665
-5.66651
-5.6665
-5.66653
-5.66746
-5.66822
-5.66844
-5.66812
-5.66671
-5.66849
-5.66806
-5.66742
-5.66882
-5.66893
-5.67184
-5.67424
-5.67252
-5.67289
-5.67117
-5.66847
-5.66646
-5.66488
-5.66317
-5.66335
-5.66387
-5.66376
-5.66624
-5.66728
-5.66799
-5.67271
-5.67351
-5.67231
-5.67208
-5.67229
-5.66925
-5.66797
-5.66859
-5.6692
-5.67102
-5.66966
-5.66981
-5.66908
-5.66902
-5.67093
-5.66903
-5.67053
-5.66905
-5.66926
-5.6703
-5.66964
-5.66829
-5.67109
-5.67148
-5.6706
-5.67059
-5.6704
-5.67007
-5.66964
-5.67113
-5.67162
-5.66919
-5.66776
-5.66774
-5.66884
-5.66782
-5.66877
-5.66765
-5.66696
-5.66711
-5.66502
-5.66445
-5.66124
-5.66172
-5.66149
-5.66109
-5.66148
-5.66339
-5.66307
-5.66513
-5.66504
-5.66754
-5.67053
-5.66874
-5.66863
-5.66677
-5.66562
-5.66536
-5.66445
-5.66539
-5.6642
-5.66687
-5.66779
-5.6689
-5.66828
-5.6705
-5.67007
-5.67151
-5.66993
-5.66791
-5.66742
-5.66716
-5.66686
-5.66494
-5.6641
-5.66249
-5.66277
-5.66204
-5.6615
-5.66073
-5.66155
-5.66261
-5.66356
-5.66379
-5.6653
-5.66752
-5.67148
-5.67264
-5.67252
-5.67453
-5.67432
-5.6732
-5.67157
-5.6683
-5.66704
-5.66657
-5.66618
-5.66549
-5.66375
-5.66316
-5.66434
-5.66281
-5.66422
-5.66419
-5.66323
-5.66752
-5.66727
-5.66874
-5.67138
-5.66983
-5.66692
-5.66628
-5.66636
-5.66599
-5.66527
-5.66361
-5.6617
-5.66414
-5.66581
-5.6665
-5.66921
-5.67006
-5.66926
-5.67152
-5.67469
-5.67594
-5.67671
-5.67303
-5.67531
-5.67331
-5.67053
-5.66884
-5.66553
-5.66754
-5.66832
-5.668
-5.66862
-5.67004
-5.66803
-5.66559
-5.66703
-5.66628
-5.66658
-5.66626
-5.66591
-5.66483
-5.66565
-5.66455
-5.66489
-5.66482
-5.66507
-5.66628
-5.66611
-5.66762
-5.66991
-5.6717
-5.67179
-5.67117
-5.67104
-5.67085
-5.66936
-5.66711
-5.66899
-5.67026
-5.67006
-5.66885
-5.67109
-5.66803
-5.66781
-5.6692
-5.66742
-5.66802
-5.66903
-5.66873
-5.66864
-5.66545
-5.66531
-5.66566
-5.66559
-5.66711
-5.66671
-5.66707
-5.66852
-5.66786
-5.6673
-5.66908
-5.66761
-5.66966
-5.67069
-5.67039
-5.67137
-5.67072
-5.66971
-5.66989
-5.66736
-5.66535
-5.6623
-5.65928
-5.66094
-5.66382
-5.66278
-5.66234
-5.6637
-5.6654
-5.66664
-5.66833
-5.66724
-5.66767
-5.66908
-5.66762
-5.66876
-5.67051
-5.67086
-5.67174
-5.67087
-5.66857
-5.66967
-5.66765
-5.66514
-5.66388
-5.66277
-5.66103
-5.66043
-5.66127
-5.66216
-5.66554
-5.6677
-5.67013
-5.673
-5.67329
-5.67157
-5.67105
-5.67369
-5.67376
-5.67041
-5.66892
-5.6691
-5.66618
-5.66638
-5.66432
-5.663
-5.66314
-5.66474
-5.66407
-5.66571
-5.6658
-5.66705
-5.66779
-5.6691
-5.67051
-5.66864
-5.66494
-5.66533
-5.66593
-5.66574
-5.66561
-5.66576
-5.66414
-5.66429
-5.66169
-5.66356
-5.66382
-5.66192
-5.66146
-5.66347
-5.66506
-5.66523
-5.66487
-5.66611
-5.66623
-5.66642
-5.6673
-5.66665
-5.6678
-5.66699
-5.66755
-5.66661
-5.66706
-5.664
-5.66383
-5.66366
-5.66256
-5.66415
-5.66561
-5.66691
-5.66671
-5.67038
-5.67105
-5.67062
-5.66979
-5.67095
-5.67288
-5.6711
-5.67304
-5.67371
-5.67484
-5.67431
-5.67494
-5.67482
-5.67379
-5.67329
-5.67189
-5.67066
-5.66909
-5.66886
-5.66938
-5.66798
-5.66649
-5.66949
-5.66766
-5.66737
-5.66737
-5.66557
-5.66248
-5.66246
-5.66201
-5.6621
-5.66079
-5.66192
-5.66186
-5.66282
-5.66305
-5.66249
-5.66398
-5.66493
-5.6664
-5.66553
-5.66758
-5.66577
-5.66431
-5.66356
-5.66515
-5.66649
-5.66788
-5.66764
-5.66574
-5.66632
-5.66907
-5.67045
-5.66952
-5.6689
-5.66568
-5.66472
-5.66251
-5.66133
-5.66125
-5.66225
-5.6614
-5.66317
-5.66431
-5.6661
-5.66593
-5.66578
-5.66531
-5.66812
-5.66741
-5.66706
-5.66576
-5.66737
-5.66764
-5.66813
-5.6669
-5.66719
-5.66839
-5.66632
-5.66548
-5.6655
-5.667
-5.66648
-5.66565
-5.66526
-5.66504
-5.66499
-5.66439
-5.66644
-5.66623
-5.66696
-5.66763
-5.66696
-5.66693
-5.66794
-5.66911
-5.66789
-5.66882
-5.66826
-5.66964
-5.67218
-5.67155
-5.67289
-5.6704
-5.67029
-5.67069
-5.66843
-5.66809
-5.66618
-5.66599
-5.66564
-5.66446
-5.66631
-5.66695
-5.66471
-5.66578
-5.66637
-5.66656
-5.66734
-5.66601
-5.66822
-5.66797
-5.66869
-5.67063
-5.66958
-5.66921
-5.66675
-5.66689
-5.66419
-5.6635
-5.66026
-5.6593
-5.65811
-5.65783
-5.6586
-5.66045
-5.66096
-5.66537
-5.66765
-5.66644
-5.66342
-5.66261
-5.66344
-5.66334
-5.66551
-5.66371
-5.6682
-5.66892
-5.67041
-5.66889
-5.66707
-5.6683
-5.66782
-5.66855
-5.66886
-5.66738
-5.67017
-5.67103
-5.67053
-5.6689
-5.669
-5.6666
-5.6666
-5.6652
-5.66576
-5.66675
-5.66694
-5.66666
-5.66815
-5.66745
-5.67068
-5.67063
-5.67111
-5.67041
-5.67012
-5.66961
-5.66963
-5.66865
-5.66963
-5.66935
-5.66878
-5.66862
-5.66702
-5.66638
-5.66715
-5.66613
-5.66676
-5.66822
-5.66892
-5.67116
-5.67245
-5.67214
-5.66946
-5.66822
-5.66899
-5.66868
-5.66769
-5.66832
-5.66854
-5.66819
-5.66775
-5.66941
-5.66831
-5.66947
-5.67144
-5.67052
-5.66994
-5.67118
-5.67009
-5.67222
-5.6719
-5.67332
-5.6727
-5.67246
-5.66987
-5.66931
-5.66935
-5.66653
-5.66706
-5.66733
-5.66789
-5.66765
-5.66812
-5.66758
-5.66977
-5.66874
-5.66672
-5.66792
-5.66698
-5.66508
-5.66407
-5.66316
-5.66271
-5.66385
-5.66466
-5.66647
-5.66881
-5.66849
-5.67017
-5.6695
-5.66861
-5.66894
-5.66797
-5.66895
-5.6689
-5.6703
-5.66911
-5.6685
-5.66971
-5.66949
-5.67074
-5.66922
-5.66748
-5.66488
-5.66596
-5.66556
-5.66531
-5.66494
-5.66129
-5.65897
-5.65978
-5.6616
-5.66355
-5.66431
-5.66405
-5.6642
-5.6643
-5.66396
-5.66513
-5.66329
-5.66494
-5.6669
-5.66753
-5.66877
-5.66862
-5.66737
-5.66693
-5.66694
-5.66484
-5.6652
-5.66613
-5.66709
-5.66624
-5.66718
-5.66539
-5.66248
-5.66229
-5.66319
-5.6648
-5.66616
-5.66918
-5.66867
-5.66911
-5.6679
-5.66953
-5.66877
-5.66623
-5.66741
-5.66745
-5.66837
-5.66828
-5.66919
-5.66722
-5.66759
-5.66549
-5.66712
-5.66763
-5.66669
-5.66521
-5.66541
-5.66694
-5.66753
-5.66965
-5.67053
-5.67098
-5.67359
-5.67265
-5.67159
-5.67068
-5.67111
-5.66781
-5.66915
-5.66938
-5.66953
-5.66912
-5.66751
-5.6638
-5.66454
-5.66461
-5.66473
-5.66466
-5.66507
-5.66528
-5.66423
-5.66638
-5.6665
-5.66365
-5.66369
-5.66439
-5.66448
-5.6679
-5.66847
-5.67135
-5.66994
-5.6703
-5.66978
-5.67065
-5.66872
-5.66896
-5.66789
-5.66532
-5.66363
-5.66326
-5.66359
-5.66332
-5.66461
-5.66631
-5.66824
-5.66765
-5.66935
-5.66982
-5.67073
-5.67054
-5.67125
-5.67
-5.67167
-5.67271
-5.67247
-5.67125
-5.66933
-5.66735
-5.66627
-5.66579
-5.66596
-5.66554
-5.66555
-5.66477
-5.66483
-5.66375
-5.66315
-5.66558
-5.66589
-5.66925
-5.67042
-5.67124
-5.67155
-5.67285
-5.67152
-5.6708
-5.67079
-5.67061
-5.67006
-5.66923
-5.66691
-5.66645
-5.66436
-5.66552
-5.66666
-5.66767
-5.67096
-5.67115
-5.67395
-5.67189
-5.67119
-5.66808
-5.66788
-5.66678
-5.66807
-5.67015
-5.66754
-5.66836
-5.66875
-5.66998
-5.67198
-5.67141
-5.67038
-5.67137
-5.67268
-5.67306
-5.67225
-5.67201
-5.66956
-5.66924
-5.67114
-5.67174
-5.67127
-5.67153
-5.67005
-5.66928
-5.67043
-5.66903
-5.66783
-5.66607
-5.66718
-5.66666
-5.66569
-5.66333
-5.66423
-5.66312
-5.66368
-5.66156
-5.66245
-5.66227
-5.66012
-5.66117
-5.66244
-5.66153
-5.66452
-5.66325
-5.66362
-5.6634
-5.66457
-5.66513
-5.66532
-5.66634
-5.66815
-5.66878
-5.66864
-5.6688
-5.66807
-5.66744
-5.66747
-5.66484
-5.66536
-5.66717
-5.66584
-5.66593
-5.66712
-5.6674
-5.66766
-5.66879
-5.6688
-5.66828
-5.66819
-5.66719
-5.66632
-5.66534
-5.6628
-5.6628
-5.66259
-5.6635
-5.66349
-5.66655
-5.66597
-5.66516
-5.66504
-5.66373
-5.66133
-5.65984
-5.65807
-5.65933
-5.66302
-5.66464
-5.66672
-5.66816
-5.67044
-5.6715
-5.67134
-5.67037
-5.67033
-5.66779
-5.66833
-5.66969
-5.66924
-5.6692
-5.67014
-5.67041
-5.67064
-5.67146
-5.67121
-5.67052
-5.66967
-5.66994
-5.67135
-5.67201
-5.66944
-5.66956
-5.66727
-5.66743
-5.66775
-5.6666
-5.66719
-5.66689
-5.66694
-5.66559
-5.66603
-5.66761
-5.66843
-5.66694
-5.6661
-5.66657
-5.66514
-5.66415
-5.66463
-5.66632
-5.66533
-5.66774
-5.66953
-5.67118
-5.67482
-5.6755
-5.67585
-5.67466
-5.67307
-5.67283
-5.67462
-5.67354
-5.67244
-5.6703
-5.593
-5.59071
-5.5906
-5.58788
-5.58744
-5.58703
-5.58823
-5.59125
-5.59109
-5.59241
-5.5928
-5.59315
-5.59444
-5.5954
-5.59417
-5.59543
-5.59578
-5.59564
-5.59697
-5.59644
-5.59717
-5.59521
-5.59515
-5.59446
-5.59388
-5.59413
-5.59492
-5.59299
-5.59255
-5.59289
-5.59202
-5.59214
-5.59286
-5.59476
-5.5951
-5.59766
-5.59815
-5.59726
-5.59741
-5.59749
-5.59642
-5.59342
-5.59213
-5.5916
-5.59044
-5.59107
-5.59396
-5.59314
-5.59082
-5.59223
-5.592
-5.59387
-5.59406
-5.59419
-5.59671
-5.59557
-5.59674
-5.59626
-5.59674
-5.59597
-5.5953
-5.59576
-5.59514
-5.59641
-5.59512
-5.59329
-5.59323
-5.59211
-5.5893
-5.58837
-5.5883
-5.58741
-5.58725
-5.58707
-5.58845
-5.58909
-5.59064
-5.59023
-5.58986
-5.59025
-5.59139
-5.59136
-5.59299
-5.5946
-5.59254
-5.59548
-5.59362
-5.59472
-5.59393
-5.5894
-5.58894
-5.58939
-5.58824
-5.58819
-5.58901
-5.59077
-5.58989
-5.59179
-5.59085
-5.59182
-5.59269
-5.59411
-5.59483
-5.59262
-5.59142
-5.59155
-5.59103
-5.59143
-5.59237
-5.59022
-5.59246
-5.59236
-5.59198
-5.59114
-5.58994
-5.58906
-5.59005
-5.59144
-5.59239
-5.59372
-5.59409
-5.59355
-5.5906
-5.59185
-5.58804
-5.58829
-5.58716
-5.58819
-5.58838
-5.59055
-5.59359
-5.59351
-5.59154
-5.59347
-5.59447
-5.59327
-5.59224
-5.59149
-5.59081
-5.59129
-5.59008
-5.59015
-5.58894
-5.58868
-5.58802
-5.5888
-5.58873
-5.59135
-5.59179
-5.59291
-5.59428
-5.59574
-5.59487
-5.59675
-5.60073
-5.59624
-5.5951
-5.59491
-5.59516
-5.59368
-5.59246
-5.59342
-5.59265
-5.59204
-5.5874
-5.58681
-5.58733
-5.58756
-5.58806
-5.58973
-5.58809
-5.589
-5.58992
-5.58827
-5.58854
-5.58971
-5.59106
-5.59094
-5.59351
-5.59136
-5.59004
-5.5906
-5.59091
-5.59137
-5.59297
-5.59244
-5.59134
-5.59127
-5.59167
-5.5904
-5.59111
-5.59151
-5.59341
-5.5927
-5.59274
-5.59334
-5.5941
-5.59504
-5.59598
-5.59743
-5.59763
-5.59771
-5.59744
-5.59546
-5.59586
-5.59753
-5.59683
-5.5957
-5.59321
-5.59363
-5.59481
-5.59614
-5.59598
-5.59656
-5.59708
-5.59677
-5.59752
-5.59769
-5.59541
-5.59398
-5.59219
-5.59083
-5.58846
-5.58782
-5.58735
-5.58859
-5.58946
-5.59016
-5.59116
-5.59118
-5.59219
-5.59217
-5.59354
-5.59303
-5.59123
-5.59032
-5.58982
-5.5904
-5.58907
-5.59059
-5.59227
-5.59209
-5.59257
-5.5939
-5.59505
-5.59433
-5.59464
-5.59374
-5.59263
-5.59039
-5.5894
-5.58682
-5.58757
-5.58716
-5.58851
-5.58906
-5.58912
-5.58806
-5.58649
-5.586
-5.58786
-5.5914
-5.59208
-5.59048
-5.58977
-5.59303
-5.59272
-5.5917
-5.59293
-5.59328
-5.59486
-5.59356
-5.59338
-5.59211
-5.59169
-5.58821
-5.58584
-5.58585
-5.58405
-5.58666
-5.5863
-5.58788
-5.58971
-5.59199
-5.59192
-5.59351
-5.59534
-5.59575
-5.59736
-5.59834
-5.59683
-5.59744
-5.59412
-5.59308
-5.59311
-5.59134
-5.59136
-5.58931
-5.58746
-5.58938
-5.58762
-5.58738
-5.58898
-5.59013
-5.59015
-5.59029
-5.5901
-5.59169
-5.59231
-5.59252
-5.59364
-5.59317
-5.59192
-5.591
-5.59051
-5.58984
-5.5896
-5.59038
-5.59049
-5.59313
-5.59343
-5.59239
-5.59106
-5.59017
-5.59104
-5.58949
-5.58878
-5.58955
-5.59049
-5.59186
-5.59193
-5.59384
-5.5917
-5.59197
-5.59306
-5.59243
-5.59299
-5.5947
-5.59231
-5.59453
-5.59328
-5.59291
-5.59228
-5.59191
-5.59095
-5.58847
-5.59061
-5.59242
-5.5941
-5.59519
-5.59488
-5.594
-5.5934
-5.59367
-5.59288
-5.59273
-5.59528
-5.59419
-5.59508
-5.5948
-5.59148
-5.58941
-5.58838
-5.58879
-5.59063
-5.59149
-5.59339
-5.59545
-5.59494
-5.59573
-5.59597
-5.59481
-5.59622
-5.5966
-5.59718
-5.59527
-5.5947
-5.59293
-5.59269
-5.59184
-5.5905
-5.59101
-5.58887
-5.58696
-5.5878
-5.5861
-5.58568
-5.5852
-5.58564
-5.58613
-5.58551
-5.58772
-5.58759
-5.58823
-5.59003
-5.5918
-5.59346
-5.59408
-5.59417
-5.59419
-5.59586
-5.59629
-5.59383
-5.59102
-5.58979
-5.58888
-5.58672
-5.58633
-5.58679
-5.58752
-5.58853
-5.58846
-5.58724
-5.58833
-5.59037
-5.59138
-5.59296
-5.5944
-5.59495
-5.5968
-5.59506
-5.59691
-5.595
-5.59176
-5.59094
-5.58879
-5.58767
-5.58855
-5.5868
-5.58615
-5.58771
-5.58974
-5.59056
-5.59279
-5.59358
-5.59436
-5.59331
-5.59279
-5.59021
-5.59197
-5.59305
-5.59625
-5.59565
-5.59573
-5.5949
-5.59392
-5.59297
-5.59257
-5.59292
-5.59408
-5.59398
-5.59364
-5.59339
-5.59465
-5.59708
-5.59628
-5.59569
-5.59386
-5.5935
-5.59463
-5.59301
-5.59338
-5.59238
-5.59383
-5.59346
-5.59164
-5.59007
-5.58786
-5.58571
-5.58526
-5.58364
-5.58283
-5.58328
-5.58475
-5.58666
-5.58887
-5.58986
-5.59064
-5.59035
-5.59056
-5.58972
-5.59122
-5.59131
-5.58686
-5.58636
-5.58923
-5.58902
-5.59062
-5.59437
-5.59406
-5.59447
-5.59547
-5.59435
-5.59331
-5.59171
-5.59024
-5.58836
-5.58782
-5.58679
-5.58928
-5.5898
-5.59223
-5.59258
-5.5907
-5.59157
-5.58989
-5.59017
-5.59056
-5.58956
-5.58691
-5.58743
-5.58787
-5.58601
-5.58749
-5.58758
-5.58896
-5.59067
-5.59098
-5.59104
-5.59102
-5.59024
-5.59098
-5.59174
-5.59322
-5.59269
-5.59379
-5.59599
-5.59448
-5.59468
-5.59361
-5.59042
-5.59067
-5.59142
-5.59035
-5.59074
-5.59042
-5.58949
-5.58997
-5.59144
-5.59137
-5.59236
-5.59487
-5.59398
-5.59238
-5.59185
-5.59123
-5.58998
-5.58947
-5.59006
-5.59115
-5.59178
-5.58835
-5.58852
-5.58891
-5.58944
-5.58688
-5.58588
-5.58433
-5.58237
-5.58427
-5.58642
-5.58745
-5.59083
-5.59258
-5.59459
-5.59481
-5.59576
-5.59672
-5.59511
-5.59489
-5.59491
-5.59693
-5.59521
-5.59329
-5.59468
-5.59249
-5.59255
-5.59261
-5.59438
-5.59405
-5.59389
-5.59445
-5.59527
-5.59521
-5.59456
-5.59243
-5.59258
-5.59132
-5.59172
-5.59123
-5.59303
-5.59339
-5.59275
-5.59417
-5.59654
-5.59691
-5.59695
-5.59582
-5.59463
-5.5945
-5.59423
-5.59609
-5.59711
-5.59626
-5.59703
-5.5987
-5.59572
-5.59683
-5.59623
-5.59527
-5.59339
-5.59161
-5.59158
-5.59132
-5.59079
-5.58897
-5.59067
-5.58941
-5.59068
-5.59284
-5.5933
-5.59207
-5.58953
-5.58771
-5.58767
-5.58913
-5.59207
-5.59252
-5.59459
-5.59369
-5.59467
-5.59427
-5.5964
-5.59362
-5.59502
-5.59706
-5.59582
-5.59581
-5.59505
-5.59544
-5.59475
-5.59592
-5.59285
-5.59366
-5.59252
-5.59108
-5.58934
-5.58733
-5.58506
-5.58614
-5.58545
-5.584
-5.58507
-5.5854
-5.58656
-5.58746
-5.58962
-5.59262
-5.59415
-5.59415
-5.59521
-5.59478
-5.59517
-5.59257
-5.59256
-5.59227
-5.59368
-5.59518
-5.59479
-5.59415
-5.59576
-5.59405
-5.59153
-5.59464
-5.59303
-5.59295
-5.58967
-5.59138
-5.59166
-5.59121
-5.5897
-5.58937
-5.59051
-5.59014
-5.59078
-5.58978
-5.59197
-5.59179
-5.59376
-5.59299
-5.59113
-5.58951
-5.5901
-5.59032
-5.5924
-5.59278
-5.59246
-5.59115
-5.59215
-5.59096
-5.59084
-5.5908
-5.5886
-5.58777
-5.59021
-5.59227
-5.59516
-5.59366
-5.59334
-5.59174
-5.59228
-5.5915
-5.59103
-5.59009
-5.59207
-5.59452
-5.59378
-5.5947
-5.59543
-5.59287
-5.59196
-5.5908
-5.59097
-5.59208
-5.59275
-5.59295
-5.59045
-5.59015
-5.58857
-5.58938
-5.58682
-5.5871
-5.5873
-5.58902
-5.58931
-5.5907
-5.59242
-5.59467
-5.59476
-5.59403
-5.59355
-5.59437
-5.59427
-5.59549
-5.59668
-5.59453
-5.59453
-5.59699
-5.59544
-5.59442
-5.5936
-5.59527
-5.59429
-5.59231
-5.59071
-5.59115
-5.5911
-5.59061
-5.59103
-5.58913
-5.58843
-5.58946
-5.59044
-5.59291
-5.59424
-5.59385
-5.59662
-5.59771
-5.59547
-5.59473
-5.59552
-5.59495
-5.59733
-5.59783
-5.59675
-5.59664
-5.59777
-5.59819
-5.59792
-5.59606
-5.59655
-5.59583
-5.59612
-5.59738
-5.59475
-5.59183
-5.59093
-5.59083
-5.59213
-5.59186
-5.59056
-5.59144
-5.59058
-5.59025
-5.58882
-5.58857
-5.58957
-5.59033
-5.59295
-5.59136
-5.59264
-5.59247
-5.59419
-5.59601
-5.59684
-5.59731
-5.59716
-5.59453
-5.59473
-5.59494
-5.59393
-5.59268
-5.59149
-5.58679
-5.58505
-5.58274
-5.58314
-5.58375
-5.58462
-5.58384
-5.58492
-5.58968
-5.59013
-5.59165
-5.59225
-5.5946
-5.59395
-5.59427
-5.59333
-5.5924
-5.59147
-5.59117
-5.59216
-5.5925
-5.59384
-5.59395
-5.59673
-5.59628
-5.59544
-5.59443
-5.59711
-5.59571
-5.59321
-5.59364
-5.59223
-5.59035
-5.58832
-5.59092
-5.5897
-5.59075
-5.59179
-5.58996
-5.59211
-5.58989
-5.58943
-5.58931
-5.58935
-5.59135
-5.59333
-5.59478
-5.59492
-5.59232
-5.59288
-5.59359
-5.59527
-5.59551
-5.5946
-5.59454
-5.5938
-5.5931
-5.59123
-5.59151
-5.5905
-5.59184
-5.5932
-5.59397
-5.59441
-5.59467
-5.59447
-5.59599
-5.59586
-5.59425
-5.59219
-5.59259
-5.59172
-5.59206
-5.5929
-5.59166
-5.5913
-5.59255
-5.59486
-5.59505
-5.59443
-5.59493
-5.59517
-5.59442
-5.59486
-5.59451
-5.59145
-5.5925
-5.59091
-5.59226
-5.59173
-5.5904
-5.58797
-5.58959
-5.58874
-5.58792
-5.5887
-5.59042
-5.59171
-5.5906
-5.59417
-5.59399
-5.59495
-5.59388
-5.59376
-5.59047
-5.59089
-5.5902
-5.59098
-5.59187
-5.59081
-5.59221
-5.59144
-5.59014
-5.59035
-5.58895
-5.58766
-5.58852
-5.58964
-5.58905
-5.59056
-5.59212
-5.59325
-5.59548
-5.59521
-5.59278
-5.59211
-5.59228
-5.594
-5.59407
-5.59323
-5.58963
-5.59014
-5.5928
-5.5924
-5.59373
-5.59353
-5.59436
-5.59295
-5.59278
-5.59125
-5.59446
-5.59207
-5.59028
-5.59235
-5.59446
-5.59531
-5.59711
-5.5975
-5.59705
-5.59639
-5.59845
-5.59687
-5.59434
-5.59486
-5.59428
-5.59423
-5.59434
-5.59386
-5.59275
-5.59382
-5.59481
-5.59409
-5.59561
-5.59646
-5.59637
-5.59503
-5.5941
-5.59549
-5.59628
-5.59643
-5.59686
-5.59721
-5.59552
-5.59699
-5.59647
-5.5956
-5.59504
-5.59481
-5.59364
-5.59121
-5.58755
-5.58721
-5.58829
-5.58594
-5.58623
-5.58551
-5.58661
-5.42336
-5.42317
-5.4244
-5.42388
-5.42327
-5.42417
-5.42364
-5.42524
-5.42829
-5.42946
-5.43314
-5.43296
-5.43269
-5.43075
-5.42959
-5.42911
-5.42981
-5.43138
-5.43017
-5.43185
-5.4327
-5.43236
-5.43021
-5.42733
-5.42967
-5.42694
-5.42466
-5.42443
-5.42456
-5.42635
-5.42495
-5.42498
-5.4269
-5.42686
-5.42682
-5.42727
-5.42735
-5.43106
-5.4312
-5.42843
-5.42931
-5.42972
-5.43032
-5.43176
-5.42951
-5.42621
-5.42644
-5.42834
-5.43034
-5.43058
-5.42878
-5.42634
-5.42848
-5.42968
-5.43135
-5.43321
-5.43243
-5.43441
-5.4334
-5.43153
-5.43057
-5.43064
-5.43115
-5.43112
-5.43054
-5.42975
-5.42942
-5.43083
-5.42876
-5.42893
-5.4277
-5.42794
-5.42611
-5.42463
-5.4243
-5.42463
-5.4234
-5.42639
-5.42882
-5.42946
-5.42902
-5.43196
-5.43058
-5.42991
-5.42621
-5.42606
-5.42624
-5.42679
-5.42551
-5.42576
-5.4238
-5.42581
-5.4265
-5.42952
-5.42954
-5.43112
-5.43232
-5.43504
-5.43491
-5.43511
-5.43464
-5.43425
-5.43278
-5.43006
-5.43042
-5.42939
-5.43085
-5.42827
-5.4268
-5.42932
-5.42966
-5.4275
-5.42797
-5.42974
-5.4311
-5.43166
-5.43135
-5.42952
-5.42913
-5.42932
-5.42864
-5.43013
-5.42964
-5.42939
-5.42994
-5.42824
-5.43133
-5.43198
-5.4308
-5.43034
-5.4293
-5.43096
-5.43345
-5.43431
-5.4343
-5.43228
-5.42859
-5.42866
-5.42874
-5.42835
-5.42682
-5.42486
-5.4239
-5.42565
-5.42532
-5.42653
-5.42734
-5.42837
-5.4292
-5.42973
-5.4283
-5.42872
-5.4284
-5.43117
-5.43079
-5.43108
-5.43134
-5.43098
-5.43076
-5.42817
-5.42756
-5.42709
-5.42747
-5.42744
-5.42635
-5.42744
-5.42721
-5.42827
-5.42994
-5.43076
-5.43081
-5.43411
-5.43437
-5.4349
-5.43256
-5.43131
-5.43059
-5.4301
-5.43025
-5.42923
-5.42944
-5.42868
-5.42982
-5.43052
-5.43098
-5.43113
-5.42963
-5.42999
-5.43286
-5.43046
-5.42956
-5.4315
-5.42983
-5.43008
-5.42838
-5.4289
-5.42833
-5.42726
-5.42893
-5.42755
-5.42613
-5.42416
-5.42436
-5.42392
-5.42512
-5.42433
-5.42591
-5.42553
-5.42737
-5.42694
-5.42489
-5.42505
-5.42639
-5.42757
-5.42734
-5.42672
-5.42638
-5.42632
-5.42978
-5.43061
-5.42852
-5.42905
-5.42958
-5.42971
-5.42773
-5.42717
-5.42641
-5.42494
-5.42289
-5.42071
-5.41947
-5.41887
-5.41958
-5.41961
-5.42027
-5.42019
-5.42152
-5.4228
-5.42384
-5.42445
-5.4262
-5.42812
-5.42839
-5.4275
-5.42691
-5.42806
-5.4275
-5.42652
-5.42668
-5.42788
-5.42744
-5.42827
-5.4301
-5.4298
-5.4307
-5.43053
-5.43111
-5.43223
-5.43408
-5.43499
-5.43634
-5.43729
-5.43635
-5.43425
-5.43292
-5.4326
-5.43222
-5.4317
-5.43262
-5.42949
-5.42881
-5.42745
-5.42522
-5.42421
-5.42357
-5.42405
-5.425
-5.42696
-5.42776
-5.42873
-5.43059
-5.43259
-5.43314
-5.43172
-5.42978
-5.43036
-5.4297
-5.42724
-5.42823
-5.42946
-5.42795
-5.42781
-5.42661
-5.42842
-5.42801
-5.42899
-5.42901
-5.42705
-5.42687
-5.42847
-5.43036
-5.43161
-5.43204
-5.43082
-5.42945
-5.43087
-5.42753
-5.42685
-5.42581
-5.42513
-5.42635
-5.42577
-5.42551
-5.4274
-5.42916
-5.42986
-5.43054
-5.43129
-5.43183
-5.43173
-5.4321
-5.43209
-5.43108
-5.4312
-5.43074
-5.43019
-5.4306
-5.42968
-5.43095
-5.42987
-5.43026
-5.43166
-5.43193
-5.43413
-5.43592
-5.43576
-5.43579
-5.43363
-5.43332
-5.43271
-5.43046
-5.43162
-5.43209
-5.43299
-5.4323
-5.43201
-5.43154
-5.42941
-5.42766
-5.42735
-5.42595
-5.42409
-5.42498
-5.42561
-5.42361
-5.42342
-5.42275
-5.421
-5.42119
-5.42053
-5.42109
-5.42323
-5.42527
-5.42672
-5.42737
-5.4277
-5.42924
-5.4291
-5.42936
-5.4302
-5.42888
-5.4297
-5.42815
-5.42741
-5.4271
-5.42591
-5.4277
-5.42662
-5.42623
-5.42719
-5.4282
-5.42827
-5.42896
-5.4315
-5.43068
-5.43039
-5.43037
-5.43295
-5.43294
-5.43189
-5.43459
-5.43449
-5.43229
-5.43131
-5.43099
-5.43176
-5.43138
-5.43153
-5.43029
-5.4286
-5.42928
-5.42899
-5.4293
-5.4315
-5.43145
-5.43145
-5.43145
-5.43199
-5.43365
-5.43212
-5.43129
-5.43057
-5.42946
-5.42878
-5.42679
-5.42591
-5.42423
-5.4246
-5.42618
-5.42871
-5.42969
-5.43186
-5.4329
-5.4306
-5.42928
-5.4297
-5.4304
-5.43083
-5.43206
-5.43156
-5.43003
-5.42745
-5.42607
-5.42583
-5.42568
-5.42427
-5.42512
-5.42628
-5.42645
-5.42719
-5.42878
-5.4282
-5.42796
-5.42769
-5.4268
-5.42801
-5.42607
-5.42896
-5.42816
-5.42924
-5.42856
-5.43104
-5.42862
-5.43007
-5.43169
-5.43153
-5.43097
-5.43014
-5.42985
-5.42896
-5.42827
-5.42721
-5.4307
-5.42965
-5.43047
-5.43111
-5.43114
-5.43366
-5.43372
-5.43164
-5.43164
-5.43187
-5.43538
-5.43551
-5.43686
-5.43709
-5.43799
-5.43677
-5.43556
-5.43693
-5.43771
-5.43607
-5.43575
-5.43522
-5.43681
-5.43593
-5.43347
-5.43381
-5.43263
-5.42955
-5.42785
-5.42574
-5.4231
-5.42146
-5.42071
-5.42064
-5.42149
-5.42402
-5.42604
-5.42864
-5.4304
-5.42896
-5.42884
-5.43098
-5.42921
-5.43032
-5.42881
-5.42799
-5.42601
-5.42593
-5.42624
-5.4264
-5.4242
-5.4245
-5.42469
-5.42701
-5.42919
-5.43026
-5.42984
-5.43144
-5.4317
-5.42894
-5.42633
-5.42609
-5.4276
-5.42858
-5.43005
-5.42947
-5.42694
-5.42606
-5.42788
-5.42952
-5.43001
-5.42966
-5.43008
-5.43094
-5.42996
-5.43104
-5.4329
-5.43229
-5.43338
-5.43475
-5.43336
-5.43329
-5.43349
-5.43236
-5.43293
-5.4312
-5.42866
-5.42804
-5.42577
-5.42825
-5.42692
-5.42912
-5.42995
-5.43068
-5.42968
-5.42984
-5.4289
-5.42917
-5.42974
-5.42836
-5.42896
-5.42732
-5.42862
-5.42669
-5.4251
-5.42548
-5.42407
-5.42325
-5.42346
-5.42541
-5.4284
-5.43123
-5.43137
-5.43307
-5.43295
-5.43228
-5.43248
-5.43143
-5.43056
-5.42967
-5.43178
-5.43402
-5.4345
-5.43253
-5.43062
-5.43032
-5.4313
-5.43103
-5.43121
-5.42929
-5.4301
-5.4281
-5.42841
-5.42807
-5.42897
-5.42879
-5.43081
-5.43129
-5.43233
-5.43493
-5.43702
-5.43772
-5.4362
-5.43629
-5.43636
-5.43389
-5.43384
-5.43306
-5.43172
-5.43023
-5.43189
-5.43247
-5.42994
-5.42777
-5.4291
-5.43004
-5.42902
-5.429
-5.431
-5.4318
-5.43137
-5.43289
-5.43245
-5.4336
-5.43277
-5.43388
-5.43048
-5.42968
-5.43107
-5.43389
-5.43288
-5.43197
-5.43291
-5.43333
-5.43246
-5.4308
-5.43154
-5.43482
-5.43584
-5.43697
-5.4371
-5.43783
-5.43823
-5.43548
-5.43228
-5.4349
-5.43566
-5.43557
-5.43293
-5.43027
-5.42914
-5.42829
-5.42789
-5.42755
-5.4271
-5.42711
-5.42826
-5.42933
-5.43052
-5.43183
-5.4329
-5.43693
-5.43585
-5.43716
-5.43769
-5.43814
-5.43559
-5.43457
-5.43407
-5.43153
-5.43283
-5.43131
-5.4307
-5.43019
-5.42919
-5.43115
-5.42995
-5.42796
-5.42831
-5.42943
-5.42889
-5.42812
-5.42812
-5.42792
-5.4297
-5.43211
-5.4328
-5.43364
-5.43296
-5.43173
-5.43292
-5.43148
-5.43338
-5.43448
-5.43349
-5.432
-5.43126
-5.43127
-5.43136
-5.43085
-5.43062
-5.43347
-5.43508
-5.43411
-5.43413
-5.43293
-5.43129
-5.42966
-5.42814
-5.42749
-5.42709
-5.42631
-5.42835
-5.42768
-5.42623
-5.42726
-5.4282
-5.42876
-5.42978
-5.42963
-5.43186
-5.43318
-5.43534
-5.43372
-5.43269
-5.42909
-5.4298
-5.4274
-5.42713
-5.42644
-5.42886
-5.42971
-5.42916
-5.43072
-5.4302
-5.43226
-5.43188
-5.43114
-5.4304
-5.43122
-5.43442
-5.43584
-5.43515
-5.4345
-5.43133
-5.43038
-5.42802
-5.42713
-5.42632
-5.42706
-5.42876
-5.42902
-5.43118
-5.43141
-5.43111
-5.4324
-5.43463
-5.43657
-5.43415
-5.43461
-5.43377
-5.43161
-5.43358
-5.4319
-5.43307
-5.43006
-5.4297
-5.42878
-5.42854
-5.43057
-5.43028
-5.43094
-5.42876
-5.43041
-5.43079
-5.4334
-5.43321
-5.43223
-5.42962
-5.42663
-5.42597
-5.42525
-5.4256
-5.42833
-5.42592
-5.42636
-5.42599
-5.42516
-5.42397
-5.42158
-5.42204
-5.42414
-5.425
-5.42814
-5.42795
-5.43074
-5.43375
-5.43292
-5.43241
-5.43254
-5.43278
-5.43032
-5.42878
-5.4291
-5.42864
-5.42796
-5.42898
-5.42853
-5.42806
-5.42778
-5.42822
-5.42662
-5.42657
-5.42701
-5.43059
-5.43185
-5.43383
-5.43442
-5.43322
-5.43344
-5.43194
-5.43109
-5.42884
-5.4261
-5.42403
-5.42366
-5.42171
-5.42392
-5.42503
-5.42465
-5.42662
-5.42925
-5.43018
-5.4297
-5.43138
-5.43301
-5.43203
-5.43136
-5.43286
-5.43224
-5.43041
-5.42864
-5.42735
-5.42893
-5.42929
-5.42883
-5.43046
-5.43027
-5.43081
-5.43011
-5.43009
-5.4288
-5.42948
-5.42928
-5.42725
-5.42668
-5.42759
-5.42963
-5.43107
-5.43274
-5.43288
-5.43238
-5.43191
-5.43187
-5.43105
-5.42925
-5.42914
-5.43112
-5.42935
-5.42862
-5.42813
-5.42713
-5.42687
-5.42742
-5.42603
-5.42417
-5.42358
-5.42499
-5.42616
-5.42772
-5.42921
-5.4301
-5.4291
-5.42949
-5.43152
-5.43176
-5.43024
-5.42888
-5.42946
-5.42877
-5.42961
-5.4315
-5.43142
-5.42932
-5.42749
-5.43121
-5.43085
-5.4309
-5.43228
-5.43324
-5.43176
-5.43142
-5.43032
-5.43076
-5.42756
-5.42845
-5.42986
-5.42959
-5.42843
-5.43008
-5.4301
-5.42979
-5.43065
-5.42859
-5.42957
-5.43093
-5.43144
-5.43447
-5.43429
-5.43482
-5.43408
-5.43299
-5.43156
-5.43074
-5.43249
-5.42944
-5.42973
-5.42923
-5.4302
-5.43028
-5.43094
-5.43005
-5.43011
-5.43015
-5.42645
-5.42575
-5.42438
-5.42477
-5.42364
-5.42633
-5.42717
-5.4273
-5.42963
-5.43186
-5.43071
-5.42997
-5.43123
-5.42904
-5.42963
-5.42952
-5.43033
-5.42886
-5.42675
-5.42698
-5.42706
-5.42993
-5.43072
-5.428
-5.4265
-5.42488
-5.42443
-5.42552
-5.425
-5.42549
-5.42412
-5.42513
-5.4253
-5.42462
-5.42626
-5.42789
-5.42781
-5.43025
-5.43006
-5.43115
-5.43153
-5.43311
-5.43357
-5.43163
-5.43186
-5.43144
-5.43012
-5.43089
-5.4286
-5.42715
-5.42879
-5.43047
-5.42944
-5.42881
-5.42822
-5.42874
-5.42895
-5.42972
-5.42925
-5.43212
-5.4311
-5.43381
-5.43419
-5.43596
-5.46447
-5.46592
-5.46472
-5.46424
-5.46652
-5.46485
-5.4651
-5.46469
-5.46103
-5.46155
-5.45783
-5.45703
-5.45564
-5.45573
-5.4561
-5.45421
-5.45618
-5.4561
-5.45808
-5.45877
-5.4591
-5.45936
-5.4586
-5.45973
-5.46113
-5.4618
-5.46234
-5.46144
-5.46397
-5.46318
-5.46436
-5.46339
-5.46389
-5.46616
-5.4659
-5.46588
-5.46535
-5.46457
-5.46484
-5.46588
-5.46517
-5.46538
-5.46563
-5.46345
-5.46187
-5.46193
-5.46035
-5.45968
-5.46044
-5.45994
-5.46289
-5.4604
-5.45981
-5.45916
-5.46077
-5.46028
-5.45888
-5.45608
-5.45585
-5.45617
-5.45594
-5.45533
-5.45519
-5.45483
-5.45333
-5.45307
-5.45391
-5.45509
-5.45611
-5.45731
-5.45758
-5.4573
-5.46107
-5.46255
-5.46394
-5.4614
-5.46273
-5.46123
-5.46119
-5.46013
-5.45913
-5.45667
-5.45669
-5.45596
-5.45412
-5.45399
-5.45616
-5.45866
-5.45921
-5.46045
-5.46306
-5.46217
-5.46192
-5.46222
-5.46232
-5.46349
-5.46086
-5.46194
-5.46227
-5.46323
-5.46329
-5.46218
-5.46182
-5.46058
-5.45875
-5.45991
-5.45992
-5.45944
-5.45751
-5.45835
-5.45905
-5.45732
-5.45729
-5.45722
-5.45853
-5.46106
-5.45889
-5.45885
-5.4608
-5.45978
-5.4579
-5.45563
-5.45883
-5.45778
-5.45761
-5.45863
-5.45786
-5.45883
-5.46085
-5.46023
-5.45844
-5.45727
-5.45804
-5.45823
-5.45924
-5.45728
-5.45625
-5.45713
-5.45708
-5.45594
-5.45654
-5.45806
-5.45861
-5.45868
-5.45833
-5.45901
-5.46039
-5.45941
-5.46062
-5.46199
-5.46273
-5.46174
-5.46278
-5.4629
-5.46275
-5.46368
-5.46283
-5.46319
-5.46287
-5.45994
-5.4606
-5.45846
-5.45814
-5.45809
-5.45857
-5.45655
-5.4551
-5.45642
-5.45668
-5.45565
-5.45665
-5.4568
-5.45604
-5.45754
-5.45966
-5.45919
-5.45715
-5.45711
-5.45866
-5.46036
-5.45916
-5.4586
-5.45819
-5.45686
-5.4561
-5.45535
-5.45485
-5.45635
-5.45781
-5.45765
-5.45822
-5.4599
-5.46161
-5.46353
-5.46236
-5.46104
-5.46161
-5.46259
-5.46342
-5.4631
-5.46246
-5.46165
-5.45892
-5.4585
-5.45694
-5.45634
-5.4588
-5.45825
-5.45959
-5.45954
-5.45903
-5.4599
-5.46108
-5.4615
-5.4627
-5.46243
-5.46169
-5.4605
-5.45849
-5.45958
-5.45868
-5.45889
-5.46005
-5.46026
-5.46202
-5.46445
-5.4653
-5.46409
-5.46349
-5.46318
-5.46192
-5.46118
-5.46147
-5.46182
-5.46133
-5.46344
-5.46304
-5.46091
-5.45976
-5.45933
-5.46129
-5.46304
-5.46395
-5.4646
-5.46586
-5.46665
-5.46558
-5.46197
-5.46137
-5.46
-5.45831
-5.4577
-5.4576
-5.45768
-5.45758
-5.45887
-5.4583
-5.45818
-5.45692
-5.45875
-5.45811
-5.4575
-5.45613
-5.45779
-5.45724
-5.45613
-5.45745
-5.45649
-5.45662
-5.45632
-5.45488
-5.45703
-5.45614
-5.45764
-5.4593
-5.45998
-5.4592
-5.45906
-5.45928
-5.46235
-5.46446
-5.46536
-5.46555
-5.46302
-5.46335
-5.46081
-5.46205
-5.46174
-5.46071
-5.45651
-5.46047
-5.46082
-5.46157
-5.45931
-5.46013
-5.45792
-5.456
-5.45575
-5.4572
-5.45964
-5.46104
-5.46097
-5.46134
-5.46248
-5.46258
-5.46016
-5.46088
-5.46
-5.46044
-5.45888
-5.46133
-5.46282
-5.46325
-5.46088
-5.45921
-5.45918
-5.45958
-5.4589
-5.45723
-5.45849
-5.45746
-5.45896
-5.45547
-5.45409
-5.45488
-5.45185
-5.4549
-5.45419
-5.45374
-5.45551
-5.45705
-5.45939
-5.46282
-5.4655
-5.46662
-5.46618
-5.46391
-5.46448
-5.45959
-5.45944
-5.45932
-5.45811
-5.45504
-5.45511
-5.45383
-5.45299
-5.45585
-5.45832
-5.45769
-5.45844
-5.45992
-5.46055
-5.46262
-5.46266
-5.46266
-5.46138
-5.46177
-5.46286
-5.46178
-5.45954
-5.46005
-5.45685
-5.45864
-5.45886
-5.4597
-5.45912
-5.46128
-5.46062
-5.4617
-5.46099
-5.45924
-5.45883
-5.4576
-5.45752
-5.45828
-5.46013
-5.45981
-5.4592
-5.4602
-5.46017
-5.45971
-5.46068
-5.46075
-5.4622
-5.45957
-5.45748
-5.45671
-5.45678
-5.45711
-5.46001
-5.46025
-5.46258
-5.46171
-5.46013
-5.46007
-5.46184
-5.46225
-5.46199
-5.46142
-5.45927
-5.45777
-5.45847
-5.45743
-5.45719
-5.4575
-5.45684
-5.45508
-5.45656
-5.45713
-5.45668
-5.45631
-5.45708
-5.4569
-5.45837
-5.459
-5.46085
-5.46267
-5.46252
-5.46322
-5.46601
-5.46534
-5.46478
-5.46572
-5.46346
-5.46104
-5.45826
-5.45937
-5.45687
-5.4578
-5.45591
-5.45565
-5.45477
-5.45554
-5.45605
-5.45791
-5.45785
-5.45936
-5.46304
-5.46427
-5.46467
-5.4613
-5.46294
-5.4635
-5.46465
-5.46293
-5.46231
-5.46032
-5.45897
-5.45917
-5.45913
-5.4609
-5.45943
-5.46076
-5.46135
-5.46005
-5.45967
-5.46048
-5.45855
-5.46019
-5.46014
-5.4565
-5.45825
-5.45902
-5.45976
-5.4593
-5.4596
-5.4599
-5.4591
-5.45755
-5.45546
-5.4557
-5.45529
-5.45412
-5.45327
-5.45495
-5.45514
-5.45389
-5.45611
-5.45801
-5.45923
-5.45979
-5.46207
-5.46003
-5.46312
-5.46328
-5.46278
-5.4642
-5.46529
-5.46382
-5.46466
-5.46679
-5.46462
-5.46227
-5.46171
-5.46176
-5.45997
-5.46067
-5.46134
-5.46134
-5.4613
-5.46211
-5.46298
-5.46146
-5.46056
-5.46278
-5.46164
-5.46345
-5.46162
-5.45894
-5.45947
-5.45972
-5.45968
-5.46245
-5.46399
-5.46154
-5.46244
-5.46246
-5.46329
-5.46441
-5.46235
-5.46066
-5.45992
-5.46044
-5.45905
-5.45748
-5.45747
-5.45741
-5.46007
-5.46232
-5.46235
-5.46302
-5.46599
-5.46583
-5.46615
-5.46377
-5.46263
-5.46187
-5.46035
-5.45851
-5.45734
-5.45705
-5.45747
-5.45776
-5.45785
-5.45939
-5.45957
-5.45914
-5.45847
-5.45592
-5.45405
-5.45447
-5.45592
-5.45584
-5.45785
-5.45581
-5.45776
-5.45716
-5.45845
-5.46058
-5.46057
-5.45967
-5.46077
-5.45996
-5.45956
-5.45838
-5.45754
-5.45881
-5.46063
-5.46167
-5.46148
-5.46231
-5.46154
-5.46244
-5.46017
-5.45991
-5.45903
-5.45919
-5.45845
-5.46006
-5.45885
-5.45638
-5.45809
-5.45946
-5.46085
-5.45971
-5.46216
-5.46381
-5.46383
-5.46215
-5.46148
-5.45748
-5.45843
-5.45862
-5.45902
-5.45923
-5.45852
-5.46069
-5.45926
-5.45716
-5.45833
-5.45862
-5.45679
-5.45709
-5.45783
-5.45699
-5.45871
-5.46032
-5.45889
-5.46027
-5.46129
-5.46199
-5.46307
-5.46285
-5.46188
-5.46265
-5.46125
-5.46132
-5.45914
-5.45779
-5.45936
-5.45936
-5.46061
-5.45905
-5.4606
-5.46058
-5.45954
-5.46107
-5.46136
-5.45858
-5.45613
-5.45644
-5.45541
-5.45313
-5.45546
-5.45683
-5.45941
-5.4595
-5.46372
-5.4638
-5.46509
-5.46397
-5.46176
-5.4596
-5.45928
-5.45648
-5.45718
-5.45754
-5.4585
-5.45772
-5.45865
-5.45793
-5.45905
-5.46067
-5.46221
-5.46373
-5.46273
-5.46216
-5.46136
-5.46026
-5.4601
-5.45956
-5.45961
-5.46026
-5.46119
-5.46211
-5.46269
-5.46228
-5.46021
-5.46201
-5.46158
-5.45998
-5.45985
-5.46119
-5.46105
-5.45999
-5.45791
-5.46058
-5.46049
-5.4596
-5.4605
-5.46094
-5.45962
-5.46011
-5.45889
-5.45958
-5.45774
-5.45766
-5.45813
-5.45982
-5.4608
-5.46102
-5.46165
-5.46121
-5.46467
-5.46416
-5.46293
-5.45987
-5.46007
-5.45787
-5.45728
-5.45733
-5.45798
-5.45947
-5.45844
-5.45834
-5.45713
-5.45668
-5.45728
-5.45699
-5.45526
-5.45454
-5.456
-5.45888
-5.45931
-5.45968
-5.46088
-5.46194
-5.46371
-5.46371
-5.46219
-5.46268
-5.4648
-5.46446
-5.46557
-5.46629
-5.46601
-5.46606
-5.46465
-5.46469
-5.46208
-5.46124
-5.45822
-5.4591
-5.45923
-5.45861
-5.45871
-5.46087
-5.46132
-5.46223
-5.46392
-5.4638
-5.46219
-5.46494
-5.46596
-5.465
-5.46347
-5.46402
-5.46415
-5.46291
-5.46315
-5.4644
-5.46324
-5.46537
-5.46752
-5.46778
-5.46654
-5.46453
-5.46148
-5.46003
-5.46027
-5.46067
-5.45943
-5.45889
-5.45902
-5.45933
-5.4593
-5.46167
-5.46092
-5.46072
-5.46154
-5.46123
-5.46076
-5.46097
-5.46334
-5.46451
-5.46347
-5.4635
-5.46238
-5.4618
-5.46149
-5.45828
-5.45613
-5.45712
-5.45521
-5.45659
-5.45726
-5.45865
-5.4596
-5.45904
-5.46118
-5.46216
-5.46462
-5.4634
-5.46081
-5.45978
-5.45844
-5.46042
-5.46094
-5.46097
-5.4621
-5.46104
-5.46093
-5.46042
-5.46141
-5.46064
-5.46104
-5.45521
-5.45743
-5.45709
-5.45588
-5.4545
-5.45357
-5.45664
-5.45653
-5.45584
-5.45778
-5.46004
-5.45863
-5.45672
-5.45981
-5.4602
-5.46029
-5.46116
-5.4593
-5.45859
-5.45702
-5.45643
-5.45674
-5.45691
-5.45818
-5.4573
-5.4556
-5.45509
-5.45488
-5.45477
-5.4532
-5.4544
-5.45672
-5.4582
-5.4585
-5.45859
-5.45978
-5.4614
-5.45984
-5.46085
-5.46144
-5.46156
-5.46111
-5.46197
-5.46155
-5.46019
-5.45866
-5.45996
-5.45998
-5.45746
-5.45829
-5.45833
-5.45665
-5.45625
-5.45584
-5.45539
-5.4561
-5.45594
-5.45671
-5.4603
-5.45952
-5.46084
-5.45974
-5.45879
-5.46094
-5.4617
-5.46113
-5.46158
-5.46276
-5.46173
-5.46202
-5.46265
-5.46365
-5.4628
-5.4637
-5.4617
-5.46378
-5.4601
-5.45841
-5.45849
-5.45754
-5.45667
-5.45601
-5.45631
-5.45692
-5.45808
-5.46124
-5.46263
-5.46475
-5.46631
-5.46316
-5.46126
-5.46199
-5.46215
-5.46238
-5.46359
-5.46349
-5.46177
-5.46303
-5.46247
-5.46012
-5.45948
-5.46042
-5.4609
-5.46088
-5.45973
-5.45847
-5.45748
-5.45584
-5.45556
-5.45476
-5.45512
-5.45863
-5.45846
-5.45875
-5.4607
-5.46094
-5.4613
-5.46047
-5.46074
-5.46087
-5.46126
-5.461
-5.45976
-5.45917
-5.46084
-5.4603
-5.45985
-5.45792
-5.45935
-5.45923
-5.45881
-5.45643
-5.45463
-5.45405
-5.45436
-5.45586
-5.45402
-5.45497
-5.45585
-5.45701
-5.4575
-5.45606
-5.45568
-5.4561
-5.45552
-5.45662
-5.46008
-5.46225
-5.46263
-5.46353
-5.46408
-5.46348
-5.46524
-5.46426
-5.46292
-5.46332
-5.46107
-5.46085
-5.46023
-5.4599
-5.45923
-5.46015
-5.45877
-5.45864
-5.45836
-5.46136
-5.46165
-5.46344
-5.46004
-5.46059
-5.46187
-5.46117
-5.46253
-5.46222
-5.46177
-5.46023
-5.45775
-5.45682
-5.45579
-5.4552
-5.45651
-5.45809
-5.45653
-5.45738
-5.45776
-5.46134
-5.46289
-5.4631
-5.46464
-5.46372
-5.46212
-5.46284
-5.4618
-5.45968
