0.469844   0.484435   -0.49534
-0.370297   -0.362829   -0.485913
0.498879   -0.302875   -0.325746
-0.349497   0.499729   -0.327795
-0.176476   0.485915   -0.491139
-0.0210209   -0.331162   -0.493353
-0.194315   -0.33578   -0.339029
-0.00878509   -0.499734   -0.333642
0.14077   0.484736   0.488611
0.337504   -0.331964   -0.495308
0.160801   -0.332632   -0.330362
0.310335   0.498485   -0.350912
0.474631   -0.139166   -0.489072
-0.308553   0.00830095   0.49912
0.485235   0.0184486   -0.325971
-0.325033   -0.155272   -0.32933
-0.205619   -0.182717   0.499331
-0.0182235   0.0124195   0.497766
-0.157408   -0.0129881   -0.329699
-0.00677573   -0.16909   -0.329255
0.172415   -0.170865   0.496188
0.32811   0.00194776   0.454046
0.149408   0.003628   -0.319158
0.323595   -0.134496   -0.311494
0.491789   0.177658   0.486986
-0.335259   0.313897   -0.477604
0.469289   0.320773   -0.331555
-0.344782   0.159841   -0.318948
-0.173066   0.153835   0.488345
-0.01956   0.338664   -0.489062
-0.193029   0.328439   -0.335188
0.00415073   0.168132   -0.346813
0.149111   0.174586   0.483682
0.303893   0.320025   0.498268
0.147592   0.32702   -0.334062
0.301466   0.167221   -0.32882
0.486917   -0.476524   -0.198939
-0.332692   -0.333135   -0.171017
0.474508   -0.338945   -0.0323171
-0.350782   -0.469075   -0.0102004
-0.196174   -0.49052   -0.175967
-0.0279217   -0.34808   -0.185892
-0.163858   -0.347251   -0.0073005
0.018103   0.468614   0.00489509
0.170809   0.490847   -0.177964
0.33096   -0.324295   -0.184601
0.155333   -0.355867   0.0103881
0.319015   -0.499871   -0.00639049
0.496454   -0.147503   -0.184952
-0.353672   0.0104121   -0.167617
-0.497528   -0.0327969   0.00118139
-0.340812   -0.168616   -0.0245234
-0.139967   -0.18308   -0.160966
0.012101   -0.00152789   -0.156966
-0.179854   -0.00529112   -0.0177684
-0.0109376   -0.168942   0.00939638
0.149529   -0.191621   -0.155541
0.349545   0.00331257   -0.147541
0.165223   -0.00915054   0.00576225
0.334174   -0.180463   -0.0117282
0.481985   0.164486   -0.160451
-0.354616   0.346966   -0.182257
0.493912   0.334151   -0.0185241
-0.31595   0.168858   -0.0265846
-0.169288   0.164994   -0.179178
0.0116807   0.307447   -0.160865
-0.173636   0.345333   -0.0187099
-0.00440938   0.159399   -0.00852663
0.163861   0.160452   -0.157793
0.320744   0.344747   -0.182422
0.175075   0.336458   0.00764057
0.330649   0.161423   0.00274098
0.492248   -0.493018   0.183836
-0.342905   -0.324621   0.177491
0.483418   -0.30149   0.351809
-0.386892   -0.486699   0.346526
-0.193411   -0.481992   0.173483
-0.000719828   -0.352641   0.168713
-0.198511   -0.336767   0.337996
0.00829469   0.489493   0.303404
0.164799   0.489321   0.156022
0.329862   -0.337503   0.174829
0.163828   -0.337995   0.344327
0.323128   0.497857   0.329533
-0.497634   -0.188635   0.153691
-0.343728   -0.0194852   0.132868
-0.496407   0.0021175   0.344224
-0.352853   -0.161468   0.327478
-0.183804   -0.174049   0.161902
-0.0136347   0.00421371   0.152887
-0.178604   -0.00645553   0.30712
-0.0387386   -0.163331   0.346578
0.159066   -0.188897   0.150122
0.350781   -0.000504019   0.158542
0.158172   -0.00223675   0.282772
0.309855   -0.16835   0.316663
-0.488748   0.165752   0.128896
-0.323387   0.322076   0.132921
0.499143   0.31263   0.328324
-0.330905   0.140716   0.305209
-0.180004   0.171938   0.144037
0.00646445   0.316162   0.18087
-0.184499   0.313591   0.314773
-0.0275474   0.161149   0.323352
0.161703   0.177996   0.151193
0.357638   0.334078   0.146756
0.167279   0.336453   0.328697
0.326663   0.177806   0.298293
