1.38823
1.34832
1.28183
1.19068
1.0783
0.950365
0.81517
0.683422
0.566963
0.476361
0.418331
0.394076
0.399412
0.426507
0.466156
0.509725
0.550343
0.583335
0.606167
0.618129
0.619916
0.613255
0.600519
0.584377
0.567539
0.552462
0.541265
0.535731
0.537292
0.546956
0.565142
0.591449
0.62443
0.661611
0.699835
0.735805
0.766688
0.790459
0.806124
0.813751
0.814418
0.809919
0.802364
0.793852
0.785957
0.77952
0.774618
0.770781
0.76729
0.763509
0.758975
0.753431
0.746776
0.739081
0.730606
0.721787
0.713358
0.706295
0.701715
0.700572
0.70341
0.709976
0.719241
0.729741
0.74009
0.749464
0.757688
0.764987
0.771597
0.777394
0.781987
0.784867
0.785752
0.784635
0.781805
0.777623
0.772421
0.76628
0.759067
0.750696
0.741508
0.732379
0.724593
0.719411
0.717294
0.717514
0.718429
0.718081
0.714871
0.707937
0.697293
0.68383
0.66915
0.655226
0.643915
0.63658
0.63396
0.636147
0.642724
0.652904
0.665509
0.679003
0.691489
0.701005
0.705853
0.704935
0.698048
0.68596
0.670323
0.653465
0.638056
0.626833
0.622127
0.625415
0.637194
0.656819
0.682717
0.712615
0.743915
0.773991
0.800502
0.821673
0.836422
0.84447
0.846325
0.843124
0.836417
0.827943
0.819147
0.810797
0.802779
0.79429
0.784457
0.772919
0.760102
0.746951
0.734341
0.722645
0.711848
0.701885
0.692788
0.684634
0.677431
0.671164
0.665828
0.661752
0.659566
0.660076
0.663883
0.671108
0.681281
0.693542
0.706919
0.720577
0.733873
0.746216
0.756967
0.765208
0.769756
0.769412
0.763383
0.751879
0.736455
0.719823
0.705108
0.69457
0.688601
0.685838
0.684452
0.683454
0.683106
0.684415
0.688347
0.69515
0.704212
0.714394
0.724593
0.733957
0.741938
0.748097
0.752102
0.753858
0.753625
0.752015
0.750024
0.748709
0.748892
0.750833
0.754168
0.757984
0.761208
0.762984
0.762885
0.761018
0.75779
0.753523
0.748462
0.742895
0.737288
0.732208
0.728226
0.725647
0.72454
0.724682
0.725578
0.726563
0.727075
0.726799
0.725777
0.72429
0.722809
0.721981
0.722282
0.723865
0.726582
0.729917
0.733201
0.735883
0.737727
0.738829
0.739603
0.740427
0.741209
0.741275
0.739516
0.734981
0.727414
0.717377
0.706337
0.69625
0.68899
0.685801
0.68695
0.691673
0.69842
0.705335
0.710593
0.712887
0.711523
0.706499
0.69841
0.688328
0.677712
0.668266
0.661891
0.660333
0.664782
0.675473
0.691479
0.710967
0.731642
0.751326
0.768362
0.781733
0.790943
0.795987
0.797175
0.794947
0.789845
0.782532
0.773656
0.763946
0.754034
0.744482
0.735541
0.727218
0.71943
0.712265
0.706286
0.702642
0.702688
0.707363
0.716439
0.728263
0.74014
0.749264
0.753668
0.752831
0.74779
0.740719
0.73412
0.729847
0.728664
0.730027
0.732568
0.734748
0.735432
0.734252
0.731622
0.728374
0.725317
0.722784
0.720548
0.718094
0.715068
0.71164
0.708602
0.707148
0.708334
0.712454
0.71861
0.725078
0.730054
0.732202
0.730948
0.726469
0.719509
0.711025
0.701925
0.692901
0.684457
0.677017
0.671038
0.666999
0.665377
0.66664
0.67106
0.678522
0.688568
0.700527
0.713636
0.727118
0.74004
0.751338
0.759775
0.764201
0.76399
0.759414
0.751813
0.743124
0.735207
0.729316
0.725875
0.724813
0.72582
0.728484
0.732385
0.737099
0.742172
0.747056
0.751128
0.753616
0.753672
0.750489
0.743708
0.733586
0.721138
0.707986
0.695966
0.686671
0.681112
0.679499
0.681288
0.685339
0.690234
0.694638
0.697779
0.699658
0.70075
0.701621
0.70257
0.703636
0.704917
0.706832
0.710058
0.715152
0.722236
0.730755
0.739532
0.747175
0.752542
0.754977
0.75433
0.7508
0.744742
0.73674
0.727965
0.720382
0.716182
0.716525
0.720844
0.727365
0.734314
0.740695
0.746274
0.751313
0.756208
0.761319
0.76662
0.771568
0.775287
0.776826
0.775543
0.771169
0.763564
0.75273
0.738901
0.722782
0.705766
0.689794
0.676902
0.668696
0.665937
0.668622
0.676201
0.687646
0.701694
0.716707
0.730745
0.741936
0.749043
0.751863
0.751191
0.748235
0.74388
0.738475
0.732092
0.724989
0.717659
0.710774
0.705001
0.70088
0.698801
0.699034
0.701613
0.7062
0.712073
0.718234
0.72361
0.727301
0.728873
0.728299
0.725955
0.722522
0.718699
0.714875
0.711225
0.707687
0.704196
0.700791
0.697691
0.695195
0.693563
0.692991
0.693512
0.695052
0.697531
0.700864
0.70502
0.710025
0.715946
0.722783
0.73037
0.738155
0.745203
0.75027
0.752104
0.749638
0.742352
0.730549
0.715363
0.698806
0.683385
0.671677
0.665822
0.667083
0.675485
0.689842
0.708117
0.727914
0.747123
0.76436
0.779124
0.791519
0.801732
0.809693
0.815015
0.817109
0.815623
0.810596
0.802363
0.791447
0.778519
0.764238
0.749287
0.734268
0.719808
0.706446
0.694629
0.684884
0.677944
0.674865
0.676775
0.684152
0.696197
0.710568
0.724058
0.733625
0.737335
0.734705
0.726594
0.714739
0.701385
0.688886
0.679343
0.674433
0.675279
0.682131
0.694184
0.709524
0.725485
0.739166
0.748025
0.750519
0.746496
0.737613
0.727079
0.718572
0.714467
0.714798
0.718138
0.723038
0.728619
0.734487
0.740259
0.745421
0.749413
0.751921
0.752632
0.751147
0.746878
0.739467
0.729437
0.718446
0.709128
0.704063
0.704871
0.711574
0.722604
0.735396
0.74725
0.755848
0.75969
0.758099
0.751204
0.739953
0.726093
0.712062
0.700605
0.694157
0.694053
0.699999
0.710304
0.722707
0.735099
0.746027
0.754705
0.760962
0.765055
0.76756
0.76911
0.770138
0.770672
0.770394
0.768858
0.765696
0.760719
0.75387
0.745121
0.734364
0.721638
0.707458
0.693179
0.680965
0.673242
0.671619
0.676074
0.684913
0.695418
0.704799
0.710756
0.71183
0.707495
0.69831
0.686013
0.67332
0.663336
0.658609
0.660475
0.668848
0.682656
0.700486
0.720906
0.742486
0.763725
0.783
0.798661
0.809357
0.814271
0.813302
0.807199
0.797317
0.78528
0.772616
0.760536
0.749787
0.740697
0.732972
0.725876
0.718412
0.70964
0.69915
0.687268
0.675084
0.664196
0.656232
0.652361
0.653054
0.658144
0.667062
0.679253
0.694151
0.711067
0.72893
0.746079
0.760539
0.770318
0.773881
0.770467
0.760319
0.744719
0.725692
0.705653
0.687047
0.671978
0.662005
0.65795
0.659884
0.667257
0.678961
0.693728
0.710379
0.727877
0.745353
0.762021
0.776992
0.789349
0.7983
0.803378
0.804625
0.802601
0.798273
0.79273
0.786986
0.781689
0.776787
0.771488
0.764556
0.754706
0.741057
0.723484
0.702767
0.680601
0.659456
0.642086
0.630833
0.626905
0.630056
0.638848
0.651293
0.665491
0.67997
0.693904
0.707117
0.719887
0.732589
0.745344
0.757661
0.768455
0.776407
0.780439
0.780183
0.776053
0.76913
0.760882
0.752651
0.745501
0.740211
0.737351
0.73726
0.740119
0.745774
0.753411
0.761476
0.767913
0.77083
0.769093
0.762437
0.751576
0.738052
0.723893
0.711225
0.701724
0.696385
0.695406
0.69827
0.703944
0.711104
0.718337
0.724424
0.728386
0.72952
0.727426
0.721962
0.713372
0.702448
0.690728
0.680508
0.674076
0.672745
0.676475
0.684285
0.694801
0.706499
0.717809
0.727361
0.734278
0.738213
0.739284
0.737938
0.734788
0.73061
0.726143
0.722004
0.718761
0.716921
0.716959
0.719076
0.723067
0.728235
0.733454
0.737508
0.739444
0.738851
0.735942
0.731478
0.726609
0.72257
0.72037
0.720644
0.723504
0.728464
0.734552
0.740418
0.744626
0.746072
0.744204
0.739128
0.73148
0.722165
0.712263
0.703106
0.696385
0.693998
0.697536
0.707711
0.723999
0.74464
0.766965
0.788022
0.805126
0.816029
0.819111
0.813423
0.798883
0.776493
0.748317
0.717186
0.686319
0.658701
0.63691
0.623052
0.618454
0.623315
0.636469
0.655608
0.67788
0.700378
0.720528
0.736362
0.746682
0.751132
0.75022
0.74507
0.737321
0.728981
0.722135
0.71856
0.719165
0.7238
0.731516
0.741096
0.751592
0.762323
0.772953
0.78325
0.792908
0.801354
0.807688
0.810873
0.809957
0.804365
0.794169
0.78002
0.763019
0.744582
0.726197
0.709326
0.695101
0.683933
0.675539
0.669357
0.665156
0.663387
0.665007
0.670902
0.681179
0.694795
0.709695
0.723358
0.733551
0.73893
0.739339
0.735524
0.728694
0.720027
0.71043
0.700475
0.690652
0.681522
0.673796
0.668349
0.666095
0.667712
0.673334
0.68249
0.694169
0.706982
0.719542
0.730874
0.740542
0.748647
0.755441
0.761039
0.76528
0.767781
0.768258
0.766749
0.763673
0.759905
0.756358
0.75362
0.751633
0.749625
0.746332
0.740561
0.731702
0.720026
0.706761
0.693812
0.683223
0.676543
0.674445
0.676837
0.683185
0.692973
0.705724
0.720986
0.738079
0.755859
0.772659
0.78644
0.79527
0.797804
0.793863
0.784634
0.77243
0.759933
0.749319
0.741695
0.737279
0.735879
0.737266
0.741282
0.747662
0.755611
0.763614
0.769836
0.772644
0.770993
0.7646
0.753719
0.738943
0.721351
0.702574
0.68474
0.670044
0.660241
0.656192
0.657837
0.664457
0.674954
0.688092
0.702617
0.717248
0.730773
0.742053
0.749957
0.753363
0.751565
0.74464
0.733542
0.719974
0.706073
0.69393
0.685081
0.68047
0.680563
0.685372
0.6945
0.706993
0.721395
0.735926
0.748942
0.759172
0.766016
0.769636
0.770797
0.770388
0.768988
0.766781
0.763784
0.760053
0.755804
0.751261
0.746552
0.741526
0.735993
0.729811
0.723116
0.716353
0.710158
0.705177
0.701856
0.700296
0.700196
0.700862
0.701302
0.700468
0.69765
0.692725
0.686318
0.679601
0.67387
0.670045
0.668387
0.668565
0.670113
0.672711
0.676278
0.680861
0.68635
0.69239
0.698389
0.703683
0.707837
0.710924
0.713695
0.717351
0.723003
0.731253
0.741911
0.754002
0.766104
0.776677
0.784386
0.788224
0.787569
0.782217
0.772517
0.759366
0.744363
0.72963
0.717534
0.710191
0.708957
0.714156
0.724856
0.738979
0.753695
1.38823
1.34832
1.28183
1.19068
1.0783
0.950365
0.81517
0.683422
0.566963
0.476361
0.418331
0.394076
0.399412
0.426507
0.466156
0.509725
0.550343
0.583335
0.606167
0.618129
0.619916
0.613255
0.600519
0.584377
0.567539
0.552462
0.541265
0.535731
0.537292
0.546956
0.565142
0.591449
0.62443
0.661611
0.699835
0.735805
0.766688
0.790459
0.806124
0.813751
0.814418
0.809919
0.802364
0.793852
0.785957
0.77952
0.774618
0.770781
0.76729
0.763509
0.758975
0.753431
0.746776
0.739081
0.730606
0.721787
0.713358
0.706295
0.701715
0.700572
0.70341
0.709976
0.719241
0.729741
0.74009
0.749464
0.757688
0.764987
0.771597
0.777394
0.781987
0.784867
0.785752
0.784635
0.781805
0.777623
0.772421
0.76628
0.759067
0.750696
0.741508
0.732379
0.724593
0.719411
0.717294
0.717514
0.718429
0.718081
0.714871
0.707937
0.697293
0.68383
0.66915
0.655226
0.643915
0.63658
0.63396
0.636147
0.642724
0.652904
0.665509
0.679003
0.691489
0.701005
0.705853
0.704935
0.698048
0.68596
0.670323
0.653465
0.638056
0.626833
0.622127
0.625415
0.637194
0.656819
0.682717
0.712615
0.743915
0.773991
0.800502
0.821673
0.836422
0.84447
0.846325
0.843124
0.836417
0.827943
0.819147
0.810797
0.802779
0.79429
0.784457
0.772919
0.760102
0.746951
0.734341
0.722645
0.711848
0.701885
0.692788
0.684634
0.677431
0.671164
0.665828
0.661752
0.659566
0.660076
0.663883
0.671108
0.681281
0.693542
0.706919
0.720577
0.733873
0.746216
0.756967
0.765208
0.769756
0.769412
0.763383
0.751879
0.736455
0.719823
0.705108
0.69457
0.688601
0.685838
0.684452
0.683454
0.683106
0.684415
0.688347
0.69515
0.704212
0.714394
0.724593
0.733957
0.741938
0.748097
0.752102
0.753858
0.753625
0.752015
0.750024
0.748709
0.748892
0.750833
0.754168
0.757984
0.761208
0.762984
0.762885
0.761018
0.75779
0.753523
0.748462
0.742895
0.737288
0.732208
0.728226
0.725647
0.72454
0.724682
0.725578
0.726563
0.727075
0.726799
0.725777
0.72429
0.722809
0.721981
0.722282
0.723865
0.726582
0.729917
0.733201
0.735883
0.737727
0.738829
0.739603
0.740427
0.741209
0.741275
0.739516
0.734981
0.727414
0.717377
0.706337
0.69625
0.68899
0.685801
0.68695
0.691673
0.69842
0.705335
0.710593
0.712887
0.711523
0.706499
0.69841
0.688328
0.677712
0.668266
0.661891
0.660333
0.664782
0.675473
0.691479
0.710967
0.731642
0.751326
0.768362
0.781733
0.790943
0.795987
0.797175
0.794947
0.789845
0.782532
0.773656
0.763946
0.754034
0.744482
0.735541
0.727218
0.71943
0.712265
0.706286
0.702642
0.702688
0.707363
0.716439
0.728263
0.74014
0.749264
0.753668
0.752831
0.74779
0.740719
0.73412
0.729847
0.728664
0.730027
0.732568
0.734748
0.735432
0.734252
0.731622
0.728374
0.725317
0.722784
0.720548
0.718094
0.715068
0.71164
0.708602
0.707148
0.708334
0.712454
0.71861
0.725078
0.730054
0.732202
0.730948
0.726469
0.719509
0.711025
0.701925
0.692901
0.684457
0.677017
0.671038
0.666999
0.665377
0.66664
0.67106
0.678522
0.688568
0.700527
0.713636
0.727118
0.74004
0.751338
0.759775
0.764201
0.76399
0.759414
0.751813
0.743124
0.735207
0.729316
0.725875
0.724813
0.72582
0.728484
0.732385
0.737099
0.742172
0.747056
0.751128
0.753616
0.753672
0.750489
0.743708
0.733586
0.721138
0.707986
0.695966
0.686671
0.681112
0.679499
0.681288
0.685339
0.690234
0.694638
0.697779
0.699658
0.70075
0.701621
0.70257
0.703636
0.704917
0.706832
0.710058
0.715152
0.722236
0.730755
0.739532
0.747175
0.752542
0.754977
0.75433
0.7508
0.744742
0.73674
0.727965
0.720382
0.716182
0.716525
0.720844
0.727365
0.734314
0.740695
0.746274
0.751313
0.756208
0.761319
0.76662
0.771568
0.775287
0.776826
0.775543
0.771169
0.763564
0.75273
0.738901
0.722782
0.705766
0.689794
0.676902
0.668696
0.665937
0.668622
0.676201
0.687646
0.701694
0.716707
0.730745
0.741936
0.749043
0.751863
0.751191
0.748235
0.74388
0.738475
0.732092
0.724989
0.717659
0.710774
0.705001
0.70088
0.698801
0.699034
0.701613
0.7062
0.712073
0.718234
0.72361
0.727301
0.728873
0.728299
0.725955
0.722522
0.718699
0.714875
0.711225
0.707687
0.704196
0.700791
0.697691
0.695195
0.693563
0.692991
0.693512
0.695052
0.697531
0.700864
0.70502
0.710025
0.715946
0.722783
0.73037
0.738155
0.745203
0.75027
0.752104
0.749638
0.742352
0.730549
0.715363
0.698806
0.683385
0.671677
0.665822
0.667083
0.675485
0.689842
0.708117
0.727914
0.747123
0.76436
0.779124
0.791519
0.801732
0.809693
0.815015
0.817109
0.815623
0.810596
0.802363
0.791447
0.778519
0.764238
0.749287
0.734268
0.719808
0.706446
0.694629
0.684884
0.677944
0.674865
0.676775
0.684152
0.696197
0.710568
0.724058
0.733625
0.737335
0.734705
0.726594
0.714739
0.701385
0.688886
0.679343
0.674433
0.675279
0.682131
0.694184
0.709524
0.725485
0.739166
0.748025
0.750519
0.746496
0.737613
0.727079
0.718572
0.714467
0.714798
0.718138
0.723038
0.728619
0.734487
0.740259
0.745421
0.749413
0.751921
0.752632
0.751147
0.746878
0.739467
0.729437
0.718446
0.709128
0.704063
0.704871
0.711574
0.722604
0.735396
0.74725
0.755848
0.75969
0.758099
0.751204
0.739953
0.726093
0.712062
0.700605
0.694157
0.694053
0.699999
0.710304
0.722707
0.735099
0.746027
0.754705
0.760962
0.765055
0.76756
0.76911
0.770138
0.770672
0.770394
0.768858
0.765696
0.760719
0.75387
0.745121
0.734364
0.721638
0.707458
0.693179
0.680965
0.673242
0.671619
0.676074
0.684913
0.695418
0.704799
0.710756
0.71183
0.707495
0.69831
0.686013
0.67332
0.663336
0.658609
0.660475
0.668848
0.682656
0.700486
0.720906
0.742486
0.763725
0.783
0.798661
0.809357
0.814271
0.813302
0.807199
0.797317
0.78528
0.772616
0.760536
0.749787
0.740697
0.732972
0.725876
0.718412
0.70964
0.69915
0.687268
0.675084
0.664196
0.656232
0.652361
0.653054
0.658144
0.667062
0.679253
0.694151
0.711067
0.72893
0.746079
0.760539
0.770318
0.773881
0.770467
0.760319
0.744719
0.725692
0.705653
0.687047
0.671978
0.662005
0.65795
0.659884
0.667257
0.678961
0.693728
0.710379
0.727877
0.745353
0.762021
0.776992
0.789349
0.7983
0.803378
0.804625
0.802601
0.798273
0.79273
0.786986
0.781689
0.776787
0.771488
0.764556
0.754706
0.741057
0.723484
0.702767
0.680601
0.659456
0.642086
0.630833
0.626905
0.630056
0.638848
0.651293
0.665491
0.67997
0.693904
0.707117
0.719887
0.732589
0.745344
0.757661
0.768455
0.776407
0.780439
0.780183
0.776053
0.76913
0.760882
0.752651
0.745501
0.740211
0.737351
0.73726
0.740119
0.745774
0.753411
0.761476
0.767913
0.77083
0.769093
0.762437
0.751576
0.738052
0.723893
0.711225
0.701724
0.696385
0.695406
0.69827
0.703944
0.711104
0.718337
0.724424
0.728386
0.72952
0.727426
0.721962
0.713372
0.702448
0.690728
0.680508
0.674076
0.672745
0.676475
0.684285
0.694801
0.706499
0.717809
0.727361
0.734278
0.738213
0.739284
0.737938
0.734788
0.73061
0.726143
0.722004
0.718761
0.716921
0.716959
0.719076
0.723067
0.728235
0.733454
0.737508
0.739444
0.738851
0.735942
0.731478
0.726609
0.72257
0.72037
0.720644
0.723504
0.728464
0.734552
0.740418
0.744626
0.746072
0.744204
0.739128
0.73148
0.722165
0.712263
0.703106
0.696385
0.693998
0.697536
0.707711
0.723999
0.74464
0.766965
0.788022
0.805126
0.816029
0.819111
0.813423
0.798883
0.776493
0.748317
0.717186
0.686319
0.658701
0.63691
0.623052
0.618454
0.623315
0.636469
0.655608
0.67788
0.700378
0.720528
0.736362
0.746682
0.751132
0.75022
0.74507
0.737321
0.728981
0.722135
0.71856
0.719165
0.7238
0.731516
0.741096
0.751592
0.762323
0.772953
0.78325
0.792908
0.801354
0.807688
0.810873
0.809957
0.804365
0.794169
0.78002
0.763019
0.744582
0.726197
0.709326
0.695101
0.683933
0.675539
0.669357
0.665156
0.663387
0.665007
0.670902
0.681179
0.694795
0.709695
0.723358
0.733551
0.73893
0.739339
0.735524
0.728694
0.720027
0.71043
0.700475
0.690652
0.681522
0.673796
0.668349
0.666095
0.667712
0.673334
0.68249
0.694169
0.706982
0.719542
0.730874
0.740542
0.748647
0.755441
0.761039
0.76528
0.767781
0.768258
0.766749
0.763673
0.759905
0.756358
0.75362
0.751633
0.749625
0.746332
0.740561
0.731702
0.720026
0.706761
0.693812
0.683223
0.676543
0.674445
0.676837
0.683185
0.692973
0.705724
0.720986
0.738079
0.755859
0.772659
0.78644
0.79527
0.797804
0.793863
0.784634
0.77243
0.759933
0.749319
0.741695
0.737279
0.735879
0.737266
0.741282
0.747662
0.755611
0.763614
0.769836
0.772644
0.770993
0.7646
0.753719
0.738943
0.721351
0.702574
0.68474
0.670044
0.660241
0.656192
0.657837
0.664457
0.674954
0.688092
0.702617
0.717248
0.730773
0.742053
0.749957
0.753363
0.751565
0.74464
0.733542
0.719974
0.706073
0.69393
0.685081
0.68047
0.680563
0.685372
0.6945
0.706993
0.721395
0.735926
0.748942
0.759172
0.766016
0.769636
0.770797
0.770388
0.768988
0.766781
0.763784
0.760053
0.755804
0.751261
0.746552
0.741526
0.735993
0.729811
0.723116
0.716353
0.710158
0.705177
0.701856
0.700296
0.700196
0.700862
0.701302
0.700468
0.69765
0.692725
0.686318
0.679601
0.67387
0.670045
0.668387
0.668565
0.670113
0.672711
0.676278
0.680861
0.68635
0.69239
0.698389
0.703683
0.707837
0.710924
0.713695
0.717351
0.723003
0.731253
0.741911
0.754002
0.766104
0.776677
0.784386
0.788224
0.787569
0.782217
0.772517
0.759366
0.744363
0.72963
0.717534
0.710191
0.708957
0.714156
0.724856
0.738979
0.753695
1.40844
1.39379
1.35401
1.29148
1.21263
1.12764
1.04841
0.985012
0.943119
0.92366
0.92424
0.940832
0.96923
1.00566
1.04647
1.08763
1.12455
1.15287
1.16935
1.17248
1.16234
1.14037
1.10924
1.07271
1.03529
1.00159
0.975333
0.958665
0.951888
0.953801
0.96236
0.975044
0.989178
1.00223
1.01225
1.01837
1.02097
1.02153
1.02231
1.02556
1.03292
1.045
1.06109
1.07923
1.09674
1.11096
1.11997
1.12286
1.1195
1.11009
1.09503
1.07532
1.05296
1.031
1.01288
1.00109
0.996295
0.997376
1.00253
1.01031
1.01996
1.03113
1.04341
1.05642
1.0699
1.08382
1.09786
1.1112
1.12259
1.13076
1.13487
1.13489
1.13173
1.12672
1.12106
1.11531
1.1098
1.10512
1.10209
1.10133
1.10253
1.10411
1.10343
1.09796
1.08666
1.07063
1.05231
1.03405
1.01751
1.00377
0.993701
0.987923
0.986683
0.989943
0.997482
1.00873
1.02236
1.03654
1.04945
1.05982
1.06718
1.07174
1.074
1.07484
1.07569
1.07862
1.08527
1.09545
1.10648
1.11425
1.11521
1.10794
1.09377
1.07622
1.05928
1.04546
1.03528
1.02893
1.02785
1.03351
1.04485
1.05827
1.07037
1.07985
1.08692
1.09214
1.09515
1.09462
1.0891
1.07837
1.0642
1.04983
1.03841
1.03175
1.03041
1.03406
1.04185
1.05275
1.06572
1.07987
1.09431
1.10809
1.11982
1.12811
1.13204
1.13173
1.12823
1.12269
1.11553
1.1062
1.09371
1.07766
1.0589
1.03934
1.02103
1.00551
0.993308
0.983899
0.976449
0.970952
0.96931
0.97487
0.989995
1.01368
1.0419
1.07024
1.09581
1.11716
1.13366
1.14523
1.15216
1.15477
1.1534
1.14854
1.14083
1.1311
1.12009
1.10842
1.09677
1.08613
1.07735
1.07027
1.0635
1.0553
1.04502
1.03364
1.02307
1.01488
1.00949
1.0067
1.00665
1.01012
1.01775
1.02887
1.04121
1.05155
1.05673
1.05472
1.04538
1.03112
1.01658
1.00711
1.0065
1.01533
1.031
1.04976
1.06845
1.08536
1.10016
1.11336
1.12561
1.13729
1.14832
1.15797
1.16456
1.16592
1.16024
1.14737
1.12938
1.1102
1.09443
1.08531
1.08342
1.08691
1.09298
1.09913
1.10327
1.10293
1.09525
1.07802
1.05125
1.0178
0.982994
0.953317
0.934573
0.929932
0.939074
0.95887
0.985041
1.01375
1.04235
1.06926
1.0934
1.11395
1.13019
1.1417
1.14836
1.15047
1.14834
1.14212
1.13177
1.11735
1.09948
1.07954
1.05943
1.04126
1.02678
1.017
1.01192
1.01077
1.01232
1.01541
1.0191
1.02292
1.02674
1.03079
1.03536
1.04045
1.0456
1.05018
1.05398
1.0572
1.06003
1.06219
1.06301
1.06194
1.05919
1.05591
1.054
1.05517
1.06
1.06736
1.07465
1.07886
1.07785
1.07114
1.05981
1.04602
1.0325
1.0218
1.01592
1.01545
1.0196
1.02628
1.03271
1.03654
1.03693
1.03516
1.03459
1.03969
1.0544
1.08008
1.11425
1.15108
1.18392
1.20757
1.21926
1.21835
1.20557
1.18264
1.15201
1.11685
1.08104
1.04881
1.02427
1.01086
1.01037
1.02212
1.04269
1.0668
1.08923
1.10643
1.11672
1.11972
1.11572
1.10554
1.09054
1.07282
1.05473
1.03839
1.02542
1.01702
1.01397
1.01659
1.02437
1.03589
1.04911
1.062
1.07284
1.08016
1.08259
1.07889
1.06834
1.05103
1.02804
1.00146
0.9743
0.95027
0.933261
0.926498
0.932023
0.950497
0.980774
1.0196
1.06212
1.10295
1.13742
1.16232
1.17604
1.17841
1.17068
1.15556
1.13724
1.1204
1.10834
1.10125
1.09648
1.09082
1.0827
1.07297
1.06404
1.058
1.05521
1.05425
1.05314
1.05084
1.04818
1.04739
1.05092
1.05992
1.07371
1.09047
1.10822
1.12532
1.14049
1.15235
1.15929
1.15978
1.15254
1.13703
1.11367
1.08413
1.05154
1.0201
0.9941
0.976186
0.966557
0.963276
0.964091
0.968111
0.975984
0.988762
1.00654
1.02797
1.05078
1.07269
1.09218
1.10842
1.12092
1.12941
1.13366
1.13353
1.12902
1.12048
1.10916
1.09746
1.0883
1.08388
1.08426
1.08717
1.08922
1.08757
1.08111
1.07072
1.05842
1.04651
1.03663
1.02984
1.02669
1.02721
1.03065
1.03549
1.03986
1.04243
1.04305
1.04304
1.04486
1.05102
1.06218
1.07651
1.09135
1.10549
1.12016
1.13745
1.15765
1.17793
1.19294
1.19713
1.18727
1.164
1.13206
1.09876
1.07103
1.05289
1.04475
1.04482
1.05055
1.05914
1.06761
1.07286
1.07235
1.06487
1.05112
1.0337
1.01615
1.00182
0.99318
0.99158
0.997345
1.00969
1.02654
1.04489
1.06173
1.0749
1.08339
1.08721
1.08712
1.08431
1.08017
1.07653
1.07606
1.08152
1.09344
1.1084
1.12067
1.12545
1.12056
1.10622
1.08416
1.05731
1.02956
1.00551
0.989833
0.986134
0.995757
1.01727
1.04684
1.07951
1.11037
1.13539
1.15193
1.15896
1.15699
1.14764
1.13305
1.1153
1.09613
1.07704
1.05941
1.04455
1.03386
1.02847
1.02858
1.03297
1.03914
1.0442
1.0462
1.0451
1.04287
1.04317
1.04989
1.0648
1.08639
1.11058
1.13307
1.15094
1.16277
1.16811
1.16684
1.15903
1.14502
1.12572
1.10259
1.07738
1.05173
1.02719
1.00538
0.988083
0.976788
0.972215
0.974031
0.981235
0.992543
1.0064
1.02081
1.03374
1.04367
1.05005
1.05347
1.05519
1.05699
1.06089
1.06891
1.08207
1.09933
1.11809
1.13633
1.15398
1.17098
1.18425
1.18851
1.17983
1.15796
1.12616
1.09011
1.05698
1.03357
1.02403
1.02815
1.04182
1.05906
1.07392
1.08166
1.07938
1.06648
1.04444
1.01655
0.986957
0.959805
0.938494
0.92496
0.919423
0.920717
0.927323
0.938479
0.9549
0.978185
1.00891
1.04518
1.08262
1.1161
1.14156
1.15685
1.16206
1.15894
1.15011
1.13817
1.12531
1.11316
1.10278
1.09444
1.08787
1.08281
1.0798
1.08062
1.08723
1.09974
1.11559
1.13076
1.14211
1.14823
1.14893
1.14423
1.1342
1.11927
1.10073
1.08053
1.0606
1.04226
1.02628
1.01328
1.00388
0.998492
0.996652
0.997046
0.998062
0.998669
0.998791
0.999183
1.00112
1.00594
1.01495
1.02907
1.04846
1.07223
1.09854
1.12517
1.14993
1.17071
1.18545
1.19264
1.19201
1.1849
1.174
1.16216
1.15114
1.14069
1.12907
1.11432
1.09559
1.07336
1.04926
1.02568
1.0057
0.992917
0.990515
0.999666
1.01829
1.04137
1.06254
1.07635
1.07965
1.07235
1.05735
1.03938
1.02333
1.01299
1.01072
1.01728
1.03133
1.04948
1.06799
1.08407
1.09612
1.10338
1.10591
1.10397
1.09752
1.08632
1.07114
1.05469
1.0414
1.03564
1.03961
1.05206
1.06861
1.0834
1.09106
1.0884
1.07512
1.05369
1.02824
1.00344
0.983381
0.970924
0.967312
0.972303
0.984596
1.00223
1.02299
1.04481
1.06596
1.08512
1.1014
1.11434
1.12386
1.1301
1.13333
1.13391
1.13251
1.13024
1.12857
1.12885
1.13187
1.1376
1.14507
1.1527
1.15888
1.16228
1.16218
1.15822
1.15045
1.13927
1.12546
1.11019
1.0948
1.08069
1.06887
1.05975
1.0531
1.04836
1.04522
1.04371
1.04375
1.04435
1.04364
1.03986
1.03271
1.02378
1.01595
1.01202
1.01333
1.01952
1.02908
1.04029
1.0516
1.06167
1.06951
1.07479
1.07795
1.07976
1.08076
1.08121
1.08133
1.08156
1.08234
1.08359
1.08446
1.08344
1.07906
1.07037
1.05738
1.04129
1.02413
1.00814
0.995146
0.986192
0.98134
0.979598
0.979124
0.978032
0.975413
0.972014
0.970022
0.97232
0.981539
0.999368
1.0257
1.05824
1.09289
1.12494
1.15014
1.16545
1.16928
1.16168
1.14446
1.12126
1.09708
1.07746
1.06701
1.06806
1.07971
1.09822
1.11812
1.13408
1.14241
1.142
1.1346
1.12375
1.11294
1.10358
1.09456
1.08333
1.06805
1.04954
1.03179
1.01991
1.01631
1.01916
1.02478
1.03113
1.03879
1.04915
1.06224
1.07667
1.09107
1.1047
1.1165
1.12451
1.12678
1.1227
1.11349
1.10135
1.08769
1.07278
1.05678
1.04108
1.02841
1.02177
1.02262
1.02978
1.03976
1.04835
1.05214
1.04945
1.04034
1.02651
1.01074
0.996414
0.986721
0.98371
0.98782
0.998103
1.01282
1.03031
1.04929
1.06883
1.08778
1.10439
1.11667
1.12316
1.12361
1.11937
1.11291
1.1071
1.10424
1.1053
1.10951
1.11475
1.11873
1.12039
1.12016
1.11879
1.11626
1.11194
1.10521
1.09593
1.08446
1.07176
1.05934
1.04882
1.04074
1.03371
1.02473
1.0113
0.993882
0.976948
0.967448
0.971056
0.98867
1.01631
1.04808
1.07909
1.10644
1.1288
1.14576
1.15728
1.16288
1.16124
1.15051
1.12936
1.09829
1.06035
1.0215
0.989927
0.973441
0.975433
0.992792
1.01813
1.04402
1.06541
1.07983
1.08673
1.08669
1.08101
1.07137
1.05966
1.04758
1.03642
1.02735
1.02181
1.02144
1.02741
1.03946
1.05551
1.07234
1.08708
1.09825
1.10568
1.10962
1.11011
1.10708
1.10091
1.09296
1.08509
1.07859
1.07335
1.06813
1.06178
1.05436
1.04694
1.04057
1.03558
1.03188
1.02943
1.0285
1.02997
1.03539
1.04647
1.06362
1.08478
1.10585
1.12251
1.13189
1.13341
1.12878
1.12118
1.11414
1.11049
1.11156
1.11642
1.12195
1.12453
1.12185
1.1137
1.10135
1.08673
1.07168
1.05749
1.0448
1.03393
1.02537
1.01976
1.01758
1.01919
1.02465
1.03355
1.04466
1.05643
1.06802
1.07967
1.092
1.10484
1.1169
1.12636
1.13143
1.13053
1.12246
1.10695
1.08505
1.05909
1.03235
1.00858
0.991806
0.986286
0.995269
1.01915
1.05445
1.0949
1.13351
1.16432
1.18314
1.18798
1.17922
1.15942
1.13269
1.10373
1.07674
1.05437
1.03725
1.38077
1.35242
1.31645
1.27715
1.24202
1.21896
1.21212
1.21956
1.23523
1.25278
1.26774
1.27737
1.27991
1.27452
1.26325
1.25301
1.25168
1.25909
1.26647
1.26585
1.25571
1.23918
1.21983
1.19958
1.17926
1.16025
1.14493
1.13541
1.13227
1.13462
1.14146
1.15276
1.1694
1.19204
1.21996
1.25066
1.28015
1.30398
1.31894
1.32429
1.32147
1.31258
1.2989
1.28086
1.25936
1.23678
1.21704
1.20449
1.2024
1.21195
1.23213
1.26077
1.29529
1.3326
1.36847
1.3977
1.41538
1.41865
1.4079
1.38662
1.36046
1.33561
1.31693
1.3065
1.30324
1.30386
1.30467
1.3034
1.30018
1.29711
1.29642
1.29838
1.30052
1.29846
1.28815
1.26789
1.2394
1.20743
1.17794
1.15581
1.14366
1.14172
1.14849
1.16161
1.17858
1.19733
1.21657
1.23585
1.25483
1.27226
1.28532
1.29058
1.2858
1.2713
1.25057
1.22955
1.21492
1.21194
1.22269
1.24568
1.27675
1.31087
1.34345
1.37121
1.3922
1.40557
1.41123
1.40978
1.40211
1.38926
1.37201
1.3508
1.32593
1.29793
1.2682
1.23947
1.21549
1.19975
1.19334
1.19379
1.1963
1.19589
1.18896
1.17427
1.15386
1.13287
1.11826
1.11627
1.13014
1.15895
1.19797
1.24032
1.27922
1.30985
1.33012
1.34022
1.34171
1.33664
1.32679
1.31348
1.29792
1.28156
1.26604
1.25256
1.24172
1.2341
1.22992
1.22809
1.22611
1.2212
1.21246
1.20161
1.19225
1.18798
1.19051
1.19968
1.21451
1.23441
1.259
1.28623
1.31184
1.3315
1.34409
1.35182
1.35637
1.35671
1.35165
1.34306
1.33534
1.33285
1.3376
1.34847
1.36183
1.3732
1.37885
1.37663
1.36615
1.34856
1.3264
1.30308
1.28186
1.26502
1.25328
1.24581
1.24101
1.23736
1.23384
1.22971
1.22388
1.21481
1.20096
1.18143
1.15701
1.13069
1.10751
1.09317
1.09183
1.10421
1.12736
1.15617
1.18596
1.21413
1.23997
1.26353
1.28438
1.30154
1.31405
1.32189
1.32628
1.32928
1.33215
1.3342
1.3333
1.3274
1.31595
1.29994
1.28179
1.26549
1.25602
1.25711
1.26887
1.2879
1.30873
1.32549
1.33346
1.33026
1.31631
1.2945
1.2692
1.24508
1.2258
1.2127
1.20418
1.19677
1.18783
1.17747
1.16852
1.16444
1.16757
1.17846
1.19643
1.21977
1.24595
1.27217
1.29634
1.31713
1.33318
1.34251
1.34286
1.33268
1.312
1.28276
1.24844
1.2131
1.18028
1.15243
1.13105
1.11717
1.11156
1.11458
1.12572
1.14376
1.16689
1.19279
1.21901
1.24339
1.26439
1.28122
1.29378
1.30273
1.30955
1.31608
1.32366
1.33231
1.34073
1.34708
1.34953
1.34687
1.3393
1.32888
1.31875
1.31183
1.30939
1.31054
1.31235
1.311
1.30289
1.286
1.26045
1.22859
1.19508
1.16739
1.15486
1.16486
1.19792
1.24646
1.29867
1.34361
1.37467
1.38995
1.39127
1.3825
1.36805
1.35129
1.3336
1.31429
1.29206
1.2672
1.24234
1.22079
1.20432
1.19321
1.18815
1.19051
1.20129
1.21981
1.24297
1.26561
1.28233
1.29001
1.2899
1.28728
1.28818
1.29516
1.30581
1.31518
1.31934
1.31735
1.31074
1.30182
1.29162
1.27893
1.26147
1.23839
1.21224
1.18846
1.17297
1.16923
1.17679
1.19209
1.2108
1.22999
1.24886
1.26845
1.2905
1.31631
1.34536
1.37421
1.39713
1.40838
1.40471
1.38647
1.35714
1.3221
1.28746
1.25902
1.24109
1.23532
1.23991
1.25014
1.26048
1.26739
1.27065
1.27264
1.27604
1.28184
1.28895
1.29522
1.2986
1.29787
1.29279
1.28418
1.27373
1.26371
1.25615
1.25204
1.25075
1.25077
1.25068
1.2501
1.24971
1.25111
1.25569
1.26314
1.27132
1.27731
1.27909
1.27641
1.27056
1.26324
1.25551
1.24733
1.23793
1.22623
1.2118
1.19581
1.18141
1.17232
1.17076
1.17624
1.18662
1.1994
1.21286
1.22661
1.24122
1.25716
1.27378
1.28904
1.29992
1.30302
1.29562
1.27637
1.24598
1.2079
1.16889
1.13823
1.12521
1.13488
1.16521
1.20802
1.25329
1.29333
1.32429
1.34586
1.35981
1.36827
1.37262
1.37329
1.37035
1.36426
1.35647
1.34919
1.34405
1.34083
1.33776
1.33278
1.32501
1.31512
1.30503
1.29729
1.29377
1.29455
1.29752
1.29953
1.2982
1.29299
1.28515
1.27695
1.27067
1.26782
1.26853
1.27131
1.27363
1.27288
1.26725
1.25586
1.23846
1.21555
1.18904
1.16243
1.14034
1.12789
1.12977
1.14752
1.17627
1.2064
1.22968
1.24283
1.24711
1.24638
1.24535
1.24817
1.25693
1.27069
1.28551
1.29584
1.29684
1.28668
1.26741
1.24433
1.22349
1.20939
1.20376
1.20607
1.2146
1.22747
1.24309
1.26025
1.27788
1.29504
1.31067
1.32347
1.33207
1.33582
1.33516
1.33107
1.32357
1.31086
1.29092
1.26431
1.23589
1.21301
1.20115
1.20124
1.21043
1.22439
1.23937
1.25335
1.2661
1.27804
1.28892
1.29728
1.30153
1.30099
1.29687
1.29164
1.28771
1.28595
1.28518
1.28292
1.27687
1.26614
1.25196
1.23761
1.22737
1.22447
1.2293
1.23926
1.25071
1.26108
1.26987
1.27822
1.28751
1.29784
1.30728
1.31252
1.3104
1.29963
1.28149
1.25992
1.23997
1.22518
1.21556
1.20874
1.20325
1.20056
1.20379
1.21506
1.2341
1.25911
1.28775
1.31779
1.34693
1.37288
1.39407
1.41002
1.42032
1.42347
1.41818
1.40515
1.38679
1.36552
1.34281
1.31943
1.2958
1.27192
1.2474
1.22224
1.19776
1.17628
1.1597
1.14893
1.14516
1.15039
1.16494
1.18499
1.20403
1.21705
1.2231
1.22513
1.22784
1.23529
1.24923
1.26834
1.28872
1.30572
1.31572
1.31712
1.31059
1.29827
1.28325
1.26921
1.2601
1.25928
1.26797
1.28402
1.30249
1.31793
1.32682
1.32849
1.32406
1.31429
1.29831
1.27444
1.24223
1.20452
1.16746
1.139
1.12586
1.1307
1.15129
1.18239
1.21849
1.25516
1.28894
1.31743
1.33966
1.35611
1.3676
1.37385
1.37338
1.36415
1.34462
1.31465
1.27631
1.23427
1.19526
1.16643
1.15305
1.15664
1.17461
1.20189
1.23301
1.26366
1.29125
1.31417
1.33066
1.33909
1.33957
1.33472
1.32876
1.32582
1.32804
1.33489
1.34369
1.35114
1.35482
1.3538
1.34848
1.33985
1.32886
1.31578
1.30033
1.28206
1.26094
1.23768
1.21381
1.1912
1.17172
1.15693
1.14818
1.14605
1.1496
1.15591
1.16122
1.16286
1.1604
1.15507
1.14909
1.14509
1.14579
1.15332
1.16843
1.18978
1.21414
1.23717
1.25444
1.26289
1.26195
1.25388
1.24276
1.23286
1.22738
1.2276
1.23261
1.23973
1.2464
1.25212
1.25785
1.26329
1.26619
1.26449
1.25855
1.25077
1.24394
1.23975
1.23841
1.23927
1.24175
1.24591
1.25238
1.26167
1.27342
1.28641
1.29918
1.31029
1.31856
1.32333
1.3246
1.32326
1.32048
1.31703
1.31344
1.31072
1.31055
1.3141
1.32056
1.32674
1.32827
1.3214
1.30448
1.27915
1.25011
1.22313
1.20221
1.18886
1.18285
1.18308
1.18742
1.19344
1.19947
1.2055
1.21315
1.2245
1.24089
1.2627
1.28947
1.31891
1.34633
1.36625
1.37446
1.36925
1.35169
1.32539
1.29578
1.26881
1.2487
1.23615
1.22855
1.22223
1.21519
1.20812
1.20329
1.20251
1.20551
1.21015
1.21384
1.21499
1.21318
1.20894
1.2032
1.19706
1.19189
1.18957
1.19235
1.20178
1.21727
1.23513
1.25004
1.25842
1.26088
1.26133
1.26416
1.27201
1.28484
1.29971
1.312
1.31752
1.31496
1.30618
1.29483
1.28421
1.27595
1.2697
1.26441
1.25972
1.25661
1.25651
1.25962
1.2646
1.2701
1.27616
1.28387
1.2941
1.3067
1.32046
1.33355
1.34397
1.34984
1.35001
1.34468
1.33582
1.32613
1.31787
1.31216
1.30957
1.31031
1.31366
1.31687
1.31573
1.30721
1.29222
1.27578
1.26301
1.25457
1.24684
1.23631
1.2227
1.20894
1.19905
1.19576
1.19944
1.2086
1.22055
1.23229
1.24158
1.24712
1.24775
1.24205
1.22936
1.21122
1.19206
1.17818
1.17467
1.18247
1.19798
1.21574
1.23143
1.24326
1.25134
1.25607
1.25672
1.2515
1.23887
1.21925
1.196
1.17503
1.16266
1.16306
1.1767
1.20083
1.23116
1.26332
1.29341
1.31836
1.33627
1.34661
1.34983
1.34609
1.33491
1.31613
1.29171
1.26639
1.24642
1.23663
1.23797
1.24773
1.26172
1.2762
1.28879
1.29833
1.30455
1.30822
1.31072
1.31337
1.31604
1.31742
1.31682
1.31571
1.31644
1.31999
1.32538
1.33047
1.33326
1.33233
1.32649
1.31436
1.29442
1.26603
1.23075
1.19286
1.159
1.13675
1.13136
1.14225
1.16339
1.18701
1.20708
1.22049
1.22666
1.22694
1.22394
1.2207
1.21963
1.22175
1.22674
1.23329
1.23981
1.24491
1.24818
1.25042
1.25294
1.25664
1.26163
1.26743
1.27363
1.28003
1.28659
1.29273
1.29693
1.29697
1.29078
1.27772
1.25939
1.23927
1.22153
1.20979
1.20661
1.2131
1.22837
1.24944
1.27201
1.29163
1.30495
1.31043
1.30907
1.30366
1.2971
1.29112
1.28633
1.28297
1.28117
1.28075
1.28122
1.28238
1.28444
1.28807
1.29346
1.29943
1.3034
1.30237
1.29417
1.27837
1.25649
1.23176
1.20854
1.1914
1.18337
1.18513
1.19494
1.20881
1.2218
1.23014
1.23293
1.23215
1.23175
1.23601
1.24774
1.26714
1.29187
1.31756
1.33915
1.35215
1.35384
1.34409
1.32622
1.30655
1.29183
1.2851
1.28407
1.28312
1.27639
1.25977
1.23248
1.19852
1.16664
1.14729
1.14733
1.16621
1.19705
1.23111
1.26144
1.28396
1.29691
1.29989
1.29368
1.28058
1.26485
1.25219
1.24756
1.40331
1.41031
1.41723
1.4209
1.42082
1.41928
1.42031
1.42723
1.44042
1.45701
1.47294
1.48464
1.48931
1.48489
1.47026
1.44609
1.41464
1.37907
1.34278
1.30926
1.28242
1.26574
1.26104
1.26783
1.28313
1.30161
1.31651
1.32241
1.31804
1.30674
1.29429
1.28594
1.28351
1.28478
1.28522
1.28133
1.27227
1.25988
1.24734
1.23784
1.23374
1.23611
1.24475
1.25842
1.27567
1.29485
1.31406
1.33094
1.34318
1.34982
1.35238
1.35471
1.36101
1.37337
1.39063
1.40877
1.42259
1.42757
1.42148
1.40477
1.38047
1.353
1.32665
1.3042
1.28596
1.26987
1.25282
1.23292
1.21187
1.19559
1.1917
1.20508
1.23434
1.27293
1.31312
1.34914
1.37783
1.39762
1.40797
1.40966
1.40529
1.39918
1.39599
1.39855
1.40632
1.4162
1.42492
1.43115
1.4356
1.43982
1.44457
1.44899
1.45095
1.44839
1.44036
1.42735
1.4106
1.39167
1.37166
1.35099
1.32967
1.30771
1.28561
1.26434
1.24557
1.23135
1.22323
1.22103
1.22252
1.22473
1.22596
1.22677
1.2286
1.23193
1.2358
1.23906
1.24155
1.24475
1.25166
1.26546
1.28737
1.31499
1.34315
1.36714
1.38526
1.3985
1.40834
1.41458
1.41504
1.40659
1.38694
1.35652
1.31949
1.28318
1.25625
1.24576
1.25512
1.28381
1.32832
1.38287
1.43988
1.49156
1.53171
1.55713
1.56762
1.56501
1.55218
1.53196
1.5064
1.47661
1.44311
1.40735
1.37309
1.34524
1.32556
1.31017
1.29249
1.26892
1.24169
1.21714
1.20216
1.20061
1.21192
1.23214
1.25637
1.28024
1.30055
1.31542
1.32454
1.32901
1.3302
1.32826
1.32161
1.30823
1.28825
1.26529
1.24532
1.23357
1.23191
1.23909
1.25269
1.27092
1.29297
1.31823
1.34563
1.37326
1.39833
1.41767
1.42929
1.43379
1.43397
1.43289
1.43228
1.4329
1.43483
1.43699
1.43709
1.43248
1.42149
1.40441
1.3831
1.36007
1.33752
1.31728
1.30148
1.29297
1.29376
1.3027
1.31504
1.32505
1.3296
1.32971
1.32945
1.33324
1.34295
1.35636
1.36869
1.37597
1.37755
1.37577
1.37384
1.37366
1.37483
1.37538
1.37357
1.36891
1.36237
1.35587
1.35142
1.35008
1.3509
1.35094
1.34704
1.33856
1.32926
1.32551
1.33161
1.34684
1.36627
1.38337
1.392
1.38835
1.37264
1.34965
1.32715
1.31214
1.30713
1.30946
1.3143
1.31823
1.32041
1.32188
1.32403
1.32727
1.33034
1.33078
1.32611
1.31518
1.29886
1.2801
1.26346
1.25349
1.25258
1.2598
1.27206
1.28604
1.29954
1.31154
1.32174
1.3297
1.33441
1.33474
1.33033
1.32275
1.31568
1.31394
1.32137
1.33878
1.36339
1.38964
1.4111
1.42221
1.41977
1.40385
1.37812
1.34912
1.32432
1.30989
1.30901
1.32143
1.34381
1.37066
1.39574
1.41395
1.42295
1.42364
1.41927
1.41297
1.40541
1.39489
1.37993
1.36167
1.34395
1.331
1.32481
1.32455
1.32782
1.33237
1.33638
1.3382
1.3362
1.32993
1.32079
1.31138
1.30366
1.29731
1.29003
1.27927
1.26432
1.2478
1.23556
1.23358
1.24381
1.26345
1.28833
1.31591
1.34492
1.37387
1.40031
1.42142
1.4349
1.43951
1.43528
1.42378
1.40845
1.39473
1.38839
1.39133
1.39907
1.40426
1.40223
1.39303
1.38003
1.36702
1.35575
1.34555
1.33522
1.32543
1.31938
1.32125
1.33353
1.35543
1.383
1.41048
1.43209
1.44368
1.44334
1.43141
1.41009
1.3829
1.35379
1.32654
1.30445
1.29055
1.2872
1.29497
1.31145
1.33194
1.35138
1.36618
1.37543
1.38113
1.38677
1.39474
1.40449
1.41332
1.41841
1.41786
1.41059
1.39609
1.37472
1.34824
1.31939
1.29125
1.26718
1.25036
1.24263
1.24359
1.25154
1.26529
1.28491
1.31013
1.33844
1.36474
1.38356
1.39183
1.39053
1.38346
1.37402
1.36386
1.35355
1.34402
1.33626
1.33048
1.32614
1.32258
1.31967
1.31837
1.32118
1.33119
1.34917
1.37104
1.38903
1.39553
1.3871
1.36568
1.33723
1.30941
1.28927
1.28147
1.28731
1.30479
1.32917
1.35426
1.37506
1.39085
1.40515
1.42127
1.43887
1.45606
1.47157
1.48426
1.49215
1.49265
1.48313
1.46219
1.43086
1.39356
1.35768
1.33126
1.31969
1.32335
1.33783
1.35587
1.36961
1.3732
1.36533
1.3496
1.33203
1.31747
1.30754
1.30186
1.29997
1.30177
1.30659
1.31321
1.32031
1.32657
1.3302
1.32857
1.31897
1.30003
1.27346
1.24448
1.21999
1.20552
1.20331
1.21239
1.23023
1.25408
1.28153
1.3101
1.337
1.35956
1.37627
1.38772
1.39613
1.40359
1.41005
1.41313
1.41022
1.40126
1.38991
1.38166
1.38033
1.3866
1.39859
1.41353
1.42917
1.44461
1.45977
1.47388
1.48462
1.48884
1.48433
1.47138
1.45286
1.43315
1.41595
1.40247
1.39124
1.3794
1.3645
1.34531
1.32176
1.29487
1.26676
1.24023
1.21815
1.20299
1.19646
1.19916
1.21009
1.22654
1.24533
1.26424
1.28216
1.29822
1.31066
1.31669
1.31352
1.30015
1.27815
1.25193
1.2285
1.21597
1.22105
1.24654
1.28962
1.34279
1.39712
1.44515
1.48159
1.5027
1.50626
1.49198
1.46209
1.42119
1.37572
1.33273
1.29858
1.27745
1.27044
1.27566
1.28935
1.3073
1.32591
1.34253
1.35549
1.364
1.36786
1.36743
1.36377
1.35926
1.35764
1.3633
1.3795
1.40657
1.44086
1.47558
1.50269
1.51554
1.5106
1.48828
1.45288
1.4121
1.37521
1.3491
1.33452
1.32706
1.32158
1.31548
1.30879
1.30247
1.29683
1.29116
1.28401
1.27411
1.26218
1.25244
1.25154
1.26368
1.28616
1.31037
1.32721
1.3321
1.32642
1.31572
1.30586
1.2998
1.29687
1.29463
1.29143
1.28811
1.28763
1.29338
1.3071
1.32751
1.35028
1.3701
1.38401
1.39316
1.40098
1.40951
1.41769
1.42278
1.42301
1.4187
1.41163
1.40413
1.39813
1.39454
1.39301
1.39182
1.38871
1.38211
1.37197
1.35974
1.34746
1.33651
1.32659
1.31553
1.30062
1.28065
1.25738
1.2355
1.22106
1.21831
1.22692
1.2416
1.25493
1.26157
1.26101
1.25778
1.2594
1.27276
1.3008
1.34072
1.385
1.42472
1.4534
1.46897
1.47267
1.46701
1.4548
1.43959
1.42546
1.41534
1.40935
1.40529
1.40089
1.39523
1.38832
1.38029
1.37054
1.35779
1.34089
1.31996
1.29738
1.27717
1.26334
1.25774
1.25913
1.26415
1.26935
1.27308
1.27594
1.2802
1.28875
1.3038
1.32569
1.35195
1.37779
1.39765
1.4073
1.40509
1.39189
1.37053
1.34544
1.32206
1.30604
1.30132
1.30877
1.32584
1.34761
1.36828
1.38215
1.38489
1.37483
1.35427
1.32956
1.30914
1.3004
1.30615
1.32324
1.34455
1.36255
1.37204
1.3712
1.36169
1.34809
1.33627
1.3312
1.33455
1.34408
1.3551
1.36306
1.36559
1.36274
1.35604
1.34732
1.33762
1.32683
1.31458
1.3009
1.28682
1.27518
1.27104
1.27966
1.30294
1.33778
1.37784
1.41659
1.44946
1.47407
1.48971
1.49648
1.49469
1.48418
1.46389
1.4323
1.38867
1.33458
1.27537
1.22022
1.18
1.16397
1.17577
1.21025
1.25628
1.30379
1.34734
1.38481
1.41596
1.44199
1.46402
1.48133
1.49154
1.49233
1.48256
1.46206
1.43151
1.39261
1.34863
1.3048
1.26774
1.24404
1.23807
1.25001
1.2754
1.30664
1.33597
1.3579
1.37006
1.3727
1.36795
1.35902
1.34915
1.34077
1.33516
1.33215
1.33033
1.32794
1.32428
1.32
1.31603
1.31222
1.30698
1.29839
1.28594
1.27186
1.26047
1.25623
1.26155
1.27608
1.29776
1.32426
1.35364
1.38436
1.41477
1.44259
1.46473
1.47732
1.4764
1.45921
1.42548
1.3784
1.32511
1.27603
1.24242
1.23186
1.24475
1.27454
1.31185
1.34855
1.37995
1.40449
1.42183
1.43135
1.43181
1.42252
1.40505
1.38402
1.3661
1.35561
1.35077
1.34667
1.34128
1.33672
1.33593
1.33973
1.34612
1.35158
1.35301
1.34896
1.34006
1.32839
1.31678
1.30824
1.30596
1.31292
1.33051
1.35723
1.38866
1.4186
1.44062
1.4501
1.44622
1.4329
1.41732
1.40632
1.40259
1.40314
1.40208
1.39469
1.3794
1.35709
1.33034
1.30313
1.27977
1.26297
1.25344
1.2515
1.25781
1.27189
1.29087
1.31069
1.32836
1.34317
1.35589
1.36714
1.37591
1.37893
1.37183
1.35119
1.31658
1.27265
1.23036
1.2036
1.19999
1.2154
1.23988
1.26592
1.29048
1.31239
1.32999
1.34182
1.34917
1.35627
1.36696
1.38083
1.39382
1.40179
1.40314
1.39876
1.39072
1.38136
1.37315
1.36864
1.3692
1.37353
1.3776
1.37759
1.37303
1.36711
1.36435
1.36761
1.37645
1.38758
1.39637
1.39879
1.39328
1.38144
1.36724
1.35538
1.34961
1.35168
1.36031
1.37139
1.37996
1.38291
1.38005
1.37295
1.36253
1.34816
1.32979
1.31046
1.29648
1.29473
1.30883
1.33648
1.37015
1.40056
1.42008
1.42433
1.41251
1.38702
1.35263
1.31487
1.27851
1.24651
1.22088
1.20425
1.20052
1.21345
1.24397
1.28889
1.34198
1.39607
1.44443
1.48142
1.50287
1.5071
1.495
1.46961
1.43511
1.39615
1.35818
1.32784
1.31186
1.31331
1.32778
1.3439
1.34961
1.33862
1.31303
1.28064
1.25077
1.23098
1.22582
1.23603
1.25833
1.28633
1.3132
1.33422
1.34789
1.35485
1.3567
1.35506
1.3513
1.34664
1.3425
1.3408
1.34377
1.35321
1.36949
1.39088
1.41396
1.43486
1.45109
1.46244
1.4699
1.47397
1.47454
1.47205
1.46766
1.4621
1.45494
1.44531
1.43262
1.41675
1.39785
1.37674
1.35606
1.33984
1.33151
1.33122
1.33573
1.3401
1.33993
1.3915
1.37251
1.345
1.31312
1.28225
1.25756
1.24296
1.2406
1.25067
1.27116
1.29824
1.32661
1.35025
1.36398
1.36579
1.35815
1.34697
1.33811
1.3344
1.33515
1.33791
1.3407
1.34312
1.34592
1.3495
1.35305
1.35506
1.35467
1.35238
1.34932
1.34638
1.34457
1.34584
1.35274
1.36693
1.38809
1.41394
1.44128
1.46678
1.48745
1.50069
1.50399
1.49493
1.47186
1.43505
1.38734
1.33433
1.28426
1.24708
1.23203
1.24406
1.28152
1.33645
1.39765
1.45407
1.49725
1.52249
1.5288
1.51846
1.49611
1.46777
1.4393
1.41466
1.39501
1.37992
1.36865
1.36031
1.35349
1.34672
1.3395
1.33274
1.3277
1.3242
1.32032
1.31361
1.30274
1.28886
1.27624
1.27042
1.27411
1.28486
1.29756
1.30939
1.32124
1.33528
1.35211
1.37065
1.38918
1.40578
1.41797
1.42268
1.41757
1.40279
1.38214
1.36226
1.3502
1.35047
1.36381
1.38792
1.41864
1.45052
1.47754
1.49494
1.50082
1.49573
1.48129
1.46069
1.43944
1.42319
1.41352
1.40657
1.39753
1.38599
1.37632
1.37153
1.36841
1.3615
1.34927
1.33578
1.32798
1.33145
1.34716
1.37089
1.39559
1.41422
1.42148
1.41513
1.39683
1.37222
1.34976
1.33797
1.34209
1.36165
1.39069
1.42061
1.44353
1.4547
1.45339
1.44263
1.42797
1.41577
1.41138
1.41696
1.43014
1.44493
1.45569
1.46023
1.45786
1.44638
1.42396
1.39219
1.356
1.32151
1.29436
1.27842
1.27495
1.28206
1.29506
1.30802
1.31578
1.31545
1.30691
1.29221
1.27485
1.25945
1.25172
1.25796
1.28108
1.31628
1.35403
1.38713
1.41312
1.4323
1.44531
1.45224
1.45247
1.44506
1.42917
1.40519
1.3753
1.34357
1.31479
1.29308
1.28083
1.27835
1.28439
1.29761
1.31774
1.3438
1.37228
1.39823
1.41838
1.43217
1.4402
1.44261
1.43922
1.43153
1.42487
1.42717
1.44332
1.47053
1.49998
1.52239
1.53173
1.52603
1.5066
1.47729
1.44327
1.40948
1.37879
1.35182
1.3279
1.30695
1.29013
1.2792
1.27494
1.27607
1.27981
1.28413
1.28981
1.30006
1.31732
1.34086
1.36776
1.39516
1.42093
1.44339
1.46116
1.4739
1.48271
1.48916
1.49399
1.49614
1.49301
1.4817
1.46055
1.42989
1.39205
1.35113
1.31226
1.28093
1.26195
1.25897
1.27386
1.30536
1.34795
1.3931
1.43207
1.45819
1.46798
1.46128
1.44101
1.41264
1.38309
1.35874
1.3434
1.33763
1.33968
1.34691
1.35681
1.3677
1.37919
1.39158
1.40515
1.41902
1.43069
1.43667
1.43378
1.42092
1.4005
1.37858
1.36274
1.35884
1.36808
1.38629
1.40608
1.42076
1.42667
1.42316
1.41118
1.39267
1.37101
1.35137
1.33981
1.3406
1.35348
1.37372
1.39544
1.41494
1.43113
1.44357
1.45031
1.44784
1.43301
1.40515
1.36659
1.32184
1.27698
1.23897
1.21508
1.21104
1.22844
1.26307
1.30587
1.34666
1.37827
1.39839
1.40854
1.41147
1.4097
1.40612
1.40425
1.4069
1.41418
1.42325
1.42995
1.43116
1.42661
1.41924
1.41388
1.41451
1.42204
1.43413
1.44645
1.4543
1.45391
1.44381
1.4258
1.40508
1.38858
1.38176
1.38613
1.39882
1.4127
1.41859
1.41005
1.38698
1.35508
1.3224
1.29612
1.28074
1.27792
1.28753
1.30854
1.33885
1.37531
1.4139
1.4495
1.47561
1.48592
1.47698
1.44966
1.40995
1.36799
1.33549
1.32091
1.32535
1.34329
1.36655
1.38784
1.40236
1.40761
1.40248
1.38758
1.36547
1.34024
1.31628
1.29817
1.29074
1.29747
1.3178
1.34625
1.37437
1.39429
1.40177
1.39732
1.38531
1.37104
1.35776
1.34584
1.3338
1.32031
1.30565
1.29197
1.28275
1.28197
1.29239
1.3139
1.34327
1.37528
1.40465
1.42729
1.44114
1.44645
1.44577
1.44283
1.44038
1.43868
1.43573
1.42915
1.4177
1.40141
1.38096
1.35721
1.3314
1.30627
1.28758
1.28322
1.29773
1.32795
1.36673
1.40873
1.45077
1.48921
1.51932
1.53707
1.54086
1.53192
1.51345
1.48967
1.46434
1.43999
1.41794
1.39868
1.38141
1.36437
1.34703
1.33189
1.32271
1.32075
1.32404
1.32991
1.33651
1.34225
1.34614
1.34904
1.35301
1.3597
1.36933
1.38058
1.3909
1.39781
1.40002
1.39758
1.3913
1.38331
1.37759
1.37882
1.38954
1.408
1.42892
1.44626
1.45558
1.45478
1.44394
1.42482
1.40028
1.37322
1.34698
1.3256
1.31272
1.30932
1.31319
1.32103
1.33122
1.34463
1.36328
1.3881
1.4178
1.44909
1.47805
1.50132
1.51672
1.52221
1.51514
1.49283
1.45438
1.40204
1.34136
1.28018
1.22689
1.18874
1.17063
1.17354
1.1946
1.22885
1.27112
1.31645
1.35998
1.39747
1.42581
1.44291
1.44757
1.44017
1.42358
1.40343
1.3871
1.38119
1.38828
1.40538
1.42561
1.44163
1.44824
1.44384
1.43022
1.41156
1.39262
1.37702
1.36705
1.36408
1.36824
1.37769
1.38861
1.39547
1.39216
1.37462
1.34445
1.31055
1.28545
1.27812
1.28997
1.31684
1.35229
1.38895
1.41905
1.43598
1.43611
1.42022
1.39347
1.36411
1.34024
1.32673
1.3246
1.3325
1.34799
1.36718
1.38515
1.39754
1.40216
1.39969
1.39356
1.38864
1.38907
1.3962
1.40778
1.41935
1.42661
1.42762
1.42354
1.41756
1.41215
1.40703
1.399
1.38403
1.36054
1.33222
1.30739
1.29381
1.2933
1.30124
1.31052
1.3156
1.31431
1.30786
1.29982
1.29447
1.29486
1.30147
1.31197
1.32288
1.33267
1.34325
1.35781
1.37765
1.40126
1.42555
1.44788
1.46681
1.48176
1.49223
1.49697
1.49414
1.48195
1.45958
1.42815
1.39181
1.35752
1.33326
1.325
1.3341
1.35698
1.38699
1.41697
1.44126
1.45656
1.46187
1.45771
1.44591
1.42947
1.41195
1.39643
1.38453
1.37583
1.36816
1.3593
1.34893
1.33869
1.32954
1.31961
1.30539
1.28507
1.26076
1.23827
1.22525
1.22797
1.24873
1.28462
1.32845
1.37066
1.40188
1.41565
1.41047
1.39012
1.36276
1.33842
1.32589
1.3302
1.35135
1.38486
1.42297
1.45679
1.47873
1.48428
1.4728
1.4476
1.41586
1.38737
1.37172
1.37416
1.39314
1.422
1.45318
1.48085
1.50141
1.51253
1.51303
1.50395
1.48878
1.4719
1.45555
1.43839
1.41706
1.38968
1.35814
1.32764
1.30484
1.29615
1.30575
1.33278
1.37017
1.40728
1.4345
1.44591
1.43921
1.41503
1.37695
1.33201
1.29002
1.26101
1.25172
1.26259
1.28791
1.31881
1.34749
1.36948
1.38368
1.39078
1.39195
1.38844
1.38175
1.37342
1.36489
1.35739
1.35215
1.35036
1.35257
1.35764
1.36288
1.36511
1.36256
1.35614
1.34948
1.34732
1.35299
1.36677
1.38632
1.40862
1.43102
1.45134
1.46797
1.47968
1.48533
1.4838
1.47419
1.45714
1.43607
1.41678
1.4044
1.40072
1.40455
1.41284
1.42064
1.42189
1.41136
1.38664
1.34945
1.30629
1.26678
1.23994
1.2308
1.24011
1.26628
1.30564
1.35085
1.39223
1.42287
1.44183
1.45213
1.45711
1.45851
1.4573
1.4551
1.4545
1.45779
1.46523
1.47451
1.48153
1.48227
1.47477
1.46062
1.44357
1.4263
1.40884
1.39009
1.37054
1.35307
1.3413
1.33737
1.34033
1.3461
1.34983
1.34898
1.34421
1.33753
1.32935
1.31787
1.30161
1.28243
1.26597
1.25974
1.27009
1.2988
1.34092
1.38662
1.42609
1.45304
1.46549
1.46455
1.45329
1.43612
1.41825
1.40458
1.39804
1.39843
1.40262
1.40714
1.4115
1.41725
1.42177
1.41807
1.40408
1.38639
1.37418
1.37268
1.3824
1.40188
1.42906
1.46029
1.49005
1.5126
1.52398
1.52259
1.50866
1.48362
1.44989
1.41116
1.37255
1.33978
1.31697
1.3048
1.30088
1.30232
1.30807
1.31824
1.33206
1.34721
1.36087
1.37058
1.3741
1.3693
1.35501
1.33287
1.30874
1.29053
1.28376
1.28939
1.30522
1.3277
1.35226
1.37403
1.3892
1.39673
1.39878
1.3998
1.4048
1.41709
1.43677
1.46026
1.48206
1.4973
1.50346
1.50037
1.489
1.47046
1.44578
1.41658
1.38503
1.35364
1.32454
1.29928
1.27915
1.26546
1.25962
1.26253
1.2739
1.29205
1.31428
1.33734
1.35744
1.37095
1.37544
1.3702
1.35655
1.33775
1.3187
1.30518
1.30174
1.30921
1.32375
1.33867
1.34855
1.35219
1.35251
1.35399
1.35976
1.37033
1.38441
1.40014
1.41573
1.42966
1.44075
1.44819
1.45129
1.44954
1.44341
1.43507
1.42768
1.42267
1.41836
1.4118
1.40213
1.39251
1.38901
1.39691
1.41673
1.44319
1.46765
1.48167
1.47929
1.45756
1.41717
1.36391
1.30922
1.26633
1.24267
1.23777
1.24821
1.27235
1.31024
1.36112
1.42182
1.4867
1.54851
1.59944
1.63177
1.63916
1.61779
1.56841
1.49824
1.42111
1.35271
1.30339
1.27486
1.26358
1.26546
1.27823
1.29979
1.32575
1.34989
1.36726
1.37632
1.37775
1.37224
1.36088
1.34672
1.33428
1.32702
1.32562
1.32819
1.3311
1.33109
1.32823
1.32694
1.33361
1.35266
1.38384
1.4222
1.46056
1.49225
1.513
1.52129
1.51812
1.50636
1.48991
1.4725
1.45671
1.44386
1.43447
1.42835
1.42506
1.42477
1.42931
1.4409
1.45915
1.48009
1.49869
1.51065
1.51264
1.50249
1.47992
1.44714
1.40826
1.36791
1.32986
1.29667
1.26979
1.25007
1.23862
1.23662
1.24469
1.26215
1.28661
1.31354
1.33671
1.34954
1.34745
1.32944
1.29916
1.26502
1.23797
1.22726
1.23651
1.26276
1.29851
1.33504
1.3653
1.38565
1.39583
1.39797
1.39518
1.39028
1.38511
1.38035
1.3758
1.37091
1.3654
1.3596
1.35449
1.35123
1.35027
1.39951
1.39633
1.38895
1.37913
1.37256
1.37598
1.39217
1.41789
1.44719
1.47557
1.5007
1.52049
1.53259
1.53624
1.53417
1.53091
1.52851
1.5246
1.51462
1.49468
1.46332
1.42224
1.37717
1.33748
1.31352
1.3117
1.33
1.35904
1.38797
1.40899
1.41807
1.41363
1.39535
1.36407
1.32308
1.27937
1.24307
1.2238
1.227
1.25278
1.29642
1.34942
1.40177
1.44482
1.47342
1.48622
1.48496
1.47371
1.45759
1.44156
1.42931
1.42278
1.42229
1.4268
1.43416
1.44117
1.44414
1.4403
1.42935
1.4144
1.40079
1.39364
1.39472
1.40129
1.40799
1.41023
1.40612
1.3965
1.38402
1.37181
1.36227
1.35646
1.35448
1.35599
1.36025
1.366
1.37157
1.3752
1.3755
1.37199
1.36511
1.35613
1.34735
1.34231
1.34569
1.36166
1.39129
1.431
1.47373
1.51176
1.53901
1.55175
1.54882
1.53224
1.50671
1.47735
1.44817
1.42224
1.40216
1.38983
1.38591
1.3895
1.39859
1.41081
1.42403
1.43638
1.44605
1.45108
1.44979
1.44159
1.42752
1.41012
1.39223
1.37547
1.35964
1.34374
1.32822
1.31599
1.31147
1.31764
1.3336
1.35447
1.37338
1.38431
1.38416
1.37403
1.35898
1.34607
1.34096
1.34539
1.35712
1.37193
1.38583
1.39628
1.40216
1.40343
1.401
1.39673
1.39352
1.39452
1.40178
1.41518
1.43211
1.44837
1.45984
1.46389
1.46002
1.44966
1.43579
1.422
1.41163
1.40615
1.40414
1.40176
1.39525
1.38328
1.36747
1.3513
1.3391
1.33491
1.34175
1.36079
1.39058
1.42642
1.46053
1.48465
1.49387
1.48916
1.4768
1.4655
1.46249
1.47079
1.48812
1.50902
1.52793
1.5408
1.54539
1.54076
1.52702
1.50528
1.47781
1.4484
1.4207
1.39526
1.36975
1.34321
1.31882
1.30231
1.29747
1.30317
1.31474
1.32774
1.34037
1.35348
1.36879
1.38652
1.40463
1.41973
1.42865
1.43011
1.42546
1.41782
1.41025
1.4043
1.40038
1.39909
1.40222
1.41217
1.43007
1.45395
1.47898
1.49967
1.51218
1.51459
1.50565
1.4842
1.45013
1.40564
1.35665
1.31259
1.28272
1.2708
1.2742
1.28803
1.30836
1.33214
1.35658
1.37937
1.39865
1.41315
1.42204
1.42485
1.42215
1.41638
1.41156
1.41127
1.4158
1.4216
1.42411
1.42164
1.41637
1.41111
1.40677
1.40291
1.39911
1.3958
1.39379
1.39329
1.39313
1.39154
1.38776
1.3829
1.37908
1.37813
1.38052
1.38505
1.38951
1.39183
1.39088
1.38665
1.37984
1.37161
1.36361
1.35781
1.35568
1.35725
1.36123
1.36681
1.37456
1.38562
1.39962
1.4131
1.42065
1.41753
1.40203
1.37686
1.34877
1.32662
1.31829
1.32841
1.35738
1.40183
1.45568
1.51138
1.56095
1.59708
1.61403
1.60862
1.58161
1.53862
1.49028
1.44947
1.42609
1.42246
1.43413
1.45417
1.47634
1.49562
1.50786
1.50977
1.49935
1.47647
1.44308
1.4026
1.35874
1.31481
1.27377
1.23902
1.21508
1.20699
1.21777
1.24599
1.28585
1.3297
1.37068
1.4039
1.42675
1.4386
1.44025
1.43348
1.42109
1.40725
1.39693
1.39385
1.39843
1.40772
1.41724
1.424
1.42778
1.43001
1.43142
1.43101
1.42637
1.41541
1.39765
1.37521
1.35247
1.33511
1.32844
1.33531
1.35417
1.37924
1.40364
1.42292
1.43591
1.44348
1.448
1.45341
1.4634
1.478
1.49238
1.49938
1.49324
1.47206
1.43842
1.39879
1.36184
1.33559
1.32398
1.32568
1.33643
1.35307
1.37468
1.40052
1.4285
1.45534
1.47792
1.49382
1.50167
1.50106
1.49279
1.47923
1.46447
1.4537
1.45108
1.45723
1.46857
1.47912
1.48356
1.47902
1.46529
1.4438
1.41688
1.38821
1.36317
1.34775
1.34568
1.35522
1.36931
1.37929
1.37923
1.36749
1.34587
1.31817
1.28963
1.26658
1.25443
1.2549
1.26494
1.27919
1.29373
1.3078
1.32237
1.33753
1.35129
1.36065
1.36353
1.36086
1.35675
1.35617
1.36244
1.37664
1.39832
1.42597
1.45733
1.48943
1.51866
1.54073
1.55146
1.54817
1.53107
1.50411
1.47368
1.44617
1.42516
1.41067
1.40063
1.39365
1.38978
1.38916
1.39047
1.39116
1.38979
1.38715
1.38505
1.3842
1.38333
1.38037
1.37372
1.36293
1.34979
1.33907
1.33763
1.35084
1.37922
1.41788
1.4593
1.49691
1.52725
1.54957
1.56438
1.57194
1.57194
1.56376
1.54758
1.52514
1.49978
1.47526
1.45437
1.43862
1.42856
1.42344
1.42054
1.41553
1.4047
1.3874
1.36706
1.34967
1.33946
1.3368
1.34125
1.35358
1.37257
1.39213
1.40362
1.40051
1.38153
1.35225
1.32428
1.31069
1.3191
1.34741
1.38572
1.42259
1.44951
1.46229
1.46084
1.44872
1.43297
1.42274
1.42563
1.44282
1.46763
1.48943
1.49909
1.49231
1.47013
1.43827
1.40545
1.38087
1.37111
1.37785
1.39693
1.41988
1.43685
1.43984
1.4254
1.39542
1.35704
1.32171
1.303
1.31132
1.3464
1.39565
1.44224
1.47484
1.4908
1.49377
1.48951
1.48353
1.48025
1.4833
1.49517
1.51616
1.54338
1.57101
1.59213
1.60147
1.59676
1.57835
1.54797
1.50744
1.4583
1.40298
1.34673
1.29807
1.26546
1.25281
1.25924
1.28214
1.31885
1.36581
1.41637
1.46029
1.48719
1.49153
1.47483
1.44364
1.40609
1.37004
1.3423
1.32761
1.32793
1.34252
1.36767
1.39689
1.42255
1.43866
1.44277
1.43644
1.42427
1.41273
1.40826
1.4143
1.42882
1.44511
1.45593
1.4577
1.45153
1.44133
1.43063
1.421
1.41304
1.40811
1.40871
1.41689
1.43261
1.45293
1.47202
1.48299
1.48144
1.46759
1.44605
1.42402
1.40834
1.40231
1.404
1.40718
1.40476
1.39245
1.37058
1.34401
1.31992
1.3041
1.29771
1.29771
1.30097
1.30772
1.3209
1.3415
1.36617
1.3894
1.40625
1.41422
1.41393
1.40838
1.40102
1.39415
1.38807
1.38141
1.37272
1.36208
1.35164
1.34501
1.34526
1.35333
1.36783
1.38599
1.40418
1.41813
1.42443
1.42245
1.41507
1.40762
1.40556
1.4122
1.42757
1.44866
1.47073
1.48892
1.49989
1.50284
1.49952
1.49338
1.48806
1.48588
1.48701
1.48942
1.48953
1.4833
1.46795
1.44389
1.41489
1.38649
1.36384
1.35002
1.34511
1.34659
1.35068
1.35368
1.35313
1.34831
1.34072
1.33441
1.3356
1.35002
1.37868
1.41599
1.4531
1.48232
1.49928
1.50263
1.49372
1.47634
1.45621
1.43932
1.42987
1.42879
1.43416
1.44262
1.45035
1.45367
1.44974
1.43748
1.41762
1.39195
1.36265
1.33193
1.30259
1.27864
1.26485
1.26423
1.27511
1.29221
1.31075
1.3294
1.34965
1.37324
1.39989
1.42677
1.44952
1.46409
1.46812
1.4615
1.44633
1.42626
1.40588
1.3893
1.37887
1.37506
1.37776
1.38664
1.39975
1.41303
1.4222
1.42509
1.42249
1.41732
1.4131
1.41254
1.41708
1.42663
1.43937
1.45202
1.46096
1.46355
1.45859
1.44564
1.42475
1.3975
1.36846
1.3447
1.33365
1.34083
1.36753
1.40845
1.453
1.49024
1.51302
1.51859
1.50772
1.48404
1.45383
1.42496
1.40506
1.39905
1.40766
1.42757
1.45251
1.47561
1.49176
1.49898
1.49821
1.49226
1.48363
1.47256
1.45765
1.43783
1.41354
1.38659
1.35972
1.33641
1.32026
1.31393
1.31822
1.33203
1.35272
1.37626
1.39798
1.41411
1.4232
1.42603
1.42411
1.418
1.40779
1.3963
1.3915
1.40153
1.42607
1.45663
1.48398
1.50188
1.50701
1.49854
1.47845
1.45177
1.426
1.40897
1.40556
1.41537
1.4329
1.44983
1.45827
1.45349
1.43531
1.40848
1.38217
1.36659
1.36616
1.37634
1.38885
1.39786
1.40241
1.40561
1.41212
1.42446
1.44078
1.45602
1.46545
1.46761
1.46459
1.45954
1.45418
1.44768
1.43759
1.42139
1.39734
1.36467
1.32399
1.27872
1.23671
1.20789
1.19724
1.20229
1.21862
1.24438
1.27899
1.32077
1.36634
1.41126
1.45146
1.48458
1.51009
1.52859
1.54067
1.54682
1.54795
1.5459
1.54318
1.5414
1.53972
1.5353
1.52582
1.51296
1.50226
1.49798
1.49931
1.50298
1.50725
1.51201
1.51698
1.52018
1.51758
1.50518
1.48216
1.45158
1.41841
1.38718
1.36066
1.33981
1.3247
1.31521
1.3112
1.31184
1.31609
1.32414
1.33721
1.35536
1.37643
1.39758
1.4174
1.43596
1.45352
1.46916
1.48098
1.48675
1.48514
1.4768
1.46418
1.45015
1.43729
1.42817
1.42556
1.43085
1.44281
1.45753
1.47001
1.47582
1.47199
1.45743
1.43277
1.4
1.36214
1.32363
1.29098
1.27192
1.27019
1.28094
1.29518
1.30755
1.31873
1.33302
1.35458
1.3843
1.41969
1.45735
1.49427
1.52607
1.54564
1.5452
1.51997
1.47119
1.40676
1.33963
1.28359
1.24849
1.23806
1.25106
1.28353
1.32991
1.38335
1.43609
1.48112
1.51411
1.53401
1.54265
1.54319
1.53856
1.53004
1.51669
1.4962
1.4672
1.43185
1.39637
1.36887
1.3549
1.35408
1.36131
1.37059
1.37713
1.37764
1.37059
1.35686
1.33954
1.32232
1.30856
1.30145
1.30307
1.31274
1.32727
1.34291
1.35692
1.36823
1.37761
1.38729
1.39944
1.41434
1.42973
1.4418
1.44677
1.44223
1.42824
1.4079
1.3866
1.36984
1.36077
1.35942
1.36401
1.37264
1.38406
1.39702
1.4099
1.42105
1.42923
1.43335
1.43176
1.4224
1.40426
1.37901
1.35093
1.32574
1.30928
1.30658
1.32103
1.35316
1.39964
1.45318
1.50406
1.5431
1.56466
1.56782
1.55532
1.53204
1.50352
1.47521
1.45126
1.43301
1.41836
1.40395
1.38833
1.37314
1.36211
1.35928
1.36635
1.38097
1.39862
1.41543
1.42885
1.43727
1.43996
1.39809
1.39408
1.39022
1.38904
1.39244
1.4005
1.41044
1.41735
1.41679
1.40736
1.39138
1.37406
1.36161
1.35908
1.36807
1.38633
1.40973
1.43373
1.45335
1.46349
1.46071
1.44433
1.4166
1.38165
1.34426
1.30895
1.27965
1.26028
1.25441
1.26365
1.28575
1.31508
1.3452
1.37175
1.3935
1.41142
1.42718
1.44164
1.4546
1.46537
1.47366
1.47964
1.48277
1.48074
1.46995
1.44799
1.41553
1.37604
1.33427
1.29592
1.26773
1.25548
1.26097
1.28058
1.30655
1.3299
1.34421
1.34873
1.34779
1.34722
1.35152
1.36366
1.38485
1.41269
1.44129
1.46459
1.47925
1.48554
1.4864
1.48558
1.48564
1.48698
1.48798
1.48592
1.47822
1.46324
1.44105
1.41351
1.38384
1.35604
1.33372
1.31892
1.31163
1.30982
1.31059
1.31163
1.31256
1.31576
1.32462
1.34008
1.35819
1.37204
1.37579
1.36692
1.34585
1.31584
1.28366
1.25824
1.24558
1.24542
1.25297
1.26306
1.27406
1.2872
1.30288
1.31933
1.33479
1.34963
1.36641
1.38847
1.417
1.44932
1.47981
1.50212
1.51132
1.50437
1.4808
1.44283
1.3959
1.34834
1.30947
1.28607
1.27928
1.28417
1.2928
1.2987
1.30016
1.30066
1.30604
1.32065
1.34527
1.37752
1.41325
1.44816
1.47869
1.50236
1.51728
1.52191
1.5153
1.49824
1.4744
1.44998
1.4316
1.4231
1.42415
1.43118
1.439
1.44253
1.43826
1.42528
1.40533
1.38198
1.35994
1.34423
1.33856
1.34299
1.35312
1.36289
1.36798
1.36739
1.36267
1.35657
1.35181
1.35023
1.35239
1.35687
1.36034
1.35873
1.34936
1.33298
1.31376
1.29683
1.28582
1.28215
1.28577
1.2958
1.31111
1.33095
1.35493
1.38198
1.40948
1.43343
1.44949
1.455
1.45012
1.43739
1.42081
1.40548
1.3972
1.40034
1.41432
1.43324
1.44993
1.46012
1.46357
1.46267
1.46029
1.4585
1.45801
1.45827
1.4577
1.45416
1.44579
1.43226
1.41581
1.40004
1.38695
1.37536
1.36277
1.3478
1.33125
1.3158
1.3056
1.30499
1.31614
1.33741
1.36397
1.38938
1.40707
1.41227
1.40367
1.38365
1.35665
1.32737
1.30103
1.28421
1.28278
1.29783
1.32484
1.3573
1.39019
1.42061
1.44687
1.46713
1.47884
1.47952
1.46791
1.44486
1.41325
1.37737
1.34193
1.3116
1.29118
1.28555
1.29766
1.32496
1.35775
1.3838
1.39522
1.39174
1.37903
1.36419
1.3522
1.34567
1.34605
1.35385
1.36684
1.37992
1.38714
1.38486
1.37343
1.35649
1.33882
1.32409
1.31378
1.3075
1.3041
1.30272
1.30331
1.30649
1.31256
1.32046
1.32726
1.32896
1.32219
1.30542
1.28015
1.2509
1.22433
1.20706
1.20366
1.21542
1.24051
1.27507
1.31449
1.3548
1.39363
1.43069
1.46686
1.50208
1.5341
1.5588
1.57222
1.57275
1.56162
1.54167
1.51587
1.48671
1.45686
1.42968
1.40862
1.39614
1.39268
1.39603
1.40188
1.40556
1.40398
1.39653
1.38418
1.36788
1.34831
1.32735
1.30886
1.29752
1.29653
1.30594
1.32291
1.34363
1.36518
1.38608
1.40589
1.42448
1.44119
1.45418
1.46137
1.46222
1.45865
1.45395
1.45017
1.44625
1.43872
1.42442
1.40258
1.37506
1.34472
1.31492
1.2911
1.28087
1.28788
1.30704
1.32993
1.35233
1.37394
1.39405
1.40949
1.41621
1.41224
1.39927
1.38187
1.36536
1.35419
1.35095
1.35669
1.37091
1.39096
1.41189
1.42729
1.43044
1.41567
1.38176
1.33646
1.29725
1.28226
1.29761
1.33598
1.38503
1.43403
1.47557
1.50594
1.52551
1.53761
1.545
1.54699
1.54057
1.52333
1.49515
1.45873
1.4199
1.38656
1.36607
1.36185
1.37254
1.39345
1.41825
1.4405
1.45519
1.45971
1.45372
1.43873
1.41724
1.39212
1.36594
1.3408
1.31834
1.29997
1.28699
1.28039
1.28032
1.28555
1.29343
1.3006
1.30438
1.30382
1.29993
1.29479
1.29089
1.29097
1.29779
1.31305
1.33594
1.36272
1.38776
1.40521
1.41058
1.40202
1.38096
1.35239
1.32433
1.30604
1.30531
1.32533
1.36349
1.41267
1.46391
1.50929
1.54381
1.56563
1.57474
1.57149
1.55564
1.52716
1.48737
1.43946
1.38816
1.33894
1.29712
1.26666
1.24937
1.24566
1.25573
1.27789
1.30692
1.33656
1.36309
1.38556
1.40406
1.41855
1.42846
1.43288
1.43131
1.4245
1.41473
1.40517
1.39842
1.39506
1.39363
1.39248
1.39215
1.39581
1.40711
1.42619
1.44807
1.4652
1.47151
1.46506
1.44833
1.42693
1.4073
1.39458
1.39121
1.39711
1.41037
1.42802
1.44676
1.46319
1.47379
1.47565
1.4674
1.44953
1.42403
1.39399
1.36347
1.33729
1.31976
1.31262
1.31424
1.3214
1.33151
1.3431
1.35451
1.36335
1.36775
1.36713
1.36224
1.35485
1.34697
1.34034
1.33619
1.3351
1.3373
1.34241
1.34909
1.35508
1.35831
1.3579
1.35393
1.34655
1.33612
1.32351
1.31026
1.29786
1.28696
1.27716
1.26775
1.25928
1.25415
1.25475
1.26156
1.27411
1.29301
1.31905
1.35093
1.38451
1.41453
1.43686
1.45033
1.4575
1.46384
1.47458
1.49029
1.50647
1.51726
1.51957
1.51387
1.50254
1.48799
1.47163
1.4543
1.43699
1.42155
1.41047
1.40563
1.40627
1.40878
1.40935
1.40607
1.39852
1.38702
1.37362
1.36307
1.36126
1.37105
1.38983
1.41096
1.42741
1.43439
1.43031
1.41732
1.40066
1.38683
1.3798
1.37867
1.37912
1.37739
1.37309
1.36926
1.36967
1.37565
1.38505
1.39366
1.39675
1.3901
1.37082
1.33834
1.29533
1.24787
1.20504
1.17683
1.17004
1.18489
1.21594
1.25614
1.29971
1.34272
1.38292
1.41912
1.45079
1.47758
1.49918
1.51564
1.5271
1.53296
1.53131
1.51979
1.49716
1.46459
1.4257
1.38588
1.35074
1.32466
1.30965
1.30473
1.30698
1.31329
1.3215
1.33036
1.3396
1.34995
1.36256
1.37818
1.39624
1.41484
1.43132
1.44357
1.45127
1.45619
1.46105
1.46765
1.47568
1.48318
1.48708
1.48428
1.47305
1.45415
1.43011
1.40404
1.37943
1.36047
1.35065
1.35109
1.3604
1.3757
1.39326
1.40853
1.41731
1.41789
1.41214
1.40437
1.39846
1.39525
1.39169
1.38271
1.36477
1.33873
1.31035
1.28787
1.27792
1.2823
1.29819
1.32036
1.34344
1.36364
1.37951
1.39111
1.39814
1.39936
1.39409
1.38376
1.37204
1.36331
1.36111
1.36723
1.38158
1.40239
1.42627
1.44878
1.4662
1.47724
1.48356
1.48797
1.49198
1.49475
1.49396
1.48683
1.47156
1.44925
1.42389
1.39971
1.37936
1.36435
1.35574
1.35419
1.35944
1.36984
1.3825
1.39411
1.40232
1.40689
1.40935
1.41124
1.41223
1.41085
1.40736
1.40461
1.40601
1.41244
1.4219
1.43114
1.43705
1.43707
1.42987
1.41583
1.39623
1.37128
1.34055
1.30623
1.27468
1.25411
1.25062
1.26565
1.29462
1.32831
1.35752
1.37877
1.39565
1.41265
1.42802
1.43594
1.436
1.43882
1.45635
1.48625
1.51624
1.53789
1.54889
1.54929
1.53924
1.51882
1.48858
1.45068
1.40987
1.37241
1.34255
1.32066
1.30545
1.29728
1.29873
1.31159
1.33342
1.35751
1.37647
1.38626
1.3875
1.38452
1.38262
1.38518
1.39191
1.39919
1.40215
1.39709
1.38277
1.36058
1.33399
1.30745
1.28509
1.26945
1.26149
1.26197
1.27282
1.29678
1.3348
1.38357
1.43584
1.48353
1.52031
1.54257
1.5494
1.54257
1.52588
1.50349
1.47823
1.45164
1.42553
1.40277
1.3872
1.3825
1.39024
1.40833
1.43178
1.4553
1.4754
1.49055
1.5001
1.50253
1.49523
1.47598
1.44521
1.40711
1.36835
1.33469
1.30799
1.28642
1.26681
1.24666
1.2257
1.20702
1.19634
1.19915
1.21789
1.25201
1.2989
1.35395
1.4111
1.46432
1.50846
1.53909
1.55275
1.54828
1.52818
1.49826
1.46588
1.43748
1.41695
1.40527
1.40114
1.40189
1.40474
1.40757
1.40855
1.40481
1.3927
1.37024
1.34079
1.31419
1.30254
1.31198
1.33858
1.37234
1.40428
1.43008
1.44895
1.46015
1.4609
1.44766
1.41913
1.37811
1.3318
1.29335
1.27977
1.29933
1.34272
1.39321
1.43853
1.47306
1.49673
1.51296
1.52529
1.53403
1.53604
1.52772
1.50827
1.48048
1.4492
1.4186
1.39042
1.36412
1.33929
1.31789
1.30319
1.29656
1.2963
1.29988
1.30599
1.31483
1.32679
1.34135
1.35686
1.37139
1.38373
1.39334
1.39953
1.40152
1.39954
1.39587
1.39372
1.39442
1.39634
1.39677
1.39466
1.39146
1.39025
1.39419
1.40491
1.42155
1.44047
1.45646
1.46442
1.46133
1.44733
1.426
1.40319
1.38434
1.3721
1.3664
1.36585
1.36857
1.37176
1.37151
1.36421
1.34805
1.32327
1.29242
1.26093
1.23702
1.22908
1.24147
1.27169
1.31154
1.35124
1.3833
1.40408
1.41339
1.41404
1.41099
1.40927
1.41156
1.41693
1.42204
1.4238
1.42178
1.41909
1.42102
1.43187
1.45185
1.47624
1.49722
1.50633
1.49702
1.46696
1.41943
1.36289
1.30794
1.26431
1.23913
1.2362
1.25477
1.28976
1.33381
1.37974
1.42175
1.45547
1.47801
1.48799
1.48575
1.47333
1.45407
1.43179
1.40974
1.38988
1.37382
1.36309
1.35876
1.36057
1.3674
1.37818
1.39209
1.40827
1.42528
1.44118
1.45358
1.46015
1.45911
1.44965
1.43217
1.40843
1.38124
1.35335
1.32655
1.30166
1.28001
1.26514
1.26233
1.27519
1.30163
1.33399
1.36326
1.38292
1.3902
1.38524
1.37034
1.34963
1.32821
1.31059
1.29925
1.29397
1.29262
1.29248
1.29138
1.28819
1.28285
1.27693
1.27392
1.27807
1.29147
1.31204
1.33544
1.35854
1.38039
1.40076
1.41895
1.41446
1.42726
1.43798
1.44747
1.45648
1.46541
1.47412
1.48151
1.48582
1.48518
1.47826
1.46504
1.44685
1.42574
1.4039
1.38264
1.36219
1.34219
1.32216
1.30167
1.28095
1.26193
1.24856
1.24539
1.25518
1.27745
1.30918
1.34687
1.38755
1.42847
1.46678
1.49986
1.52571
1.54293
1.55049
1.5475
1.53345
1.50923
1.47746
1.44172
1.40517
1.36944
1.33454
1.29961
1.26455
1.23174
1.20674
1.19673
1.20653
1.23551
1.27753
1.32356
1.36488
1.39543
1.41252
1.41681
1.4115
1.40095
1.38923
1.37935
1.37339
1.37257
1.37723
1.38633
1.39721
1.40604
1.40929
1.40524
1.39487
1.38162
1.36995
1.36351
1.36341
1.36765
1.37211
1.37227
1.36512
1.35038
1.33058
1.30988
1.2925
1.28218
1.28275
1.29803
1.32986
1.37568
1.42836
1.47841
1.51688
1.53802
1.54052
1.52702
1.5019
1.46888
1.43044
1.38977
1.35297
1.32862
1.32408
1.34031
1.37003
1.40174
1.4267
1.44166
1.44705
1.44365
1.43152
1.4115
1.38664
1.36126
1.33867
1.32005
1.30528
1.29421
1.28707
1.2841
1.28561
1.29134
1.29994
1.30918
1.31692
1.32212
1.3254
1.32867
1.33445
1.3453
1.36314
1.38822
1.41841
1.44936
1.47562
1.49256
1.49837
1.49482
1.48633
1.47783
1.4723
1.47016
1.4696
1.4677
1.46158
1.44978
1.43304
1.41369
1.39402
1.37524
1.35762
1.34157
1.32787
1.31708
1.30859
1.3005
1.29038
1.27656
1.2592
1.24082
1.22577
1.21839
1.22119
1.23395
1.25445
1.27991
1.30783
1.33623
1.36355
1.38845
1.40951
1.42489
1.43243
1.43045
1.41965
1.40552
1.39722
1.4005
1.41181
1.42157
1.42226
1.41346
1.40118
1.39304
1.39263
1.39818
1.40644
1.41503
1.42209
1.42696
1.43331
1.44817
1.47233
1.49591
1.50762
1.50219
1.48009
1.44606
1.40855
1.37716
1.35844
1.35347
1.3586
1.36741
1.37284
1.3695
1.35644
1.3398
1.33102
1.33661
1.35051
1.36128
1.36285
1.35649
1.3478
1.3426
1.34406
1.35151
1.36168
1.37039
1.37389
1.37004
1.35935
1.3454
1.3342
1.33226
1.34382
1.36877
1.40235
1.437
1.46517
1.48159
1.48474
1.47667
1.46179
1.44488
1.42934
1.4162
1.40466
1.3926
1.3774
1.35655
1.32844
1.29388
1.25775
1.22827
1.21301
1.21448
1.2296
1.2524
1.27672
1.29793
1.31423
1.32775
1.34327
1.36392
1.38767
1.40811
1.41839
1.41483
1.39848
1.37484
1.35199
1.33734
1.33457
1.34267
1.35731
1.37331
1.38691
1.39641
1.40147
1.40217
1.39826
1.38948
1.37642
1.36089
1.34555
1.33292
1.32462
1.32146
1.32343
1.32933
1.33667
1.34249
1.34479
1.34384
1.34189
1.34121
1.34244
1.3447
1.34696
1.34912
1.35195
1.35666
1.36433
1.37543
1.38957
1.40544
1.42114
1.43453
1.4435
1.44624
1.4421
1.43195
1.41749
1.39998
1.37947
1.35551
1.32899
1.30376
1.2862
1.28205
1.29299
1.31718
1.35126
1.3906
1.42921
1.46117
1.48224
1.49092
1.48809
1.47596
1.45678
1.4326
1.40599
1.37996
1.35704
1.33815
1.32239
1.30746
1.29137
1.27411
1.25912
1.25239
1.25926
1.28052
1.31143
1.34456
1.37336
1.3935
1.40215
1.39789
1.38171
1.35804
1.33375
1.31551
1.30712
1.30863
1.31762
1.33129
1.34767
1.36572
1.38458
1.40305
1.41985
1.43422
1.44553
1.45289
1.45519
1.45164
1.44222
1.42848
1.4138
1.402
1.39541
1.39387
1.39483
1.39456
1.38995
1.38041
1.36873
1.35942
1.3553
1.35564
1.3573
1.3579
1.3577
1.35933
1.36627
1.38073
1.4016
1.42368
1.44015
1.44648
1.44245
1.43114
1.41687
1.40327
1.39202
1.38286
1.37542
1.37109
1.37284
1.38287
1.40019
1.4206
1.43825
1.44724
1.44297
1.42348
1.39072
1.35058
1.31111
1.28015
1.26361
1.26441
1.28118
1.30758
1.33419
1.35201
1.35581
1.3457
1.32696
1.30803
1.29731
1.30007
1.31621
1.34051
1.3652
1.38336
1.3914
1.38937
1.38004
1.36775
1.35683
1.35019
1.34845
1.34997
1.3528
1.35617
1.36049
1.36606
1.37191
1.37619
1.37702
1.3739
1.36826
1.36278
1.35988
1.36037
1.36311
1.36603
1.36755
1.36763
1.36795
1.37074
1.37681
1.38479
1.39221
1.39729
1.39979
1.40094
1.40277
1.40691
1.41384
1.42248
1.43073
1.43632
1.43756
1.43385
1.42554
1.41376
1.39982
1.38439
1.36694
1.34677
1.32514
1.30636
1.29617
1.29856
1.31346
1.33773
1.36727
1.39829
1.42737
1.4516
1.46898
1.47929
1.48377
1.48449
1.48337
1.4812
1.47655
1.4658
1.44486
1.41209
1.36962
1.32305
1.2798
1.24705
1.22978
1.22946
1.24397
1.26826
1.29573
1.32005
1.33671
1.34384
1.34232
1.33509
1.32591
1.31823
1.31442
1.31565
1.32168
1.33075
1.33997
1.34657
1.34896
1.34734
1.34339
1.33993
1.34036
1.34751
1.36253
1.38416
1.40835
1.42915
1.44064
1.43988
1.42879
1.413
1.39865
1.38932
1.38522
1.38425
1.38431
1.38464
1.38608
1.3899
1.39685
1.40593
1.41424
1.41767
1.41334
1.40154
1.38603
1.37169
1.36143
1.35464
1.34809
1.33963
1.3314
1.32957
1.34027
1.36443
1.39631
1.42655
1.44659
1.45128
1.43927
1.41284
1.37726
1.33991
1.30866
1.28907
1.28187
1.28345
1.28944
1.29771
1.30778
1.31854
1.32704
1.32956
1.3245
1.31469
1.30751
1.31135
1.33051
1.36332
1.4053
1.45254
1.50107
1.54504
1.57776
1.59422
1.5917
1.56941
1.52819
1.47096
1.4035
1.33502
1.27738
1.2423
1.23687
1.25988
1.30261
1.35288
1.39913
1.43282
1.44909
1.44686
1.42855
1.39996
1.36916
1.3442
1.33049
1.32931
1.33846
1.35382
1.37061
1.38428
1.39194
1.39333
1.3907
1.38787
1.38838
1.39385
1.40346
1.41427
1.4225
1.42567
1.42397
1.41923
1.41245
1.40285
1.38874
1.36941
1.34544
1.31801
1.28877
1.26136
1.24201
1.23635
1.2444
1.26126
1.28271
1.3075
1.33428
1.35898
1.37676
1.38569
1.38773
1.38627
1.38327
1.37941
1.37558
1.37305
1.37172
1.37012
1.36709
1.36316
1.35994
1.35985
1.36601
1.37955
1.39653
1.41044
1.41744
1.41799
1.41521
1.41291
1.41413
1.42045
1.43199
1.44728
1.46325
1.47555
1.47974
1.47293
1.45451
1.42632
1.39247
1.35929
1.33435
1.32396
1.32998
1.34892
1.37492
1.40355
1.43284
1.46135
1.48633
1.50359
1.5088
1.49897
1.47342
1.43443
1.38717
1.33852
1.2951
1.26218
1.24351
1.24107
1.25394
1.27766
1.30557
1.33171
1.35317
1.36996
1.38322
1.39322
1.39832
1.39562
1.38322
1.36217
1.33714
1.31517
1.30298
1.30427
1.31809
1.3393
1.36086
1.37635
1.38112
1.37307
1.35355
1.32804
1.30416
1.28638
1.27383
1.26356
1.25329
1.24119
1.22597
1.20916
1.19721
1.19979
1.22442
1.27139
1.33256
1.39444
1.44368
1.47227
1.48046
1.47559
1.4661
1.45631
1.44734
1.44054
1.4379
1.43986
1.44451
1.44868
1.44956
1.44588
1.43862
1.43044
1.42416
1.42169
1.42415
1.43202
1.44441
1.45759
1.46541
1.4623
1.446
1.41799
1.382
1.34202
1.30171
1.26486
1.2359
1.21919
1.21745
1.23065
1.25614
1.28948
1.32577
1.36061
1.3909
1.41489
1.43218
1.44319
1.44797
1.44486
1.43109
1.40496
1.36789
1.32458
1.28147
1.24507
1.22073
1.21216
1.22081
1.24563
1.28337
1.32982
1.38097
1.43342
1.48378
1.5275
1.55865
1.57067
1.55861
1.52196
1.46655
1.4041
1.34807
1.30815
1.28736
1.28303
1.28968
1.30198
1.31655
1.33318
1.35452
1.38336
1.41845
1.45404
1.48337
1.50129
1.50459
1.49293
1.46999
1.44288
1.4181
1.39867
1.38451
1.37273
1.35848
1.33787
1.31117
1.28335
1.26167
1.25252
1.25892
1.27958
1.30919
1.34087
1.36931
1.39252
1.41146
1.42803
1.44271
1.45434
1.46172
1.4652
1.46658
1.4677
1.46899
1.46894
1.46482
1.45448
1.4378
1.41699
1.39554
1.37655
1.36156
1.35053
1.34334
1.34184
1.34985
1.36936
1.39708
1.42535
1.44689
1.4579
1.45766
1.44685
1.4266
1.39822
1.36369
1.32643
1.2915
1.26539
1.25408
1.26
1.28032
1.30772
1.33329
1.34988
1.35453
1.3495
1.34068
1.33425
1.33387
1.34033
1.35282
1.37026
1.39126
1.41352
1.43293
1.44421
1.44257
1.42586
1.39613
1.35907
1.32202
1.29158
1.27306
1.27025
1.28428
1.31221
1.34745
1.38214
1.40974
1.4265
1.43128
1.42533
1.41213
1.39753
1.38835
1.389
1.39901
1.41357
1.42609
1.4306
1.42305
1.40258
1.37233
1.33933
1.31233
1.29809
1.29713
1.30225
1.30292
1.29182
1.26786
1.23505
1.20007
1.1702
1.15217
1.15158
1.17112
1.20848
1.25655
1.3068
1.35258
1.39007
1.41745
1.43416
1.44066
1.43853
1.43028
1.41882
1.40665
1.39532
1.38571
1.37837
1.37385
1.37252
1.37411
1.37736
1.38002
1.37932
1.37274
1.35886
1.33803
1.31216
1.28406
1.25662
1.23283
1.21657
1.21344
1.22938
1.26615
1.3178
1.3735
1.42377
1.46377
1.49255
1.51054
1.5178
1.51381
1.49849
1.47326
1.44176
1.40902
1.37957
1.35635
1.3411
1.33478
1.33721
1.34686
1.3615
1.37918
1.3984
1.41787
1.4359
1.45059
1.45996
1.46195
1.45526
1.44046
1.42089
1.40218
1.39036
1.3891
1.39726
1.40907
1.41707
1.41623
1.40644
1.39229
1.37989
1.37247
1.36845
1.36445
1.35884
1.35195
1.34432
1.33694
1.33239
1.33351
1.34064
1.35085
1.36042
1.36774
1.37417
1.38284
1.39644
1.41462
1.43371
