-7.82869
-7.74755
-7.62584
-7.47463
-7.29065
-7.09055
-6.88426
-6.68359
-6.50888
-6.37591
-6.29108
-6.26019
-6.27173
-6.31392
-6.37454
-6.43922
-6.49926
-6.54735
-6.57933
-6.59437
-6.595
-6.58457
-6.56574
-6.54124
-6.51674
-6.49554
-6.47915
-6.47215
-6.47533
-6.49141
-6.51932
-6.55926
-6.61149
-6.667
-6.72421
-6.77791
-6.82425
-6.85776
-6.88164
-6.89324
-6.89462
-6.88694
-6.87436
-6.86256
-6.85219
-6.84213
-6.83498
-6.82804
-6.82345
-6.81898
-6.81107
-6.80226
-6.7918
-6.78141
-6.76699
-6.75182
-6.73898
-6.72804
-6.71936
-6.71822
-6.7221
-6.73439
-6.74987
-6.7673
-6.78401
-6.79693
-6.81072
-6.82221
-6.83396
-6.84056
-6.8469
-6.85288
-6.85714
-6.85453
-6.84876
-6.84102
-6.83405
-6.8234
-6.81208
-6.79872
-6.78423
-6.77064
-6.75927
-6.75228
-6.74759
-6.75009
-6.75076
-6.7499
-6.74295
-6.73424
-6.71874
-6.69759
-6.67716
-6.65623
-6.63978
-6.62848
-6.62528
-6.62958
-6.63876
-6.65416
-6.67169
-6.69192
-6.70969
-6.72304
-6.72789
-6.72625
-6.71345
-6.6953
-6.66955
-6.64591
-6.62356
-6.60692
-6.60098
-6.60847
-6.62739
-6.65822
-6.69751
-6.74405
-6.79358
-6.83895
-6.879
-6.9134
-6.93711
-6.94723
-6.94787
-6.94081
-6.93198
-6.91881
-6.90662
-6.89418
-6.88247
-6.86959
-6.8546
-6.8351
-6.81447
-6.7938
-6.77501
-6.75534
-6.73992
-6.72445
-6.71029
-6.69724
-6.68852
-6.6799
-6.67205
-6.6652
-6.66357
-6.66188
-6.66811
-6.67814
-6.6941
-6.71208
-6.73321
-6.75304
-6.77385
-6.79347
-6.80799
-6.82086
-6.82767
-6.82601
-6.81675
-6.7965
-6.77071
-6.74811
-6.72654
-6.71145
-6.70342
-6.70122
-6.69988
-6.69941
-6.69905
-6.69876
-6.70834
-6.71894
-6.7344
-6.74878
-6.76432
-6.78111
-6.79154
-6.7995
-6.80355
-6.80683
-6.80655
-6.80335
-6.79878
-6.79828
-6.7972
-6.80295
-6.80907
-6.81834
-6.82139
-6.8199
-6.81947
-6.81644
-6.81109
-6.80424
-6.79622
-6.78686
-6.77816
-6.77229
-6.76619
-6.76092
-6.76076
-6.76308
-6.7648
-6.7643
-6.76432
-6.76281
-6.75989
-6.75698
-6.75707
-6.75598
-6.75597
-6.75983
-6.76728
-6.77167
-6.77784
-6.77915
-6.78147
-6.78271
-6.78451
-6.78705
-6.78786
-6.78679
-6.78152
-6.77426
-6.76183
-6.74554
-6.72801
-6.71448
-6.70478
-6.70228
-6.70332
-6.71147
-6.72046
-6.72972
-6.73756
-6.74081
-6.7382
-6.73242
-6.71926
-6.70362
-6.6871
-6.67229
-6.66464
-6.66541
-6.67173
-6.68898
-6.71657
-6.74776
-6.77585
-6.8054
-6.83207
-6.84926
-6.86244
-6.86811
-6.87
-6.86683
-6.86042
-6.84917
-6.83633
-6.82137
-6.80814
-6.79389
-6.77993
-6.76688
-6.75269
-6.74045
-6.73011
-6.72641
-6.72907
-6.7355
-6.75193
-6.77182
-6.78844
-6.80022
-6.80572
-6.80372
-6.79796
-6.78694
-6.77728
-6.77002
-6.76999
-6.77134
-6.77585
-6.77831
-6.77744
-6.778
-6.77423
-6.77063
-6.76255
-6.75624
-6.75386
-6.75075
-6.74774
-6.74226
-6.73657
-6.73666
-6.74083
-6.74773
-6.75714
-6.76771
-6.7732
-6.77334
-6.77127
-6.76283
-6.75144
-6.73824
-6.72424
-6.71335
-6.7008
-6.68692
-6.67724
-6.66988
-6.66818
-6.66989
-6.67796
-6.68958
-6.70499
-6.7251
-6.74875
-6.76961
-6.78883
-6.8051
-6.81723
-6.82352
-6.82154
-6.81346
-6.80337
-6.78969
-6.77644
-6.76828
-6.76381
-6.76223
-6.76369
-6.76919
-6.77552
-6.78106
-6.78771
-6.79431
-6.80121
-6.80269
-6.80169
-6.79671
-6.78503
-6.76974
-6.75246
-6.73148
-6.71246
-6.69774
-6.68999
-6.69235
-6.69482
-6.70209
-6.70944
-6.71525
-6.71975
-6.72435
-6.72722
-6.72917
-6.72899
-6.73061
-6.73162
-6.73464
-6.74167
-6.74864
-6.75954
-6.77245
-6.78619
-6.79867
-6.80632
-6.80918
-6.80614
-6.79947
-6.78809
-6.77685
-6.7621
-6.74914
-6.74413
-6.74403
-6.74936
-6.75963
-6.76936
-6.78206
-6.79161
-6.80139
-6.80842
-6.81872
-6.82569
-6.83267
-6.84058
-6.84217
-6.83785
-6.82887
-6.81536
-6.79831
-6.77522
-6.7495
-6.72528
-6.70133
-6.68228
-6.6714
-6.66648
-6.67129
-6.68267
-6.7013
-6.72587
-6.7487
-6.77139
-6.7886
-6.79666
-6.80191
-6.79919
-6.79709
-6.78876
-6.77986
-6.77274
-6.76331
-6.75266
-6.74245
-6.73498
-6.72778
-6.72111
-6.72214
-6.72667
-6.73348
-6.74337
-6.75192
-6.75946
-6.76535
-6.76673
-6.76686
-6.7628
-6.75723
-6.74954
-6.74414
-6.73837
-6.73404
-6.72881
-6.72179
-6.71624
-6.71228
-6.7129
-6.7122
-6.71314
-6.71625
-6.72043
-6.72846
-6.7345
-6.74311
-6.75051
-6.76219
-6.77042
-6.78303
-6.79242
-6.80059
-6.80244
-6.79836
-6.78736
-6.76873
-6.74461
-6.7188
-6.69637
-6.68053
-6.67211
-6.67542
-6.68935
-6.71195
-6.73911
-6.76982
-6.79841
-6.82261
-6.84569
-6.86265
-6.87829
-6.89019
-6.8987
-6.901
-6.90049
-6.88985
-6.87836
-6.86066
-6.83941
-6.81589
-6.79212
-6.77028
-6.7484
-6.72856
-6.71272
-6.6975
-6.68726
-6.68332
-6.68765
-6.69886
-6.71876
-6.74138
-6.75993
-6.77253
-6.77908
-6.77261
-6.75975
-6.74287
-6.72249
-6.70566
-6.69065
-6.68344
-6.68756
-6.70161
-6.71743
-6.7404
-6.76452
-6.78415
-6.79624
-6.79865
-6.79173
-6.77823
-6.76216
-6.7519
-6.74614
-6.74719
-6.75382
-6.75937
-6.76943
-6.7776
-6.78491
-6.79283
-6.79894
-6.80084
-6.80387
-6.8003
-6.79376
-6.78283
-6.7675
-6.75398
-6.73951
-6.73078
-6.73356
-6.74343
-6.76141
-6.78063
-6.79807
-6.80936
-6.81531
-6.81307
-6.80198
-6.78231
-6.76002
-6.73918
-6.72356
-6.71446
-6.71593
-6.72629
-6.74254
-6.7616
-6.78037
-6.79614
-6.80847
-6.8175
-6.82466
-6.82693
-6.82884
-6.82902
-6.8294
-6.82851
-6.82598
-6.82162
-6.81291
-6.80332
-6.79055
-6.77411
-6.75151
-6.72979
-6.70981
-6.69136
-6.67997
-6.6772
-6.68502
-6.69807
-6.71514
-6.72819
-6.73615
-6.73663
-6.73063
-6.71527
-6.69558
-6.67836
-6.66337
-6.65722
-6.66265
-6.67741
-6.6985
-6.72541
-6.75696
-6.79068
-6.823
-6.85116
-6.87301
-6.88985
-6.89795
-6.89533
-6.88907
-6.87219
-6.852
-6.83366
-6.81441
-6.7982
-6.78545
-6.77467
-6.76307
-6.75173
-6.738
-6.7217
-6.70568
-6.68619
-6.67084
-6.65815
-6.65301
-6.65247
-6.66137
-6.673
-6.69271
-6.71509
-6.73842
-6.76556
-6.7907
-6.81246
-6.82823
-6.83482
-6.82768
-6.8125
-6.79005
-6.76119
-6.73248
-6.70302
-6.67818
-6.66602
-6.65922
-6.65943
-6.6722
-6.68771
-6.70925
-6.73571
-6.76298
-6.79075
-6.81653
-6.83931
-6.85932
-6.87219
-6.8818
-6.88313
-6.87871
-6.87487
-6.86646
-6.85853
-6.85067
-6.84268
-6.83393
-6.82123
-6.8069
-6.78324
-6.75762
-6.72619
-6.69226
-6.66125
-6.63597
-6.62014
-6.6144
-6.61944
-6.63364
-6.65302
-6.6738
-6.69547
-6.71724
-6.73826
-6.75673
-6.77483
-6.79556
-6.81195
-6.82943
-6.8405
-6.84494
-6.8449
-6.8382
-6.82784
-6.81603
-6.80055
-6.79038
-6.7818
-6.77597
-6.77756
-6.78229
-6.78888
-6.80052
-6.81155
-6.82209
-6.83036
-6.8283
-6.81729
-6.8008
-6.7793
-6.75944
-6.74049
-6.72649
-6.7172
-6.71636
-6.71954
-6.72933
-6.74148
-6.75385
-6.76175
-6.76698
-6.76563
-6.76199
-6.75265
-6.73999
-6.72465
-6.70842
-6.69319
-6.68458
-6.68241
-6.68869
-6.70156
-6.71633
-6.73424
-6.74974
-6.76371
-6.77592
-6.78105
-6.78291
-6.78187
-6.77758
-6.77349
-6.76518
-6.75842
-6.75341
-6.75057
-6.7532
-6.75571
-6.76258
-6.76946
-6.77525
-6.7801
-6.78231
-6.78008
-6.77639
-6.77084
-6.76293
-6.75515
-6.75219
-6.75364
-6.75764
-6.76727
-6.77647
-6.78414
-6.79075
-6.79374
-6.78881
-6.77979
-6.77027
-6.75419
-6.73999
-6.72585
-6.71629
-6.71318
-6.72108
-6.73603
-6.76126
-6.7917
-6.82553
-6.85734
-6.88253
-6.89684
-6.90051
-6.88966
-6.86755
-6.8352
-6.79293
-6.74347
-6.69681
-6.6548
-6.62253
-6.60274
-6.59598
-6.60398
-6.62609
-6.65611
-6.68684
-6.72201
-6.75041
-6.77405
-6.78962
-6.79544
-6.79237
-6.78478
-6.77325
-6.76277
-6.75256
-6.74876
-6.75031
-6.75974
-6.77265
-6.78722
-6.80141
-6.81881
-6.83472
-6.85042
-6.86801
-6.87816
-6.88758
-6.89018
-6.88749
-6.88033
-6.86601
-6.84362
-6.81586
-6.78714
-6.76034
-6.73699
-6.71481
-6.70077
-6.68499
-6.67731
-6.67197
-6.66975
-6.67148
-6.681
-6.69604
-6.71844
-6.74369
-6.76445
-6.77876
-6.78444
-6.78403
-6.77777
-6.76717
-6.75333
-6.74047
-6.72552
-6.70988
-6.69407
-6.68406
-6.67534
-6.67282
-6.6765
-6.68389
-6.69743
-6.71425
-6.7332
-6.75256
-6.7677
-6.78001
-6.79584
-6.80715
-6.81374
-6.82246
-6.82786
-6.82632
-6.82411
-6.81836
-6.81333
-6.80745
-6.80574
-6.80121
-6.7968
-6.79253
-6.78311
-6.76936
-6.75053
-6.72924
-6.71133
-6.69659
-6.68627
-6.68349
-6.68934
-6.69908
-6.71392
-6.73443
-6.75894
-6.78802
-6.81467
-6.83923
-6.85896
-6.87133
-6.87349
-6.86538
-6.84994
-6.83012
-6.8112
-6.79471
-6.78408
-6.77793
-6.77852
-6.77907
-6.78612
-6.7947
-6.80708
-6.81926
-6.82754
-6.83211
-6.82827
-6.81961
-6.802
-6.77933
-6.75263
-6.72284
-6.69447
-6.67338
-6.66113
-6.65593
-6.66212
-6.67303
-6.68958
-6.71153
-6.73309
-6.75399
-6.77304
-6.78953
-6.80111
-6.80709
-6.8023
-6.79119
-6.7734
-6.75187
-6.7318
-6.71496
-6.7013
-6.6954
-6.69625
-6.70351
-6.7194
-6.73854
-6.76028
-6.77937
-6.79985
-6.81244
-6.82025
-6.8259
-6.82994
-6.83141
-6.82692
-6.82575
-6.81888
-6.81188
-6.80642
-6.80055
-6.7941
-6.78747
-6.78038
-6.76939
-6.75865
-6.74693
-6.73713
-6.72859
-6.72614
-6.72599
-6.72828
-6.7277
-6.72856
-6.72349
-6.71958
-6.7132
-6.70119
-6.68989
-6.68088
-6.67547
-6.67329
-6.67541
-6.67596
-6.67903
-6.68519
-6.69447
-6.7012
-6.71095
-6.72021
-6.728
-6.73566
-6.74018
-6.74697
-6.7543
-6.76477
-6.77819
-6.79544
-6.81174
-6.82977
-6.84528
-6.85406
-6.8595
-6.85684
-6.84748
-6.83363
-6.81479
-6.79347
-6.77322
-6.75275
-6.7416
-6.73943
-6.74653
-6.76196
-6.78247
-6.80374
-7.82869
-7.74755
-7.62584
-7.47463
-7.29065
-7.09055
-6.88426
-6.68359
-6.50888
-6.37591
-6.29108
-6.26019
-6.27173
-6.31392
-6.37454
-6.43922
-6.49926
-6.54735
-6.57933
-6.59437
-6.595
-6.58457
-6.56574
-6.54124
-6.51674
-6.49554
-6.47915
-6.47215
-6.47533
-6.49141
-6.51932
-6.55926
-6.61149
-6.667
-6.72421
-6.77791
-6.82425
-6.85776
-6.88164
-6.89324
-6.89462
-6.88694
-6.87436
-6.86256
-6.85219
-6.84213
-6.83498
-6.82804
-6.82345
-6.81898
-6.81107
-6.80226
-6.7918
-6.78141
-6.76699
-6.75182
-6.73898
-6.72804
-6.71936
-6.71822
-6.7221
-6.73439
-6.74987
-6.7673
-6.78401
-6.79693
-6.81072
-6.82221
-6.83396
-6.84056
-6.8469
-6.85288
-6.85714
-6.85453
-6.84876
-6.84102
-6.83405
-6.8234
-6.81208
-6.79872
-6.78423
-6.77064
-6.75927
-6.75228
-6.74759
-6.75009
-6.75076
-6.7499
-6.74295
-6.73424
-6.71874
-6.69759
-6.67716
-6.65623
-6.63978
-6.62848
-6.62528
-6.62958
-6.63876
-6.65416
-6.67169
-6.69192
-6.70969
-6.72304
-6.72789
-6.72625
-6.71345
-6.6953
-6.66955
-6.64591
-6.62356
-6.60692
-6.60098
-6.60847
-6.62739
-6.65822
-6.69751
-6.74405
-6.79358
-6.83895
-6.879
-6.9134
-6.93711
-6.94723
-6.94787
-6.94081
-6.93198
-6.91881
-6.90662
-6.89418
-6.88247
-6.86959
-6.8546
-6.8351
-6.81447
-6.7938
-6.77501
-6.75534
-6.73992
-6.72445
-6.71029
-6.69724
-6.68852
-6.6799
-6.67205
-6.6652
-6.66357
-6.66188
-6.66811
-6.67814
-6.6941
-6.71208
-6.73321
-6.75304
-6.77385
-6.79347
-6.80799
-6.82086
-6.82767
-6.82601
-6.81675
-6.7965
-6.77071
-6.74811
-6.72654
-6.71145
-6.70342
-6.70122
-6.69988
-6.69941
-6.69905
-6.69876
-6.70834
-6.71894
-6.7344
-6.74878
-6.76432
-6.78111
-6.79154
-6.7995
-6.80355
-6.80683
-6.80655
-6.80335
-6.79878
-6.79828
-6.7972
-6.80295
-6.80907
-6.81834
-6.82139
-6.8199
-6.81947
-6.81644
-6.81109
-6.80424
-6.79622
-6.78686
-6.77816
-6.77229
-6.76619
-6.76092
-6.76076
-6.76308
-6.7648
-6.7643
-6.76432
-6.76281
-6.75989
-6.75698
-6.75707
-6.75598
-6.75597
-6.75983
-6.76728
-6.77167
-6.77784
-6.77915
-6.78147
-6.78271
-6.78451
-6.78705
-6.78786
-6.78679
-6.78152
-6.77426
-6.76183
-6.74554
-6.72801
-6.71448
-6.70478
-6.70228
-6.70332
-6.71147
-6.72046
-6.72972
-6.73756
-6.74081
-6.7382
-6.73242
-6.71926
-6.70362
-6.6871
-6.67229
-6.66464
-6.66541
-6.67173
-6.68898
-6.71657
-6.74776
-6.77585
-6.8054
-6.83207
-6.84926
-6.86244
-6.86811
-6.87
-6.86683
-6.86042
-6.84917
-6.83633
-6.82137
-6.80814
-6.79389
-6.77993
-6.76688
-6.75269
-6.74045
-6.73011
-6.72641
-6.72907
-6.7355
-6.75193
-6.77182
-6.78844
-6.80022
-6.80572
-6.80372
-6.79796
-6.78694
-6.77728
-6.77002
-6.76999
-6.77134
-6.77585
-6.77831
-6.77744
-6.778
-6.77423
-6.77063
-6.76255
-6.75624
-6.75386
-6.75075
-6.74774
-6.74226
-6.73657
-6.73666
-6.74083
-6.74773
-6.75714
-6.76771
-6.7732
-6.77334
-6.77127
-6.76283
-6.75144
-6.73824
-6.72424
-6.71335
-6.7008
-6.68692
-6.67724
-6.66988
-6.66818
-6.66989
-6.67796
-6.68958
-6.70499
-6.7251
-6.74875
-6.76961
-6.78883
-6.8051
-6.81723
-6.82352
-6.82154
-6.81346
-6.80337
-6.78969
-6.77644
-6.76828
-6.76381
-6.76223
-6.76369
-6.76919
-6.77552
-6.78106
-6.78771
-6.79431
-6.80121
-6.80269
-6.80169
-6.79671
-6.78503
-6.76974
-6.75246
-6.73148
-6.71246
-6.69774
-6.68999
-6.69235
-6.69482
-6.70209
-6.70944
-6.71525
-6.71975
-6.72435
-6.72722
-6.72917
-6.72899
-6.73061
-6.73162
-6.73464
-6.74167
-6.74864
-6.75954
-6.77245
-6.78619
-6.79867
-6.80632
-6.80918
-6.80614
-6.79947
-6.78809
-6.77685
-6.7621
-6.74914
-6.74413
-6.74403
-6.74936
-6.75963
-6.76936
-6.78206
-6.79161
-6.80139
-6.80842
-6.81872
-6.82569
-6.83267
-6.84058
-6.84217
-6.83785
-6.82887
-6.81536
-6.79831
-6.77522
-6.7495
-6.72528
-6.70133
-6.68228
-6.6714
-6.66648
-6.67129
-6.68267
-6.7013
-6.72587
-6.7487
-6.77139
-6.7886
-6.79666
-6.80191
-6.79919
-6.79709
-6.78876
-6.77986
-6.77274
-6.76331
-6.75266
-6.74245
-6.73498
-6.72778
-6.72111
-6.72214
-6.72667
-6.73348
-6.74337
-6.75192
-6.75946
-6.76535
-6.76673
-6.76686
-6.7628
-6.75723
-6.74954
-6.74414
-6.73837
-6.73404
-6.72881
-6.72179
-6.71624
-6.71228
-6.7129
-6.7122
-6.71314
-6.71625
-6.72043
-6.72846
-6.7345
-6.74311
-6.75051
-6.76219
-6.77042
-6.78303
-6.79242
-6.80059
-6.80244
-6.79836
-6.78736
-6.76873
-6.74461
-6.7188
-6.69637
-6.68053
-6.67211
-6.67542
-6.68935
-6.71195
-6.73911
-6.76982
-6.79841
-6.82261
-6.84569
-6.86265
-6.87829
-6.89019
-6.8987
-6.901
-6.90049
-6.88985
-6.87836
-6.86066
-6.83941
-6.81589
-6.79212
-6.77028
-6.7484
-6.72856
-6.71272
-6.6975
-6.68726
-6.68332
-6.68765
-6.69886
-6.71876
-6.74138
-6.75993
-6.77253
-6.77908
-6.77261
-6.75975
-6.74287
-6.72249
-6.70566
-6.69065
-6.68344
-6.68756
-6.70161
-6.71743
-6.7404
-6.76452
-6.78415
-6.79624
-6.79865
-6.79173
-6.77823
-6.76216
-6.7519
-6.74614
-6.74719
-6.75382
-6.75937
-6.76943
-6.7776
-6.78491
-6.79283
-6.79894
-6.80084
-6.80387
-6.8003
-6.79376
-6.78283
-6.7675
-6.75398
-6.73951
-6.73078
-6.73356
-6.74343
-6.76141
-6.78063
-6.79807
-6.80936
-6.81531
-6.81307
-6.80198
-6.78231
-6.76002
-6.73918
-6.72356
-6.71446
-6.71593
-6.72629
-6.74254
-6.7616
-6.78037
-6.79614
-6.80847
-6.8175
-6.82466
-6.82693
-6.82884
-6.82902
-6.8294
-6.82851
-6.82598
-6.82162
-6.81291
-6.80332
-6.79055
-6.77411
-6.75151
-6.72979
-6.70981
-6.69136
-6.67997
-6.6772
-6.68502
-6.69807
-6.71514
-6.72819
-6.73615
-6.73663
-6.73063
-6.71527
-6.69558
-6.67836
-6.66337
-6.65722
-6.66265
-6.67741
-6.6985
-6.72541
-6.75696
-6.79068
-6.823
-6.85116
-6.87301
-6.88985
-6.89795
-6.89533
-6.88907
-6.87219
-6.852
-6.83366
-6.81441
-6.7982
-6.78545
-6.77467
-6.76307
-6.75173
-6.738
-6.7217
-6.70568
-6.68619
-6.67084
-6.65815
-6.65301
-6.65247
-6.66137
-6.673
-6.69271
-6.71509
-6.73842
-6.76556
-6.7907
-6.81246
-6.82823
-6.83482
-6.82768
-6.8125
-6.79005
-6.76119
-6.73248
-6.70302
-6.67818
-6.66602
-6.65922
-6.65943
-6.6722
-6.68771
-6.70925
-6.73571
-6.76298
-6.79075
-6.81653
-6.83931
-6.85932
-6.87219
-6.8818
-6.88313
-6.87871
-6.87487
-6.86646
-6.85853
-6.85067
-6.84268
-6.83393
-6.82123
-6.8069
-6.78324
-6.75762
-6.72619
-6.69226
-6.66125
-6.63597
-6.62014
-6.6144
-6.61944
-6.63364
-6.65302
-6.6738
-6.69547
-6.71724
-6.73826
-6.75673
-6.77483
-6.79556
-6.81195
-6.82943
-6.8405
-6.84494
-6.8449
-6.8382
-6.82784
-6.81603
-6.80055
-6.79038
-6.7818
-6.77597
-6.77756
-6.78229
-6.78888
-6.80052
-6.81155
-6.82209
-6.83036
-6.8283
-6.81729
-6.8008
-6.7793
-6.75944
-6.74049
-6.72649
-6.7172
-6.71636
-6.71954
-6.72933
-6.74148
-6.75385
-6.76175
-6.76698
-6.76563
-6.76199
-6.75265
-6.73999
-6.72465
-6.70842
-6.69319
-6.68458
-6.68241
-6.68869
-6.70156
-6.71633
-6.73424
-6.74974
-6.76371
-6.77592
-6.78105
-6.78291
-6.78187
-6.77758
-6.77349
-6.76518
-6.75842
-6.75341
-6.75057
-6.7532
-6.75571
-6.76258
-6.76946
-6.77525
-6.7801
-6.78231
-6.78008
-6.77639
-6.77084
-6.76293
-6.75515
-6.75219
-6.75364
-6.75764
-6.76727
-6.77647
-6.78414
-6.79075
-6.79374
-6.78881
-6.77979
-6.77027
-6.75419
-6.73999
-6.72585
-6.71629
-6.71318
-6.72108
-6.73603
-6.76126
-6.7917
-6.82553
-6.85734
-6.88253
-6.89684
-6.90051
-6.88966
-6.86755
-6.8352
-6.79293
-6.74347
-6.69681
-6.6548
-6.62253
-6.60274
-6.59598
-6.60398
-6.62609
-6.65611
-6.68684
-6.72201
-6.75041
-6.77405
-6.78962
-6.79544
-6.79237
-6.78478
-6.77325
-6.76277
-6.75256
-6.74876
-6.75031
-6.75974
-6.77265
-6.78722
-6.80141
-6.81881
-6.83472
-6.85042
-6.86801
-6.87816
-6.88758
-6.89018
-6.88749
-6.88033
-6.86601
-6.84362
-6.81586
-6.78714
-6.76034
-6.73699
-6.71481
-6.70077
-6.68499
-6.67731
-6.67197
-6.66975
-6.67148
-6.681
-6.69604
-6.71844
-6.74369
-6.76445
-6.77876
-6.78444
-6.78403
-6.77777
-6.76717
-6.75333
-6.74047
-6.72552
-6.70988
-6.69407
-6.68406
-6.67534
-6.67282
-6.6765
-6.68389
-6.69743
-6.71425
-6.7332
-6.75256
-6.7677
-6.78001
-6.79584
-6.80715
-6.81374
-6.82246
-6.82786
-6.82632
-6.82411
-6.81836
-6.81333
-6.80745
-6.80574
-6.80121
-6.7968
-6.79253
-6.78311
-6.76936
-6.75053
-6.72924
-6.71133
-6.69659
-6.68627
-6.68349
-6.68934
-6.69908
-6.71392
-6.73443
-6.75894
-6.78802
-6.81467
-6.83923
-6.85896
-6.87133
-6.87349
-6.86538
-6.84994
-6.83012
-6.8112
-6.79471
-6.78408
-6.77793
-6.77852
-6.77907
-6.78612
-6.7947
-6.80708
-6.81926
-6.82754
-6.83211
-6.82827
-6.81961
-6.802
-6.77933
-6.75263
-6.72284
-6.69447
-6.67338
-6.66113
-6.65593
-6.66212
-6.67303
-6.68958
-6.71153
-6.73309
-6.75399
-6.77304
-6.78953
-6.80111
-6.80709
-6.8023
-6.79119
-6.7734
-6.75187
-6.7318
-6.71496
-6.7013
-6.6954
-6.69625
-6.70351
-6.7194
-6.73854
-6.76028
-6.77937
-6.79985
-6.81244
-6.82025
-6.8259
-6.82994
-6.83141
-6.82692
-6.82575
-6.81888
-6.81188
-6.80642
-6.80055
-6.7941
-6.78747
-6.78038
-6.76939
-6.75865
-6.74693
-6.73713
-6.72859
-6.72614
-6.72599
-6.72828
-6.7277
-6.72856
-6.72349
-6.71958
-6.7132
-6.70119
-6.68989
-6.68088
-6.67547
-6.67329
-6.67541
-6.67596
-6.67903
-6.68519
-6.69447
-6.7012
-6.71095
-6.72021
-6.728
-6.73566
-6.74018
-6.74697
-6.7543
-6.76477
-6.77819
-6.79544
-6.81174
-6.82977
-6.84528
-6.85406
-6.8595
-6.85684
-6.84748
-6.83363
-6.81479
-6.79347
-6.77322
-6.75275
-6.7416
-6.73943
-6.74653
-6.76196
-6.78247
-6.80374
-6.8139
-6.78782
-6.72416
-6.62964
-6.50643
-6.37933
-6.26161
-6.17012
-6.11004
-6.08603
-6.08959
-6.11653
-6.16123
-6.21646
-6.27511
-6.33426
-6.3896
-6.43179
-6.45424
-6.45754
-6.44174
-6.4059
-6.3607
-6.30609
-6.25086
-6.2025
-6.16316
-6.14032
-6.13091
-6.13235
-6.14598
-6.16638
-6.18856
-6.20714
-6.22194
-6.23053
-6.23335
-6.23407
-6.23514
-6.23924
-6.25196
-6.27076
-6.2973
-6.32558
-6.3486
-6.37023
-6.38286
-6.38561
-6.38289
-6.37048
-6.34646
-6.31438
-6.28068
-6.24647
-6.22301
-6.20541
-6.19662
-6.1993
-6.20848
-6.21884
-6.23261
-6.2502
-6.26746
-6.28803
-6.30638
-6.32893
-6.35157
-6.37042
-6.38516
-6.39813
-6.40399
-6.40476
-6.39738
-6.39067
-6.38245
-6.37288
-6.36631
-6.35883
-6.35525
-6.35249
-6.35256
-6.35673
-6.35482
-6.34544
-6.32959
-6.30438
-6.27708
-6.24727
-6.2212
-6.204
-6.18788
-6.18021
-6.17903
-6.18491
-6.19586
-6.21287
-6.23288
-6.25537
-6.2728
-6.29018
-6.30143
-6.30626
-6.31035
-6.31278
-6.31422
-6.3207
-6.33
-6.34563
-6.3623
-6.37378
-6.37434
-6.36127
-6.34118
-6.31534
-6.28964
-6.27075
-6.25633
-6.24683
-6.24648
-6.25469
-6.27034
-6.29014
-6.30955
-6.32239
-6.33496
-6.3425
-6.3479
-6.34676
-6.33573
-6.32024
-6.29807
-6.27547
-6.26091
-6.25333
-6.25146
-6.25794
-6.26887
-6.2843
-6.30497
-6.32435
-6.34567
-6.36613
-6.38104
-6.39123
-6.39711
-6.39543
-6.38818
-6.3793
-6.36895
-6.35293
-6.33657
-6.31393
-6.2836
-6.25333
-6.22458
-6.20439
-6.18558
-6.17117
-6.16349
-6.15564
-6.15369
-6.16401
-6.18653
-6.22371
-6.26568
-6.31052
-6.34831
-6.37802
-6.40203
-6.41834
-6.43001
-6.43362
-6.43198
-6.42389
-6.41293
-6.39551
-6.37788
-6.35936
-6.34196
-6.32721
-6.31659
-6.30583
-6.29654
-6.2836
-6.26695
-6.25051
-6.23331
-6.22274
-6.21409
-6.21029
-6.21294
-6.21809
-6.23048
-6.24948
-6.26662
-6.2809
-6.28868
-6.28289
-6.26629
-6.24515
-6.22374
-6.21067
-6.21091
-6.22411
-6.24963
-6.28118
-6.30935
-6.3344
-6.35696
-6.37496
-6.39453
-6.41325
-6.43065
-6.44479
-6.45017
-6.45221
-6.44128
-6.41907
-6.39192
-6.36271
-6.34054
-6.33023
-6.32838
-6.33453
-6.34477
-6.35319
-6.35827
-6.35782
-6.34498
-6.31699
-6.27459
-6.22509
-6.17385
-6.12998
-6.10352
-6.09809
-6.11269
-6.14364
-6.18254
-6.228
-6.27009
-6.31075
-6.34616
-6.37703
-6.40135
-6.41723
-6.42522
-6.4274
-6.42361
-6.41398
-6.3975
-6.37595
-6.34808
-6.31993
-6.2896
-6.26538
-6.24626
-6.22909
-6.22019
-6.21831
-6.22288
-6.22798
-6.23098
-6.23702
-6.24309
-6.2502
-6.25584
-6.2645
-6.27477
-6.2812
-6.28743
-6.29124
-6.29347
-6.29527
-6.29591
-6.29499
-6.29036
-6.28712
-6.28592
-6.28562
-6.29434
-6.30428
-6.31139
-6.31672
-6.31563
-6.30476
-6.28723
-6.26705
-6.24572
-6.23094
-6.22486
-6.22591
-6.23107
-6.24221
-6.25031
-6.25458
-6.25598
-6.2568
-6.2526
-6.26081
-6.28322
-6.32457
-6.37895
-6.43307
-6.48093
-6.51765
-6.53524
-6.52942
-6.50763
-6.47351
-6.42504
-6.37256
-6.32071
-6.27389
-6.23953
-6.219
-6.22087
-6.23689
-6.27059
-6.30748
-6.3373
-6.36214
-6.37809
-6.38152
-6.37485
-6.35874
-6.33471
-6.30726
-6.28123
-6.25518
-6.23602
-6.22287
-6.21947
-6.22359
-6.23659
-6.25588
-6.2758
-6.29558
-6.31303
-6.32207
-6.32487
-6.31801
-6.30146
-6.27324
-6.24
-6.19788
-6.15701
-6.12014
-6.09629
-6.0882
-6.10005
-6.13095
-6.17857
-6.23966
-6.30323
-6.36414
-6.41458
-6.45065
-6.46886
-6.47078
-6.45882
-6.43243
-6.40485
-6.37982
-6.36029
-6.35023
-6.34574
-6.33918
-6.32308
-6.30875
-6.2947
-6.28488
-6.28012
-6.28073
-6.27826
-6.27467
-6.27142
-6.27301
-6.27942
-6.29598
-6.31725
-6.34234
-6.36767
-6.39441
-6.41516
-6.43329
-6.44348
-6.44474
-6.43201
-6.40751
-6.37043
-6.32477
-6.27543
-6.22882
-6.1909
-6.16662
-6.15135
-6.14783
-6.14987
-6.15803
-6.17148
-6.19078
-6.21942
-6.24934
-6.28357
-6.31421
-6.34396
-6.36843
-6.3879
-6.39969
-6.40606
-6.40586
-6.39781
-6.38349
-6.36627
-6.34824
-6.3351
-6.33023
-6.32943
-6.33164
-6.33076
-6.32596
-6.31299
-6.29826
-6.28264
-6.26563
-6.25282
-6.24414
-6.24095
-6.24159
-6.24709
-6.25375
-6.25881
-6.26396
-6.26468
-6.26635
-6.27185
-6.28252
-6.29829
-6.31744
-6.34059
-6.36239
-6.38272
-6.40946
-6.44038
-6.46815
-6.48875
-6.49532
-6.47805
-6.44046
-6.39278
-6.34194
-6.30031
-6.27724
-6.26545
-6.26821
-6.27808
-6.29082
-6.30455
-6.31107
-6.30768
-6.29574
-6.27111
-6.24374
-6.21736
-6.19852
-6.18882
-6.1872
-6.19854
-6.21726
-6.24394
-6.27047
-6.29659
-6.31374
-6.32802
-6.33181
-6.33215
-6.32699
-6.322
-6.31681
-6.31682
-6.32636
-6.34471
-6.36683
-6.38438
-6.38921
-6.3778
-6.3553
-6.32224
-6.27959
-6.23658
-6.20145
-6.17921
-6.17758
-6.19429
-6.2284
-6.27454
-6.32328
-6.37152
-6.40823
-6.42971
-6.43851
-6.43496
-6.41904
-6.39687
-6.37121
-6.34269
-6.31516
-6.29195
-6.26792
-6.25036
-6.24311
-6.24436
-6.25109
-6.25973
-6.2663
-6.26718
-6.26647
-6.26354
-6.26568
-6.27597
-6.29985
-6.33262
-6.36892
-6.40309
-6.42905
-6.44584
-6.45318
-6.45255
-6.44117
-6.41961
-6.38933
-6.35388
-6.31458
-6.27553
-6.23836
-6.20524
-6.18075
-6.16383
-6.15894
-6.16384
-6.17665
-6.19638
-6.21642
-6.23827
-6.25535
-6.26811
-6.27846
-6.28389
-6.28603
-6.29117
-6.29687
-6.30543
-6.32818
-6.35514
-6.38135
-6.40891
-6.43534
-6.46025
-6.47886
-6.48349
-6.46906
-6.43448
-6.38699
-6.33285
-6.28353
-6.24934
-6.23721
-6.24517
-6.26567
-6.29188
-6.31404
-6.32203
-6.31506
-6.29579
-6.26322
-6.22148
-6.17783
-6.13681
-6.10592
-6.0862
-6.07708
-6.08023
-6.0902
-6.1099
-6.13448
-6.17151
-6.21636
-6.27258
-6.33109
-6.38195
-6.41806
-6.44072
-6.44648
-6.44044
-6.42818
-6.40837
-6.3878
-6.36914
-6.35323
-6.34132
-6.3317
-6.32468
-6.3206
-6.3242
-6.3344
-6.35619
-6.38046
-6.40443
-6.42234
-6.43007
-6.42998
-6.42018
-6.4063
-6.38486
-6.3544
-6.3224
-6.29073
-6.26319
-6.2419
-6.22322
-6.20971
-6.2006
-6.19666
-6.1981
-6.19766
-6.19784
-6.19637
-6.19904
-6.20487
-6.2133
-6.22688
-6.24692
-6.27805
-6.31423
-6.35358
-6.39403
-6.43006
-6.45885
-6.48186
-6.49242
-6.49069
-6.47958
-6.46225
-6.44584
-6.42946
-6.41343
-6.39532
-6.37328
-6.34426
-6.31083
-6.27491
-6.23855
-6.21039
-6.19192
-6.19101
-6.20542
-6.23637
-6.27016
-6.3005
-6.32173
-6.32405
-6.31006
-6.28611
-6.25816
-6.2344
-6.22125
-6.21982
-6.22932
-6.25094
-6.27749
-6.30246
-6.32542
-6.34345
-6.35556
-6.35899
-6.3564
-6.34634
-6.32949
-6.30597
-6.27982
-6.25816
-6.25025
-6.25765
-6.27796
-6.3039
-6.32534
-6.33511
-6.32914
-6.30875
-6.27699
-6.24021
-6.20348
-6.1776
-6.15728
-6.15288
-6.16254
-6.18193
-6.20932
-6.24012
-6.27253
-6.30144
-6.33012
-6.35373
-6.37328
-6.38835
-6.39594
-6.40133
-6.40185
-6.39888
-6.3974
-6.39252
-6.39202
-6.39924
-6.40786
-6.41857
-6.43055
-6.43818
-6.44474
-6.44435
-6.43783
-6.42594
-6.40774
-6.38736
-6.36403
-6.34072
-6.31984
-6.30252
-6.28761
-6.27796
-6.27079
-6.26664
-6.2643
-6.26356
-6.26474
-6.26298
-6.25645
-6.24725
-6.23478
-6.2254
-6.21862
-6.22073
-6.23194
-6.24891
-6.26617
-6.2853
-6.29786
-6.30891
-6.31549
-6.3203
-6.32288
-6.32493
-6.32455
-6.32439
-6.32512
-6.32768
-6.32796
-6.32909
-6.3278
-6.31966
-6.30563
-6.28558
-6.25853
-6.23347
-6.21176
-6.19251
-6.17971
-6.17299
-6.16974
-6.17067
-6.16786
-6.1634
-6.15736
-6.15449
-6.16043
-6.17708
-6.20387
-6.24452
-6.29394
-6.34617
-6.39253
-6.42934
-6.45129
-6.45529
-6.44194
-6.41396
-6.37994
-6.34365
-6.31402
-6.30194
-6.30427
-6.32148
-6.35081
-6.38139
-6.40502
-6.41816
-6.41469
-6.40118
-6.38244
-6.36673
-6.35191
-6.33888
-6.31892
-6.29861
-6.27159
-6.24585
-6.22855
-6.22531
-6.2283
-6.23789
-6.24785
-6.26127
-6.27726
-6.29301
-6.31667
-6.33819
-6.35879
-6.37672
-6.39024
-6.39399
-6.38957
-6.3742
-6.35666
-6.3347
-6.31117
-6.2874
-6.2628
-6.24419
-6.23531
-6.23735
-6.24912
-6.26384
-6.2775
-6.28034
-6.27496
-6.2611
-6.23984
-6.21681
-6.19744
-6.18445
-6.18263
-6.18884
-6.20474
-6.22636
-6.2503
-6.27698
-6.30402
-6.33223
-6.35566
-6.37297
-6.38307
-6.38098
-6.37635
-6.3669
-6.35848
-6.35637
-6.35951
-6.36485
-6.37267
-6.37994
-6.38079
-6.37733
-6.37609
-6.37272
-6.36689
-6.35705
-6.34308
-6.32691
-6.30746
-6.28934
-6.27393
-6.25985
-6.24794
-6.23522
-6.21306
-6.18434
-6.16053
-6.14827
-6.15651
-6.18577
-6.2289
-6.27769
-6.32511
-6.36771
-6.40174
-6.42669
-6.44185
-6.44895
-6.44266
-6.42442
-6.39242
-6.34417
-6.286
-6.2292
-6.18266
-6.15868
-6.16175
-6.19083
-6.2294
-6.26847
-6.3006
-6.32078
-6.33067
-6.33063
-6.32042
-6.30423
-6.28619
-6.2665
-6.25064
-6.24005
-6.23402
-6.2337
-6.24428
-6.26153
-6.28855
-6.313
-6.33495
-6.35017
-6.36142
-6.36908
-6.36994
-6.36422
-6.35588
-6.34352
-6.33024
-6.31717
-6.30876
-6.29952
-6.29141
-6.27891
-6.26885
-6.25852
-6.25287
-6.24653
-6.24143
-6.24259
-6.24298
-6.25283
-6.27104
-6.2979
-6.33155
-6.36245
-6.38617
-6.39613
-6.39827
-6.3926
-6.38007
-6.37147
-6.36635
-6.36961
-6.37888
-6.38728
-6.3895
-6.38495
-6.37069
-6.35363
-6.33249
-6.30707
-6.28436
-6.2633
-6.24763
-6.23649
-6.22985
-6.22616
-6.23305
-6.24115
-6.25461
-6.27277
-6.28848
-6.30357
-6.3237
-6.34361
-6.36481
-6.38231
-6.39499
-6.40148
-6.39684
-6.38492
-6.35962
-6.32596
-6.28763
-6.25063
-6.21574
-6.19036
-6.18408
-6.19985
-6.23706
-6.2919
-6.35407
-6.41151
-6.4568
-6.48367
-6.48783
-6.47152
-6.43755
-6.39745
-6.35404
-6.3138
-6.27811
-6.25252
-6.21908
-6.17528
-6.1198
-6.06188
-6.00984
-5.97949
-5.97198
-5.98353
-6.00773
-6.03359
-6.05667
-6.07081
-6.07442
-6.0678
-6.05045
-6.03631
-6.03625
-6.04839
-6.05738
-6.05463
-6.03819
-6.01309
-5.98223
-5.95049
-5.92138
-5.89356
-5.87328
-5.85899
-5.85551
-5.86074
-5.87067
-5.8877
-5.91516
-5.9487
-5.99056
-6.03771
-6.08105
-6.11532
-6.13273
-6.1407
-6.13542
-6.12163
-6.10011
-6.07245
-6.04176
-6.00835
-5.97856
-5.96146
-5.95746
-5.97348
-6.00584
-6.0502
-6.10295
-6.15999
-6.21445
-6.25882
-6.28329
-6.28436
-6.26668
-6.23102
-6.19189
-6.15462
-6.12712
-6.114
-6.10994
-6.10984
-6.10891
-6.11053
-6.10619
-6.10278
-6.10252
-6.1054
-6.10797
-6.10453
-6.08729
-6.05449
-6.01085
-5.96093
-5.91621
-5.88343
-5.86742
-5.86594
-5.87626
-5.89766
-5.9235
-5.95209
-5.98291
-6.0115
-6.04212
-6.06848
-6.08585
-6.09233
-6.08425
-6.06157
-6.02902
-5.99865
-5.97815
-5.97731
-5.99482
-6.03084
-6.07792
-6.12851
-6.17716
-6.21788
-6.246
-6.26651
-6.27129
-6.26875
-6.25802
-6.23804
-6.21188
-6.17723
-6.14102
-6.1009
-6.05657
-6.01326
-5.97864
-5.95643
-5.94745
-5.94848
-5.9505
-5.9491
-5.93659
-5.9138
-5.88203
-5.85296
-5.83159
-5.83053
-5.8531
-5.89792
-5.95551
-6.02122
-6.07826
-6.12305
-6.15284
-6.16885
-6.1693
-6.1599
-6.14679
-6.12867
-6.1038
-6.07799
-6.05398
-6.03412
-6.01863
-6.00708
-6.00192
-6.00001
-5.99579
-5.98721
-5.97327
-5.9563
-5.94378
-5.93801
-5.94414
-5.95946
-5.98282
-6.01406
-6.05025
-6.09119
-6.12766
-6.15605
-6.17207
-6.18282
-6.18913
-6.18984
-6.18215
-6.16906
-6.15736
-6.15367
-6.16122
-6.17819
-6.19792
-6.21369
-6.22076
-6.21489
-6.19668
-6.17168
-6.13769
-6.10314
-6.07281
-6.04703
-6.0324
-6.02205
-6.01576
-6.01165
-6.0073
-6.00191
-5.99279
-5.97794
-5.95438
-5.92685
-5.88935
-5.84899
-5.8142
-5.79313
-5.79322
-5.81401
-5.8506
-5.89425
-5.93881
-5.98007
-6.01978
-6.05348
-6.08395
-6.11164
-6.1287
-6.14014
-6.14639
-6.14953
-6.1538
-6.15628
-6.15266
-6.1433
-6.12566
-6.10048
-6.0729
-6.0488
-6.03827
-6.04158
-6.05933
-6.08953
-6.12119
-6.14366
-6.15372
-6.14624
-6.12421
-6.08902
-6.05322
-6.01561
-5.98728
-5.96915
-5.95775
-5.94751
-5.93573
-5.92082
-5.90822
-5.90306
-5.9086
-5.92446
-5.95171
-5.98896
-6.02809
-6.06691
-6.10144
-6.13299
-6.15653
-6.17095
-6.17062
-6.15308
-6.12027
-6.07734
-6.02315
-5.96998
-5.92006
-5.87982
-5.84978
-5.82853
-5.82109
-5.82462
-5.84053
-5.86978
-5.907
-5.948
-5.9885
-6.02465
-6.05653
-6.08209
-6.09805
-6.11137
-6.11851
-6.12905
-6.14222
-6.15722
-6.16902
-6.17549
-6.17911
-6.17497
-6.16334
-6.14719
-6.1323
-6.12191
-6.11632
-6.12096
-6.12381
-6.12099
-6.10758
-6.07927
-6.03978
-5.99396
-5.94236
-5.90343
-5.88859
-5.90982
-5.96372
-6.03728
-6.11322
-6.1792
-6.2215
-6.24115
-6.24036
-6.22735
-6.2074
-6.18242
-6.15346
-6.12446
-6.09128
-6.05247
-6.01547
-5.98351
-5.95864
-5.9441
-5.9359
-5.94002
-5.95776
-5.98653
-6.02188
-6.05563
-6.0798
-6.08769
-6.08769
-6.08423
-6.08903
-6.10097
-6.11776
-6.1293
-6.13525
-6.13078
-6.11939
-6.10645
-6.09026
-6.07066
-6.04523
-6.01022
-5.97029
-5.9371
-5.91515
-5.91104
-5.92319
-5.94694
-5.97717
-6.00299
-6.03131
-6.06028
-6.09451
-6.13414
-6.17702
-6.22177
-6.25444
-6.26889
-6.25914
-6.23207
-6.18747
-6.13714
-6.08542
-6.04344
-6.01931
-6.01307
-6.02085
-6.03365
-6.05044
-6.06083
-6.06662
-6.06901
-6.0722
-6.08251
-6.09546
-6.10197
-6.10325
-6.1002
-6.091
-6.07863
-6.06384
-6.05034
-6.03819
-6.03156
-6.02962
-6.02906
-6.03015
-6.02793
-6.02685
-6.02806
-6.03673
-6.05078
-6.06293
-6.07429
-6.07658
-6.07295
-6.06416
-6.05211
-6.03852
-6.02614
-6.01208
-5.99575
-5.97471
-5.95201
-5.93161
-5.92064
-5.91685
-5.92565
-5.93979
-5.95787
-5.97841
-6.00073
-6.02057
-6.04531
-6.07084
-6.0904
-6.10578
-6.10772
-6.09457
-6.06488
-6.01945
-5.96165
-5.90469
-5.86141
-5.84478
-5.864
-5.91073
-5.97631
-6.04419
-6.10305
-6.14868
-6.1791
-6.19971
-6.21204
-6.21768
-6.21878
-6.21579
-6.20822
-6.19775
-6.1861
-6.17778
-6.17019
-6.16672
-6.15628
-6.14356
-6.12918
-6.11423
-6.10381
-6.09858
-6.09994
-6.10447
-6.10549
-6.10226
-6.09554
-6.08388
-6.06913
-6.05886
-6.0545
-6.05601
-6.06193
-6.06447
-6.06142
-6.0528
-6.03416
-6.00718
-5.97371
-5.93431
-5.89473
-5.86463
-5.84879
-5.85402
-5.88182
-5.92586
-5.97016
-6.00397
-6.02316
-6.02949
-6.02867
-6.02681
-6.03251
-6.04654
-6.068
-6.08962
-6.10692
-6.10516
-6.08637
-6.05649
-6.02244
-5.99163
-5.97137
-5.96258
-5.96744
-5.98231
-6.00017
-6.02327
-6.04947
-6.07655
-6.10085
-6.12268
-6.14133
-6.1532
-6.15713
-6.15685
-6.15025
-6.13838
-6.11833
-6.08697
-6.04796
-6.00566
-5.97207
-5.95709
-5.95756
-5.97268
-5.99368
-6.01608
-6.04073
-6.05938
-6.0759
-6.08969
-6.10139
-6.10768
-6.10815
-6.09936
-6.09254
-6.08471
-6.08234
-6.07985
-6.07635
-6.06659
-6.04983
-6.02859
-6.00576
-5.99296
-5.98756
-5.99711
-6.01447
-6.03226
-6.04691
-6.05701
-6.06862
-6.0821
-6.0999
-6.11303
-6.12062
-6.1165
-6.09746
-6.06942
-6.03793
-6.00926
-5.98794
-5.97541
-5.96412
-5.95775
-5.95374
-5.96035
-5.97946
-6.01069
-6.05019
-6.09385
-6.13957
-6.18426
-6.22092
-6.25064
-6.27345
-6.28828
-6.29081
-6.28096
-6.26043
-6.23295
-6.19978
-6.1646
-6.12915
-6.09207
-6.05617
-6.01992
-5.98184
-5.94377
-5.91285
-5.89041
-5.8739
-5.86784
-5.87876
-5.90307
-5.93541
-5.96363
-5.98563
-5.99287
-5.99666
-6.00183
-6.01362
-6.03645
-6.06431
-6.09469
-6.12129
-6.13601
-6.13651
-6.12631
-6.10526
-6.08326
-6.06332
-6.04907
-6.04829
-6.06266
-6.08554
-6.11314
-6.13484
-6.14676
-6.14727
-6.1424
-6.12627
-6.09929
-6.06154
-6.01245
-5.95549
-5.90258
-5.86116
-5.84312
-5.8517
-5.88391
-5.93134
-5.98423
-6.03869
-6.09
-6.13506
-6.16812
-6.19234
-6.20818
-6.21635
-6.21512
-6.19755
-6.16665
-6.11991
-6.06082
-5.99772
-5.94187
-5.90034
-5.88283
-5.89289
-5.92259
-5.96576
-6.01131
-6.05762
-6.09678
-6.12935
-6.15103
-6.16371
-6.16275
-6.15434
-6.14528
-6.14092
-6.14536
-6.15519
-6.17066
-6.1827
-6.18722
-6.1892
-6.18
-6.16471
-6.15049
-6.12796
-6.10309
-6.07558
-6.04609
-6.01358
-5.97686
-5.94169
-5.91306
-5.89105
-5.8802
-5.87797
-5.88234
-5.89224
-5.9001
-5.9016
-5.90027
-5.8917
-5.88348
-5.87768
-5.87931
-5.89174
-5.9158
-5.94691
-5.98456
-6.01852
-6.0452
-6.05675
-6.05309
-6.04185
-6.0241
-6.01361
-6.00719
-6.00545
-6.01187
-6.02326
-6.03148
-6.0387
-6.04732
-6.05497
-6.05873
-6.0535
-6.04184
-6.02983
-6.02151
-6.01567
-6.01631
-6.01658
-6.02247
-6.02998
-6.04009
-6.05186
-6.06944
-6.08769
-6.10734
-6.12559
-6.13653
-6.14411
-6.14587
-6.14292
-6.13764
-6.13402
-6.12867
-6.12452
-6.12317
-6.13294
-6.14091
-6.14913
-6.15136
-6.14121
-6.11309
-6.07382
-6.02987
-5.99009
-5.96111
-5.94286
-5.93327
-5.9331
-5.93776
-5.94558
-5.95457
-5.96082
-5.97335
-5.99203
-6.0184
-6.05482
-6.09658
-6.13982
-6.18117
-6.21018
-6.22149
-6.21233
-6.18535
-6.14499
-6.10156
-6.06224
-6.03196
-6.01347
-6.00218
-5.99201
-5.97875
-5.97122
-5.96352
-5.96365
-5.97019
-5.97588
-5.97982
-5.97981
-5.97635
-5.97001
-5.96126
-5.95372
-5.94527
-5.94338
-5.94816
-5.96203
-5.98885
-6.01492
-6.03581
-6.048
-6.0501
-6.0502
-6.05411
-6.06509
-6.08457
-6.10878
-6.12416
-6.13285
-6.12983
-6.11601
-6.09921
-6.08068
-6.06735
-6.05721
-6.04776
-6.04085
-6.0372
-6.03822
-6.04264
-6.05283
-6.06112
-6.07167
-6.08132
-6.09836
-6.11786
-6.13885
-6.15886
-6.17458
-6.18161
-6.18454
-6.17586
-6.16128
-6.14716
-6.13509
-6.126
-6.12163
-6.12225
-6.12684
-6.13163
-6.12701
-6.11113
-6.09028
-6.06492
-6.04781
-6.03685
-6.02825
-6.01193
-5.99058
-5.97025
-5.95822
-5.95274
-5.95955
-5.9739
-5.99296
-6.00969
-6.02377
-6.02756
-6.02765
-6.01902
-5.99868
-5.97353
-5.94449
-5.92561
-5.92145
-5.93496
-5.95732
-5.98389
-6.00691
-6.02277
-6.03696
-6.04416
-6.04407
-6.0323
-6.01125
-5.98064
-5.94469
-5.91444
-5.8989
-5.90025
-5.92317
-5.95964
-6.00732
-6.05745
-6.10037
-6.13295
-6.15641
-6.17244
-6.17622
-6.16762
-6.15195
-6.12435
-6.08622
-6.04861
-6.02252
-6.01117
-6.01372
-6.03091
-6.05122
-6.07279
-6.09096
-6.10377
-6.11007
-6.11755
-6.12223
-6.12626
-6.12759
-6.12482
-6.12629
-6.12572
-6.12787
-6.13585
-6.14566
-6.15275
-6.15679
-6.15344
-6.14416
-6.12555
-6.09631
-6.05122
-5.9982
-5.93887
-5.889
-5.85791
-5.84827
-5.86827
-5.90054
-5.93642
-5.96567
-5.98565
-5.99551
-5.99653
-5.98985
-5.98583
-5.98337
-5.98899
-5.99713
-6.00673
-6.01444
-6.02408
-6.02973
-6.03077
-6.03468
-6.03979
-6.04744
-6.0559
-6.06684
-6.07518
-6.0834
-6.09309
-6.0999
-6.10012
-6.09012
-6.06926
-6.04316
-6.01467
-5.98906
-5.97453
-5.96989
-5.98202
-6.00605
-6.03787
-6.07028
-6.09767
-6.11586
-6.12196
-6.12072
-6.11355
-6.10307
-6.09489
-6.08887
-6.08309
-6.07868
-6.07854
-6.0813
-6.08638
-6.08512
-6.08987
-6.09687
-6.10638
-6.11373
-6.11154
-6.09742
-6.07299
-6.04013
-6.00133
-5.96583
-5.93874
-5.92786
-5.92961
-5.94623
-5.9682
-5.98753
-5.99756
-6.001
-6.00088
-5.99942
-6.01003
-6.02915
-6.05701
-6.09522
-6.13673
-6.16777
-6.18539
-6.18808
-6.17095
-6.14435
-6.11679
-6.09486
-6.08526
-6.08156
-6.07899
-6.06699
-6.03912
-5.9971
-5.94512
-5.90012
-5.87335
-5.87616
-5.90814
-5.95513
-6.0077
-6.05353
-6.0869
-6.10388
-6.10817
-6.09827
-6.07853
-6.05499
-6.034
-6.02657
-6.03274
-6.04318
-6.05356
-6.05879
-6.05758
-6.0544
-6.05729
-6.06577
-6.08633
-6.10976
-6.13454
-6.15218
-6.15665
-6.1495
-6.12766
-6.08947
-6.0421
-5.98873
-5.93511
-5.88426
-5.84532
-5.82364
-5.82035
-5.83144
-5.85463
-5.88293
-5.9026
-5.90955
-5.90261
-5.88733
-5.86734
-5.85342
-5.85317
-5.85559
-5.85416
-5.84785
-5.83261
-5.81281
-5.79165
-5.78067
-5.7761
-5.77968
-5.79219
-5.8143
-5.84415
-5.87242
-5.90039
-5.92354
-5.94335
-5.95447
-5.95829
-5.9618
-5.97371
-5.9938
-6.02209
-6.04805
-6.06868
-6.07394
-6.06245
-6.03502
-5.99875
-5.95679
-5.91707
-5.88374
-5.85658
-5.83025
-5.80528
-5.77405
-5.74368
-5.71865
-5.71586
-5.74019
-5.78405
-5.84335
-5.90236
-5.95707
-5.99885
-6.02584
-6.04191
-6.04395
-6.03908
-6.02972
-6.02374
-6.02849
-6.04102
-6.05619
-6.06925
-6.07986
-6.08575
-6.09181
-6.09835
-6.10445
-6.10263
-6.09799
-6.08546
-6.06658
-6.04265
-6.01436
-5.98293
-5.9473
-5.91521
-5.88253
-5.8491
-5.81907
-5.7921
-5.77192
-5.76103
-5.75847
-5.75939
-5.76488
-5.76561
-5.76883
-5.7731
-5.77859
-5.78275
-5.78912
-5.79119
-5.79696
-5.80817
-5.833
-5.86796
-5.91179
-5.95237
-5.98719
-6.01353
-6.03085
-6.04546
-6.05252
-6.04821
-6.03591
-6.00502
-5.95738
-5.90008
-5.84611
-5.80776
-5.79617
-5.81033
-5.85475
-5.92443
-6.00653
-6.09209
-6.16952
-6.22767
-6.26449
-6.27939
-6.27179
-6.2506
-6.22001
-6.18359
-6.13765
-6.08659
-6.03124
-5.97953
-5.94093
-5.9144
-5.89141
-5.86281
-5.82629
-5.78406
-5.74922
-5.72859
-5.72834
-5.7473
-5.77856
-5.81708
-5.85058
-5.8826
-5.90273
-5.91561
-5.9227
-5.92471
-5.92092
-5.90907
-5.8889
-5.85718
-5.82274
-5.79502
-5.77726
-5.7769
-5.79074
-5.81128
-5.83825
-5.87349
-5.9092
-5.94951
-5.99369
-6.02871
-6.05697
-6.07387
-6.07878
-6.07964
-6.07735
-6.07465
-6.07515
-6.07915
-6.08161
-6.07832
-6.07021
-6.05338
-6.02793
-5.99717
-5.95997
-5.92799
-5.9004
-5.87661
-5.8645
-5.86839
-5.88206
-5.90058
-5.91457
-5.92023
-5.91872
-5.91866
-5.92488
-5.93831
-5.95829
-5.97559
-5.9869
-5.99115
-5.98857
-5.98651
-5.98458
-5.988
-5.98858
-5.98446
-5.97741
-5.96875
-5.95692
-5.95294
-5.94878
-5.95046
-5.95011
-5.94482
-5.93226
-5.91805
-5.91533
-5.92732
-5.95025
-5.97982
-6.00458
-6.01392
-6.00619
-5.98045
-5.94871
-5.91697
-5.89626
-5.89174
-5.8953
-5.9
-5.90595
-5.90837
-5.91027
-5.91463
-5.91863
-5.9227
-5.92275
-5.91516
-5.89848
-5.8734
-5.84523
-5.82229
-5.80959
-5.80957
-5.82076
-5.83832
-5.85868
-5.87842
-5.89422
-5.90989
-5.924
-5.92886
-5.92896
-5.92398
-5.91239
-5.89998
-5.89919
-5.91284
-5.93966
-5.97627
-6.01148
-6.04181
-6.05788
-6.05147
-6.0261
-5.98619
-5.94379
-5.90941
-5.89095
-5.89172
-5.91279
-5.94583
-5.98496
-6.02282
-6.04916
-6.05868
-6.05806
-6.05557
-6.04725
-6.03659
-6.02085
-5.99808
-5.97078
-5.94433
-5.92489
-5.915
-5.91467
-5.9199
-5.92579
-5.93354
-5.93417
-5.9331
-5.92605
-5.91212
-5.89622
-5.88492
-5.87351
-5.86255
-5.84414
-5.82056
-5.79598
-5.7788
-5.77927
-5.79663
-5.82616
-5.86371
-5.90535
-5.94866
-5.99319
-6.02965
-6.06193
-6.08347
-6.08934
-6.08111
-6.06202
-6.03886
-6.01839
-6.00996
-6.01781
-6.02825
-6.03321
-6.03026
-6.01593
-5.99685
-5.97625
-5.95894
-5.94401
-5.92784
-5.91539
-5.90593
-5.9076
-5.92858
-5.96132
-6.0034
-6.04412
-6.07689
-6.09319
-6.09087
-6.07202
-6.03987
-6.00047
-5.95587
-5.91555
-5.88248
-5.8621
-5.85942
-5.87165
-5.8983
-5.93115
-5.9585
-5.97953
-5.98911
-5.99741
-6.0058
-6.01748
-6.03509
-6.04795
-6.05323
-6.05048
-6.03786
-6.01568
-5.98237
-5.94405
-5.89969
-5.85656
-5.8249
-5.80324
-5.79173
-5.79564
-5.80685
-5.82996
-5.86223
-5.89979
-5.94299
-5.97973
-6.00649
-6.01923
-6.01646
-6.00628
-5.98936
-5.97437
-5.95863
-5.94551
-5.93353
-5.92481
-5.91716
-5.91191
-5.90799
-5.90581
-5.90735
-5.92588
-5.95059
-5.98502
-6.01105
-6.01802
-6.00349
-5.96982
-5.92575
-5.88504
-5.85839
-5.85003
-5.85913
-5.88709
-5.92679
-5.96081
-5.98955
-6.01465
-6.03784
-6.06462
-6.09205
-6.11734
-6.13605
-6.15614
-6.16803
-6.16711
-6.15118
-6.11741
-6.06979
-6.01219
-5.95797
-5.91965
-5.90664
-5.91254
-5.935
-5.96388
-5.9836
-5.98786
-5.97227
-5.94668
-5.92085
-5.89998
-5.88805
-5.88172
-5.88075
-5.88493
-5.88961
-5.89905
-5.91129
-5.92043
-5.9256
-5.92343
-5.90605
-5.87532
-5.83207
-5.79011
-5.75359
-5.73528
-5.73249
-5.74729
-5.77739
-5.81549
-5.85767
-5.89916
-5.93677
-5.97173
-5.99591
-6.01213
-6.0245
-6.03561
-6.04661
-6.04984
-6.04285
-6.02742
-6.0092
-5.99833
-5.99912
-6.00989
-6.02657
-6.04823
-6.07427
-6.09643
-6.11876
-6.14189
-6.1582
-6.16074
-6.15295
-6.13307
-6.10416
-6.07347
-6.04822
-6.02721
-6.01177
-5.99466
-5.97172
-5.94389
-5.90796
-5.86629
-5.82352
-5.78486
-5.75165
-5.72946
-5.72363
-5.72775
-5.74357
-5.76846
-5.79938
-5.8283
-5.85563
-5.87802
-5.89465
-5.90214
-5.89457
-5.87337
-5.83905
-5.80024
-5.76877
-5.75287
-5.76091
-5.80244
-5.86788
-5.94775
-6.02843
-6.09742
-6.14872
-6.17657
-6.17822
-6.15749
-6.10998
-6.0491
-5.98175
-5.91885
-5.87001
-5.844
-5.83616
-5.84393
-5.86343
-5.88809
-5.91555
-5.94034
-5.9572
-5.96927
-5.97502
-5.97413
-5.97252
-5.96525
-5.96459
-5.97741
-6.00406
-6.04318
-6.09456
-6.14667
-6.18494
-6.2017
-6.19254
-6.15735
-6.10188
-6.04228
-5.98755
-5.94797
-5.92593
-5.91114
-5.90325
-5.89493
-5.88683
-5.87617
-5.86972
-5.86175
-5.85164
-5.83507
-5.81745
-5.80241
-5.80318
-5.82559
-5.86089
-5.89697
-5.91964
-5.9232
-5.91608
-5.89787
-5.8816
-5.87341
-5.86867
-5.86554
-5.85834
-5.85418
-5.85613
-5.86589
-5.88862
-5.91963
-5.95562
-5.98458
-6.00391
-6.01751
-6.03058
-6.04249
-6.05578
-6.06244
-6.06138
-6.05338
-6.04126
-6.03109
-6.02242
-6.01676
-6.01434
-6.01468
-6.00893
-5.99845
-5.98409
-5.9656
-5.94862
-5.93145
-5.91723
-5.89893
-5.87648
-5.84617
-5.81173
-5.78091
-5.76435
-5.76209
-5.77412
-5.79741
-5.81602
-5.82285
-5.8186
-5.81264
-5.81707
-5.8386
-5.88213
-5.94326
-6.01186
-6.06947
-6.1112
-6.13037
-6.13337
-6.1224
-6.10596
-6.08239
-6.0597
-6.04715
-6.03832
-6.03165
-6.0249
-6.01781
-6.00696
-5.99343
-5.97942
-5.95942
-5.93535
-5.90478
-5.86999
-5.84007
-5.82115
-5.81396
-5.81684
-5.82558
-5.83354
-5.83762
-5.84096
-5.84813
-5.86246
-5.88577
-5.91821
-5.95984
-5.99872
-6.02689
-6.03899
-6.03294
-6.01264
-5.98036
-5.94388
-5.9102
-5.88572
-5.88081
-5.89432
-5.92069
-5.95488
-5.98459
-6.00299
-6.00522
-5.98958
-5.95631
-5.91831
-5.88934
-5.87932
-5.89065
-5.91713
-5.94973
-5.97378
-5.9865
-5.98343
-5.96688
-5.94666
-5.92934
-5.92363
-5.92789
-5.94275
-5.96007
-5.97128
-5.9752
-5.97086
-5.96008
-5.94778
-5.93179
-5.91898
-5.90036
-5.87871
-5.8577
-5.84098
-5.83604
-5.8518
-5.88847
-5.94264
-6.00293
-6.05947
-6.10764
-6.13903
-6.16016
-6.17129
-6.16732
-6.15212
-6.1201
-6.06962
-6.00178
-5.92005
-5.82759
-5.74733
-5.69137
-5.67209
-5.69215
-5.74772
-5.81758
-5.88979
-5.95268
-6.00823
-6.0557
-6.09314
-6.1246
-6.14872
-6.16274
-6.16369
-6.14612
-6.11509
-6.07012
-6.00849
-5.94343
-5.87693
-5.82228
-5.7869
-5.78106
-5.8027
-5.84028
-5.888
-5.92988
-5.95946
-5.97878
-5.9821
-5.97574
-5.96264
-5.9476
-5.93182
-5.92514
-5.92157
-5.91821
-5.91704
-5.91042
-5.90496
-5.90264
-5.89685
-5.8912
-5.8777
-5.85792
-5.83557
-5.81896
-5.81362
-5.82242
-5.84642
-5.8795
-5.91979
-5.9632
-6.00839
-6.05378
-6.09554
-6.12921
-6.14568
-6.14232
-6.11239
-6.05915
-5.98637
-5.90919
-5.83749
-5.78789
-5.77446
-5.79593
-5.84143
-5.89745
-5.95292
-5.9987
-6.03543
-6.06098
-6.07399
-6.07323
-6.05692
-6.03044
-5.99987
-5.97588
-5.95964
-5.9525
-5.94747
-5.93799
-5.93316
-5.93236
-5.93736
-5.94576
-5.95223
-5.95327
-5.94638
-5.93342
-5.91767
-5.90017
-5.88906
-5.88651
-5.89722
-5.92645
-5.96695
-6.01173
-6.0562
-6.08598
-6.09716
-6.09116
-6.07193
-6.04527
-6.0308
-6.02682
-6.02815
-6.02489
-6.01427
-5.9918
-5.95973
-5.91987
-5.87838
-5.84387
-5.81911
-5.80689
-5.80517
-5.81816
-5.83929
-5.87042
-5.89933
-5.92217
-5.94076
-5.95961
-5.9772
-5.98912
-5.99243
-5.98221
-5.9481
-5.8927
-5.82746
-5.76834
-5.73014
-5.73006
-5.75426
-5.79226
-5.83057
-5.86936
-5.90009
-5.92568
-5.94161
-5.95258
-5.96488
-5.9796
-6.00221
-6.02118
-6.02959
-6.0313
-6.02272
-6.01257
-5.99885
-5.98757
-5.98087
-5.98149
-5.98858
-5.992
-5.98962
-5.98034
-5.97229
-5.96958
-5.97574
-5.99125
-6.00759
-6.01843
-6.0209
-6.01149
-5.99438
-5.97506
-5.96055
-5.94945
-5.95403
-5.96767
-5.98392
-5.99639
-6.00086
-5.99582
-5.984
-5.96818
-5.94532
-5.91894
-5.89025
-5.87068
-5.87161
-5.89412
-5.93809
-5.98841
-6.03317
-6.05971
-6.063
-6.04459
-6.0011
-5.94895
-5.89353
-5.83755
-5.79165
-5.75338
-5.72878
-5.72644
-5.75207
-5.80066
-5.86972
-5.95098
-6.03331
-6.10386
-6.15595
-6.18365
-6.18678
-6.16638
-6.12696
-6.07452
-6.01421
-5.95856
-5.91478
-5.89142
-5.89834
-5.92182
-5.94616
-5.95212
-5.93248
-5.89341
-5.8462
-5.79921
-5.77118
-5.76514
-5.78033
-5.81513
-5.85706
-5.89868
-5.92882
-5.94597
-5.95519
-5.95929
-5.95546
-5.94829
-5.94257
-5.93755
-5.93749
-5.94185
-5.95834
-5.98306
-6.0147
-6.04827
-6.0787
-6.10326
-6.11995
-6.13322
-6.13815
-6.1372
-6.13374
-6.12826
-6.12038
-6.10932
-6.09444
-6.07364
-6.05066
-6.02285
-5.99006
-5.95876
-5.93544
-5.92196
-5.92352
-5.92963
-5.93771
-5.93715
-5.92524
-5.89626
-5.85272
-5.80499
-5.75895
-5.72029
-5.6985
-5.69622
-5.71437
-5.74445
-5.78729
-5.82825
-5.86382
-5.88007
-5.88141
-5.86799
-5.85349
-5.84315
-5.83708
-5.83933
-5.84325
-5.84802
-5.85358
-5.86113
-5.86593
-5.86919
-5.87187
-5.86997
-5.86408
-5.86043
-5.85545
-5.85304
-5.85529
-5.8673
-5.88875
-5.92138
-5.96029
-6.00383
-6.04057
-6.07096
-6.08854
-6.08757
-6.07294
-6.03587
-5.9781
-5.90724
-5.8269
-5.75271
-5.70131
-5.68164
-5.70443
-5.7639
-5.84901
-5.94082
-6.02394
-6.0869
-6.1219
-6.13058
-6.11291
-6.07773
-6.03579
-5.99022
-5.954
-5.9259
-5.90453
-5.88813
-5.87435
-5.86389
-5.8543
-5.84475
-5.83448
-5.82819
-5.82369
-5.81663
-5.80631
-5.79069
-5.77002
-5.75144
-5.74438
-5.74965
-5.76609
-5.78413
-5.80206
-5.82069
-5.84411
-5.87231
-5.90056
-5.92659
-5.95036
-5.96774
-5.97604
-5.96327
-5.93727
-5.90463
-5.87488
-5.86004
-5.86341
-5.88687
-5.925
-5.97004
-6.01754
-6.05722
-6.08098
-6.0881
-6.07795
-6.05736
-6.02625
-5.99382
-5.97047
-5.95512
-5.94562
-5.93545
-5.91677
-5.90196
-5.89538
-5.89112
-5.87731
-5.85741
-5.83625
-5.82529
-5.83241
-5.85821
-5.8964
-5.93494
-5.96148
-5.96943
-5.95692
-5.92675
-5.88986
-5.8582
-5.84428
-5.85296
-5.8823
-5.92498
-5.97059
-6.00084
-6.01794
-6.01428
-5.99552
-5.97378
-5.9557
-5.95056
-5.96035
-5.98115
-6.00045
-6.01734
-6.02286
-6.01845
-5.99966
-5.96668
-5.91667
-5.86352
-5.81351
-5.77457
-5.75284
-5.74749
-5.75942
-5.779
-5.79635
-5.80788
-5.80707
-5.7938
-5.77367
-5.74856
-5.72684
-5.7166
-5.72974
-5.76806
-5.82224
-5.87983
-5.9288
-5.9651
-5.99
-6.00861
-6.01644
-6.01311
-6.00303
-5.97759
-5.94086
-5.89479
-5.84763
-5.8082
-5.7779
-5.76071
-5.75806
-5.76663
-5.78751
-5.82
-5.8588
-5.90309
-5.93902
-5.96828
-5.98806
-5.99733
-5.99976
-5.99449
-5.98199
-5.97247
-5.97588
-6.00345
-6.04528
-6.08705
-6.11901
-6.13308
-6.12328
-6.09299
-6.04664
-5.99761
-5.94337
-5.89887
-5.85796
-5.82251
-5.79418
-5.76939
-5.75399
-5.74854
-5.75051
-5.75532
-5.75962
-5.77083
-5.78748
-5.81444
-5.85049
-5.89174
-5.93369
-5.97099
-6.00567
-6.03252
-6.04998
-6.06339
-6.07119
-6.0788
-6.08143
-6.07471
-6.0557
-6.02085
-5.97098
-5.9154
-5.8533
-5.79641
-5.75193
-5.72597
-5.72476
-5.74848
-5.79852
-5.86438
-5.93208
-5.98671
-6.02458
-6.03575
-6.02404
-5.99231
-5.9504
-5.90677
-5.87143
-5.84794
-5.84126
-5.84337
-5.85704
-5.87179
-5.8892
-5.90653
-5.92432
-5.94741
-5.96647
-5.98176
-5.99154
-5.98667
-5.96922
-5.9382
-5.90247
-5.88117
-5.87962
-5.89588
-5.92396
-5.95263
-5.97317
-5.98256
-5.97367
-5.95261
-5.9241
-5.89088
-5.86318
-5.84846
-5.85259
-5.8734
-5.90502
-5.93712
-5.96331
-5.98675
-6.00636
-6.01827
-6.01418
-5.98963
-5.94535
-5.88655
-5.81736
-5.75092
-5.69424
-5.6601
-5.65857
-5.6893
-5.74058
-5.80419
-5.86373
-5.91172
-5.93926
-5.95094
-5.95188
-5.95035
-5.94402
-5.94078
-5.94325
-5.95535
-5.96952
-5.97891
-5.98206
-5.97487
-5.96474
-5.95739
-5.961
-5.97225
-5.98912
-6.00626
-6.01637
-6.01242
-5.99911
-5.97158
-5.94066
-5.9148
-5.90885
-5.91695
-5.93546
-5.95733
-5.96463
-5.94752
-5.91273
-5.8629
-5.81472
-5.77671
-5.75677
-5.7554
-5.77066
-5.80406
-5.85101
-5.90696
-5.96673
-6.01723
-6.05377
-6.06616
-6.05143
-6.00871
-5.94867
-5.88734
-5.84085
-5.82197
-5.82823
-5.85521
-5.88928
-5.9182
-5.93872
-5.94409
-5.93582
-5.91086
-5.87919
-5.84384
-5.80845
-5.78256
-5.77369
-5.78728
-5.82143
-5.86467
-5.9048
-5.93493
-5.94582
-5.93734
-5.91864
-5.89528
-5.87367
-5.85589
-5.83736
-5.81655
-5.79388
-5.77505
-5.76092
-5.76033
-5.77804
-5.81145
-5.85628
-5.90489
-5.94849
-5.98154
-6.00161
-6.0078
-6.00587
-5.99912
-5.9969
-5.99499
-5.98984
-5.97864
-5.96104
-5.93656
-5.90599
-5.86931
-5.83239
-5.79744
-5.77006
-5.76555
-5.7891
-5.83524
-5.89354
-5.95771
-6.02213
-6.07887
-6.12209
-6.14795
-6.1503
-6.13487
-6.10316
-6.06799
-6.02807
-5.98988
-5.95561
-5.92839
-5.90298
-5.87669
-5.85175
-5.83034
-5.81896
-5.81699
-5.82313
-5.83442
-5.84495
-5.85298
-5.85889
-5.86163
-5.86887
-5.87678
-5.89097
-5.90853
-5.92203
-5.93174
-5.93659
-5.93132
-5.92145
-5.90981
-5.90198
-5.90645
-5.92392
-5.95176
-5.9846
-6.00934
-6.02189
-6.02043
-6.00211
-5.97144
-5.93373
-5.89238
-5.85086
-5.81888
-5.801
-5.79722
-5.80415
-5.81826
-5.8339
-5.85499
-5.8842
-5.92264
-5.96865
-6.01583
-6.05796
-6.09311
-6.11228
-6.1169
-6.10546
-6.06827
-6.0099
-5.92838
-5.83575
-5.74557
-5.6681
-5.61428
-5.58642
-5.59314
-5.62869
-5.68291
-5.74549
-5.81256
-5.87722
-5.9355
-5.97711
-6.00094
-6.00571
-5.99459
-5.97034
-5.94307
-5.91878
-5.91086
-5.92172
-5.95095
-5.9792
-6.00209
-6.01069
-6.00444
-5.98196
-5.95297
-5.92454
-5.90508
-5.88723
-5.88517
-5.89141
-5.90612
-5.92164
-5.93212
-5.92487
-5.89508
-5.84785
-5.79876
-5.76333
-5.75594
-5.77472
-5.81775
-5.87261
-5.92681
-5.97039
-5.9931
-5.98942
-5.96382
-5.92399
-5.87833
-5.84191
-5.82498
-5.82211
-5.83467
-5.85972
-5.88931
-5.91569
-5.93417
-5.94089
-5.93666
-5.92958
-5.92276
-5.92343
-5.93503
-5.95371
-5.97131
-5.98165
-5.98258
-5.97755
-5.96661
-5.95832
-5.95177
-5.93635
-5.91165
-5.87594
-5.83497
-5.79962
-5.78095
-5.78351
-5.79611
-5.8084
-5.81448
-5.80999
-5.79881
-5.78559
-5.77858
-5.78144
-5.79151
-5.80561
-5.82118
-5.83545
-5.85106
-5.87498
-5.90579
-5.9412
-5.97912
-6.01218
-6.03968
-6.06116
-6.07708
-6.08222
-6.077
-6.05656
-6.02117
-5.97196
-5.91982
-5.8687
-5.83344
-5.82141
-5.83651
-5.87045
-5.91757
-5.96331
-6.00146
-6.02521
-6.03136
-6.02316
-6.00745
-5.98335
-5.95558
-5.93115
-5.91257
-5.90276
-5.88926
-5.87505
-5.85841
-5.84029
-5.82795
-5.81233
-5.7911
-5.75879
-5.72277
-5.6935
-5.67662
-5.68305
-5.7158
-5.77207
-5.83598
-5.8976
-5.9402
-5.95896
-5.94949
-5.91793
-5.87891
-5.84428
-5.82521
-5.83399
-5.8683
-5.92276
-5.97891
-6.02799
-6.05544
-6.06147
-6.04219
-6.00186
-5.95403
-5.91197
-5.89134
-5.89839
-5.92758
-5.97334
-6.02218
-6.0625
-6.09401
-6.10914
-6.10766
-6.0909
-6.06631
-6.04262
-6.01783
-5.99234
-5.95754
-5.91692
-5.87
-5.82428
-5.79211
-5.78227
-5.79853
-5.84092
-5.89675
-5.95379
-5.99255
-6.0093
-5.99424
-5.95588
-5.8936
-5.8256
-5.76262
-5.72303
-5.71484
-5.73318
-5.77327
-5.8217
-5.86295
-5.89478
-5.91817
-5.92947
-5.92979
-5.9233
-5.91161
-5.89835
-5.88789
-5.8756
-5.86721
-5.86447
-5.86801
-5.87651
-5.8851
-5.88617
-5.8826
-5.87101
-5.86105
-5.85947
-5.86731
-5.88873
-5.91963
-5.95359
-5.98798
-6.01736
-6.04197
-6.05805
-6.06455
-6.05947
-6.04514
-6.018
-5.98657
-5.95902
-5.94141
-5.93617
-5.94252
-5.95527
-5.9677
-5.9665
-5.94832
-5.90947
-5.85287
-5.78637
-5.7275
-5.6929
-5.68231
-5.70058
-5.74083
-5.80233
-5.86991
-5.93069
-5.97289
-5.99912
-6.01357
-6.02204
-6.02337
-6.0232
-6.02027
-6.01821
-6.02479
-6.0345
-6.04968
-6.06017
-6.06107
-6.04861
-6.0254
-6.0029
-5.9767
-5.95136
-5.92107
-5.89084
-5.86461
-5.84578
-5.84043
-5.84563
-5.85428
-5.85895
-5.8586
-5.85232
-5.84373
-5.8321
-5.81421
-5.78948
-5.75838
-5.73342
-5.72814
-5.74709
-5.79462
-5.85809
-5.92536
-5.98332
-6.02193
-6.03976
-6.0372
-6.01909
-5.99384
-5.96769
-5.94908
-5.9388
-5.94022
-5.94837
-5.95344
-5.95946
-5.96825
-5.97557
-5.96581
-5.94332
-5.91508
-5.89848
-5.89827
-5.91217
-5.94304
-5.98439
-6.03465
-6.07794
-6.10997
-6.12615
-6.12311
-6.1001
-6.06137
-6.01039
-5.95062
-5.89418
-5.84404
-5.81114
-5.79531
-5.7917
-5.79388
-5.80057
-5.81548
-5.83563
-5.85864
-5.88033
-5.89347
-5.897
-5.88646
-5.86169
-5.82574
-5.79087
-5.76436
-5.75773
-5.76886
-5.79518
-5.82953
-5.86725
-5.8988
-5.91846
-5.93033
-5.93388
-5.93698
-5.94411
-5.96277
-5.99319
-6.03018
-6.0638
-6.08703
-6.09419
-6.08759
-6.06843
-6.0409
-6.00276
-5.9591
-5.91325
-5.86897
-5.82515
-5.78698
-5.75732
-5.73722
-5.72844
-5.73574
-5.75592
-5.78168
-5.81216
-5.84688
-5.8779
-5.89564
-5.90059
-5.88972
-5.86788
-5.84023
-5.81015
-5.79081
-5.78832
-5.80129
-5.822
-5.84554
-5.86101
-5.86602
-5.8628
-5.86358
-5.87298
-5.89077
-5.91292
-5.93821
-5.96275
-5.98556
-6.00331
-6.01095
-6.0136
-6.01091
-6.00053
-5.98764
-5.97754
-5.96999
-5.9624
-5.95109
-5.93757
-5.92361
-5.92109
-5.93549
-5.96637
-6.00606
-6.0414
-6.05999
-6.05265
-6.01517
-5.94888
-5.86819
-5.78384
-5.72469
-5.69025
-5.6851
-5.70643
-5.74728
-5.80389
-5.88197
-5.9757
-6.0747
-6.16827
-6.24108
-6.28429
-6.29091
-6.25577
-6.17757
-6.0715
-5.95836
-5.86007
-5.78734
-5.74744
-5.73208
-5.73634
-5.75666
-5.7897
-5.82816
-5.8646
-5.88845
-5.9018
-5.90092
-5.89264
-5.87492
-5.85363
-5.83588
-5.82622
-5.82522
-5.83199
-5.83902
-5.83715
-5.83367
-5.82862
-5.83929
-5.86952
-5.91746
-5.97649
-6.03246
-6.07826
-6.10722
-6.11977
-6.11445
-6.09745
-6.07273
-6.04477
-6.02081
-6.0001
-5.98717
-5.97846
-5.97457
-5.97307
-5.98212
-5.99966
-6.02874
-6.06046
-6.08859
-6.10589
-6.10782
-6.08778
-6.0512
-6.00016
-5.9426
-5.88155
-5.82539
-5.77583
-5.73424
-5.70647
-5.69161
-5.69173
-5.70532
-5.73083
-5.76792
-5.80822
-5.84379
-5.86103
-5.85418
-5.82592
-5.78087
-5.73061
-5.69228
-5.67719
-5.69428
-5.73696
-5.79129
-5.84555
-5.88864
-5.91563
-5.92821
-5.92982
-5.92579
-5.9196
-5.91156
-5.90319
-5.8999
-5.89411
-5.88705
-5.87709
-5.86898
-5.86444
-5.86232
-5.86143
-5.85381
-5.84346
-5.82906
-5.82029
-5.82696
-5.85335
-5.89418
-5.93952
-5.98238
-6.01911
-6.0478
-6.06498
-6.06835
-6.06606
-6.0603
-6.05673
-6.04769
-6.03305
-6.00244
-5.95243
-5.89037
-5.82157
-5.76599
-5.73407
-5.73344
-5.76422
-5.80652
-5.84852
-5.87682
-5.88849
-5.8778
-5.84865
-5.79674
-5.73459
-5.66942
-5.61789
-5.5918
-5.59978
-5.64351
-5.71134
-5.79306
-5.8707
-5.93337
-5.97455
-5.99016
-5.98709
-5.97139
-5.94658
-5.9245
-5.90658
-5.89608
-5.8988
-5.90648
-5.91577
-5.92755
-5.92886
-5.91905
-5.8998
-5.8775
-5.8584
-5.85019
-5.85325
-5.86288
-5.87478
-5.87724
-5.87046
-5.85442
-5.83553
-5.81781
-5.80596
-5.79783
-5.79445
-5.79751
-5.80325
-5.81099
-5.82144
-5.82646
-5.82765
-5.82216
-5.81238
-5.79778
-5.78554
-5.7773
-5.78239
-5.80714
-5.85281
-5.91271
-5.98017
-6.03369
-6.07257
-6.08708
-6.07912
-6.0532
-6.01465
-5.97234
-5.92982
-5.89164
-5.8642
-5.84728
-5.84101
-5.84802
-5.86293
-5.88155
-5.90073
-5.91801
-5.93194
-5.94026
-5.93374
-5.92012
-5.89831
-5.87131
-5.84458
-5.81737
-5.79594
-5.77497
-5.75354
-5.73701
-5.73172
-5.74164
-5.7677
-5.79951
-5.82672
-5.84125
-5.83999
-5.82394
-5.7999
-5.78075
-5.7729
-5.78119
-5.80086
-5.82349
-5.84494
-5.85868
-5.86808
-5.86838
-5.86527
-5.85848
-5.85247
-5.85642
-5.86863
-5.88982
-5.91445
-5.93838
-5.95461
-5.95624
-5.94932
-5.93238
-5.9165
-5.89678
-5.88257
-5.87603
-5.87164
-5.86896
-5.8587
-5.83838
-5.81629
-5.79104
-5.77335
-5.7679
-5.77706
-5.80674
-5.85308
-5.90943
-5.95833
-5.99279
-6.00334
-5.99265
-5.97399
-5.96014
-5.9566
-5.97036
-5.99633
-6.02611
-6.0525
-6.07263
-6.0788
-6.07176
-6.0492
-6.01651
-5.97731
-5.93163
-5.88919
-5.85121
-5.81341
-5.77296
-5.73714
-5.71334
-5.70818
-5.71895
-5.73612
-5.75722
-5.77679
-5.79603
-5.8168
-5.84365
-5.86867
-5.8909
-5.90447
-5.90656
-5.89858
-5.88502
-5.87416
-5.86456
-5.85996
-5.8592
-5.86443
-5.8815
-5.91109
-5.94714
-5.98374
-6.01861
-6.03596
-6.03731
-6.02436
-5.98865
-5.93769
-5.86913
-5.79407
-5.72793
-5.68639
-5.66948
-5.67648
-5.69779
-5.7277
-5.76495
-5.80215
-5.83689
-5.86679
-5.88677
-5.89954
-5.90156
-5.89651
-5.8877
-5.88032
-5.88166
-5.88702
-5.89584
-5.90047
-5.89581
-5.88613
-5.87934
-5.87263
-5.8662
-5.86021
-5.85571
-5.85325
-5.85364
-5.85071
-5.84735
-5.84044
-5.83186
-5.8284
-5.83072
-5.83442
-5.84234
-5.84948
-5.85187
-5.84798
-5.84054
-5.83035
-5.81662
-5.8074
-5.79821
-5.79432
-5.79843
-5.80435
-5.81296
-5.82533
-5.84247
-5.86467
-5.88471
-5.89536
-5.88817
-5.86416
-5.82639
-5.78421
-5.75549
-5.74587
-5.76137
-5.80616
-5.87341
-5.95469
-6.03914
-6.1113
-6.162
-6.18129
-6.16944
-6.1244
-6.05893
-5.98375
-5.92463
-5.89354
-5.89244
-5.91135
-5.94407
-5.97689
-6.00533
-6.02104
-6.02119
-6.00364
-5.96563
-5.91422
-5.85534
-5.79159
-5.72592
-5.66635
-5.61616
-5.5823
-5.57254
-5.59253
-5.63546
-5.69832
-5.76378
-5.82726
-5.87534
-5.90828
-5.92315
-5.92487
-5.91591
-5.89679
-5.87558
-5.86229
-5.85791
-5.86544
-5.87809
-5.89404
-5.90399
-5.90674
-5.91027
-5.91028
-5.90889
-5.9024
-5.88458
-5.85704
-5.82363
-5.79123
-5.76516
-5.75741
-5.77006
-5.80008
-5.83835
-5.87667
-5.90206
-5.91805
-5.92745
-5.93341
-5.94104
-5.95976
-5.98109
-6.00204
-6.01089
-5.99945
-5.96585
-5.91526
-5.85365
-5.80195
-5.76592
-5.75168
-5.75395
-5.77047
-5.79717
-5.82835
-5.866
-5.90835
-5.94656
-5.98085
-6.00422
-6.01215
-6.00868
-5.99495
-5.97476
-5.95351
-5.94063
-5.93872
-5.94907
-5.96444
-5.9829
-5.98899
-5.9827
-5.96051
-5.92597
-5.88568
-5.8438
-5.80922
-5.78795
-5.78621
-5.80341
-5.82482
-5.83567
-5.83545
-5.81519
-5.78221
-5.73916
-5.69706
-5.66284
-5.64521
-5.64799
-5.66276
-5.68308
-5.70642
-5.72461
-5.74594
-5.77028
-5.78755
-5.80232
-5.8063
-5.80142
-5.79547
-5.79416
-5.80763
-5.83045
-5.86496
-5.90781
-5.95777
-6.00576
-6.04753
-6.07952
-6.09235
-6.08362
-6.05679
-6.01405
-5.97169
-5.93092
-5.8982
-5.87923
-5.86372
-5.85401
-5.84773
-5.84787
-5.84797
-5.84811
-5.84511
-5.8411
-5.8375
-5.83634
-5.83487
-5.83191
-5.8213
-5.80683
-5.78676
-5.769
-5.76649
-5.78901
-5.83649
-5.89477
-5.95769
-6.0135
-6.05521
-6.08784
-6.11026
-6.12245
-6.12094
-6.10742
-6.08107
-6.04575
-6.00954
-5.97476
-5.94379
-5.92392
-5.91031
-5.90127
-5.89432
-5.88646
-5.87212
-5.84213
-5.81261
-5.7858
-5.76972
-5.76453
-5.77427
-5.79427
-5.82338
-5.85242
-5.8704
-5.86296
-5.83335
-5.78581
-5.74453
-5.72843
-5.74346
-5.78691
-5.84782
-5.90114
-5.94055
-5.95783
-5.95275
-5.93411
-5.90872
-5.8943
-5.90414
-5.93299
-5.96791
-5.99996
-6.01247
-5.99785
-5.96264
-5.91535
-5.86546
-5.83078
-5.8151
-5.82876
-5.85991
-5.89411
-5.91921
-5.92088
-5.89758
-5.84882
-5.78985
-5.73809
-5.7142
-5.73332
-5.78884
-5.86148
-5.92887
-5.97459
-5.99754
-5.99888
-5.99415
-5.98433
-5.98208
-5.98686
-6.00642
-6.03783
-6.07885
-6.11783
-6.15095
-6.1639
-6.15406
-6.12581
-6.07925
-6.01544
-5.94091
-5.85767
-5.77445
-5.70302
-5.65827
-5.64199
-5.65364
-5.69088
-5.74746
-5.81771
-5.89363
-5.95857
-5.9951
-5.99882
-5.96978
-5.91922
-5.86357
-5.80966
-5.77202
-5.75445
-5.75556
-5.77871
-5.81658
-5.8578
-5.8939
-5.9173
-5.92203
-5.91095
-5.89168
-5.8747
-5.87237
-5.88525
-5.90654
-5.93092
-5.94462
-5.9446
-5.93509
-5.91919
-5.90551
-5.89095
-5.88062
-5.87195
-5.87387
-5.88928
-5.91318
-5.94297
-5.97343
-5.98885
-5.98648
-5.96577
-5.93222
-5.90004
-5.87624
-5.86828
-5.87219
-5.87398
-5.86712
-5.84707
-5.81249
-5.77218
-5.73405
-5.71244
-5.70376
-5.70538
-5.71229
-5.72285
-5.7428
-5.77592
-5.81473
-5.84858
-5.87489
-5.88548
-5.8824
-5.87389
-5.86378
-5.85526
-5.84422
-5.83206
-5.82192
-5.80708
-5.7911
-5.78039
-5.78355
-5.7958
-5.81733
-5.84387
-5.87081
-5.88852
-5.8957
-5.89359
-5.8834
-5.87268
-5.87366
-5.88535
-5.91147
-5.93907
-5.97028
-5.99795
-6.01449
-6.0178
-6.01311
-6.00282
-5.99553
-5.99344
-5.99454
-6.00003
-5.99854
-5.98699
-5.96125
-5.92506
-5.88029
-5.83693
-5.8035
-5.7845
-5.77734
-5.78054
-5.78707
-5.79213
-5.7897
-5.78189
-5.77134
-5.76318
-5.76662
-5.79048
-5.83173
-5.89185
-5.94743
-5.99159
-6.01338
-6.01544
-5.99886
-5.97165
-5.94153
-5.91549
-5.9013
-5.9018
-5.91122
-5.92633
-5.93718
-5.93766
-5.93184
-5.9119
-5.88434
-5.84514
-5.80308
-5.75764
-5.71414
-5.67875
-5.65929
-5.6613
-5.67928
-5.70702
-5.73355
-5.76097
-5.79079
-5.82509
-5.86601
-5.90342
-5.93528
-5.95437
-5.95973
-5.95157
-5.92878
-5.8983
-5.86804
-5.8427
-5.8287
-5.82429
-5.8251
-5.84249
-5.86314
-5.88238
-5.89268
-5.89801
-5.89284
-5.88403
-5.881
-5.87893
-5.8875
-5.90183
-5.91988
-5.93756
-5.95049
-5.95361
-5.9463
-5.92664
-5.89352
-5.85264
-5.80806
-5.77352
-5.76001
-5.77572
-5.81909
-5.88084
-5.94563
-5.9984
-6.02813
-6.03713
-6.02053
-5.98387
-5.93723
-5.8951
-5.86646
-5.8597
-5.87268
-5.90118
-5.93974
-5.97753
-5.99916
-6.00964
-6.00652
-5.99771
-5.98476
-5.96705
-5.94302
-5.91255
-5.87265
-5.83138
-5.79362
-5.75982
-5.73822
-5.73129
-5.7383
-5.75929
-5.79299
-5.82997
-5.86322
-5.88639
-5.89867
-5.90502
-5.90053
-5.89235
-5.87426
-5.85543
-5.85002
-5.86787
-5.90562
-5.95155
-5.99247
-6.01692
-6.02257
-6.00888
-5.97734
-5.93658
-5.89807
-5.87436
-5.87107
-5.88614
-5.91326
-5.93884
-5.94942
-5.94174
-5.91208
-5.8712
-5.83367
-5.81282
-5.81167
-5.82979
-5.8493
-5.86241
-5.87004
-5.87663
-5.88849
-5.90718
-5.93124
-5.95124
-5.96622
-5.96525
-5.96052
-5.95123
-5.94087
-5.93173
-5.91584
-5.89111
-5.85409
-5.80411
-5.74175
-5.67466
-5.61201
-5.57006
-5.55644
-5.5666
-5.59452
-5.63356
-5.68573
-5.74859
-5.81878
-5.88603
-5.94407
-5.99358
-6.02881
-6.05329
-6.07114
-6.07921
-6.08059
-6.07756
-6.07648
-6.07363
-6.0706
-6.06427
-6.04963
-6.03153
-6.0153
-6.01054
-6.01084
-6.01811
-6.02555
-6.03438
-6.0408
-6.04472
-6.03826
-6.02095
-5.98305
-5.93708
-5.88508
-5.84204
-5.8034
-5.77137
-5.74761
-5.73519
-5.72737
-5.72569
-5.7316
-5.74597
-5.76638
-5.79197
-5.82506
-5.85923
-5.88745
-5.91579
-5.94128
-5.96464
-5.98129
-5.98986
-5.98537
-5.97267
-5.95171
-5.9297
-5.91272
-5.89984
-5.90128
-5.91136
-5.93002
-5.95016
-5.96882
-5.97527
-5.96955
-5.94645
-5.90743
-5.85502
-5.7968
-5.74167
-5.69359
-5.6685
-5.66799
-5.68459
-5.70685
-5.72408
-5.74065
-5.76262
-5.79623
-5.84091
-5.89358
-5.94757
-6.00158
-6.04897
-6.07421
-6.0723
-6.03067
-5.95769
-5.85966
-5.76039
-5.67992
-5.63248
-5.62375
-5.64683
-5.69997
-5.76948
-5.84813
-5.92879
-5.99247
-6.04224
-6.07087
-6.08175
-6.0816
-6.07405
-6.06034
-6.04134
-6.0071
-5.96272
-5.90981
-5.85658
-5.81841
-5.80058
-5.80161
-5.81057
-5.82307
-5.82958
-5.82893
-5.81594
-5.79585
-5.77028
-5.74411
-5.72295
-5.71189
-5.71662
-5.72984
-5.75109
-5.77445
-5.7954
-5.81198
-5.82431
-5.83746
-5.85614
-5.87747
-5.90002
-5.9186
-5.92668
-5.91806
-5.89842
-5.87221
-5.84223
-5.81811
-5.80411
-5.80506
-5.81395
-5.82545
-5.84258
-5.86181
-5.88033
-5.897
-5.90711
-5.9116
-5.90626
-5.88896
-5.85954
-5.82121
-5.77976
-5.74387
-5.72514
-5.72381
-5.74722
-5.79919
-5.87152
-5.95115
-6.02821
-6.08442
-6.11395
-6.11576
-6.09535
-6.05861
-6.0142
-5.97088
-5.9345
-5.90886
-5.88746
-5.86277
-5.83922
-5.81581
-5.80186
-5.7994
-5.81106
-5.83377
-5.86099
-5.88617
-5.90791
-5.91937
-5.92127
-5.92029
-5.91607
-5.91245
-5.91387
-5.91875
-5.92912
-5.94329
-5.95019
-5.94932
-5.93491
-5.90872
-5.8824
-5.86688
-5.86447
-5.88152
-5.91031
-5.94614
-5.98054
-6.01049
-6.02362
-6.01705
-5.99056
-5.94725
-5.8977
-5.84067
-5.78574
-5.74366
-5.71284
-5.70629
-5.72265
-5.75798
-5.80056
-5.8464
-5.88455
-5.91617
-5.94326
-5.967
-5.98786
-6.00669
-6.0215
-6.03261
-6.04251
-6.04794
-6.04318
-6.02575
-5.99369
-5.94172
-5.88148
-5.81827
-5.76407
-5.72255
-5.70748
-5.71822
-5.74853
-5.78737
-5.81943
-5.83866
-5.84262
-5.84218
-5.84211
-5.85054
-5.86977
-5.90218
-5.94386
-5.98472
-6.01915
-6.03979
-6.05107
-6.05477
-6.05646
-6.05808
-6.05856
-6.06109
-6.05571
-6.04314
-6.01922
-5.98496
-5.94211
-5.89889
-5.85747
-5.82439
-5.80337
-5.79214
-5.79195
-5.79166
-5.79122
-5.79177
-5.79848
-5.81315
-5.83355
-5.8609
-5.8805
-5.88237
-5.86714
-5.83195
-5.78703
-5.74046
-5.7056
-5.68961
-5.69286
-5.70551
-5.72145
-5.73847
-5.75828
-5.78013
-5.8057
-5.82742
-5.85039
-5.87517
-5.91022
-5.95581
-6.00476
-6.04936
-6.08085
-6.09106
-6.07779
-6.04167
-5.98292
-5.91148
-5.8392
-5.78351
-5.7497
-5.74173
-5.75149
-5.76242
-5.76961
-5.77294
-5.77239
-5.77775
-5.80217
-5.84371
-5.89226
-5.94537
-5.996
-6.03929
-6.07457
-6.09551
-6.10178
-6.09115
-6.06422
-6.02757
-5.99079
-5.96487
-5.95464
-5.95613
-5.96586
-5.97662
-5.98126
-5.97515
-5.95317
-5.92504
-5.88696
-5.85484
-5.83227
-5.82508
-5.8336
-5.84915
-5.86331
-5.87171
-5.87102
-5.86354
-5.8554
-5.84993
-5.84812
-5.85218
-5.85902
-5.86665
-5.86253
-5.84663
-5.82097
-5.79279
-5.76744
-5.75263
-5.74598
-5.75277
-5.76836
-5.79107
-5.82244
-5.85866
-5.89919
-5.93989
-5.97231
-5.99558
-6.0048
-5.99284
-5.97546
-5.9517
-5.92774
-5.91651
-5.92302
-5.94816
-5.97374
-5.99831
-6.01284
-6.01587
-6.01475
-6.01083
-6.00735
-6.0068
-6.00428
-6.00508
-5.99947
-5.98609
-5.96677
-5.94261
-5.91896
-5.8984
-5.88299
-5.86313
-5.83709
-5.81318
-5.78854
-5.77473
-5.77519
-5.79461
-5.82931
-5.87041
-5.90652
-5.93337
-5.94265
-5.92845
-5.89574
-5.85426
-5.80878
-5.7699
-5.74568
-5.74609
-5.76957
-5.81231
-5.86102
-5.91079
-5.95654
-5.99649
-6.02351
-6.03925
-6.03717
-6.02052
-5.98506
-5.93799
-5.88294
-5.82926
-5.78265
-5.75392
-5.75061
-5.77272
-5.81367
-5.86104
-5.90087
-5.9185
-5.91271
-5.89189
-5.86979
-5.85248
-5.843
-5.84405
-5.85934
-5.88087
-5.90097
-5.90923
-5.90238
-5.88539
-5.86052
-5.83361
-5.81375
-5.79506
-5.7855
-5.78075
-5.78026
-5.78116
-5.78539
-5.79424
-5.80551
-5.81361
-5.81542
-5.80315
-5.77719
-5.73798
-5.6937
-5.65514
-5.6301
-5.6263
-5.64581
-5.6829
-5.73643
-5.79691
-5.85791
-5.91715
-5.97255
-6.02768
-6.07991
-6.12556
-6.16212
-6.18067
-6.17891
-6.1636
-6.13391
-6.09551
-6.04986
-6.00362
-5.96289
-5.9344
-5.91706
-5.91247
-5.91851
-5.92695
-5.93118
-5.92759
-5.91495
-5.89352
-5.87014
-5.84105
-5.80838
-5.78043
-5.76449
-5.76368
-5.78047
-5.8061
-5.83489
-5.86815
-5.89837
-5.92889
-5.95657
-5.98219
-6.00222
-6.01107
-6.01149
-6.00605
-6.00134
-5.9971
-5.98998
-5.97784
-5.95427
-5.92177
-5.87954
-5.83355
-5.79026
-5.75346
-5.74097
-5.75451
-5.78433
-5.81907
-5.85285
-5.88773
-5.91584
-5.93731
-5.94519
-5.93898
-5.9198
-5.89282
-5.86923
-5.85451
-5.84999
-5.86255
-5.88532
-5.91558
-5.94434
-5.96704
-5.96907
-5.94429
-5.89157
-5.82219
-5.76562
-5.74539
-5.77196
-5.83327
-5.90814
-5.98158
-6.04398
-6.08844
-6.11447
-6.13374
-6.14383
-6.1435
-6.13172
-6.10351
-6.06103
-6.00396
-5.94694
-5.90036
-5.87293
-5.86677
-5.88407
-5.91712
-5.95663
-5.98819
-6.00816
-6.01236
-6.00222
-5.97954
-5.94785
-5.90986
-5.86964
-5.82931
-5.79257
-5.76737
-5.74783
-5.73763
-5.73714
-5.74561
-5.75722
-5.77054
-5.77686
-5.7767
-5.76956
-5.76154
-5.75479
-5.75542
-5.76911
-5.79393
-5.8324
-5.87435
-5.90824
-5.93091
-5.93886
-5.9217
-5.88791
-5.84065
-5.79874
-5.7751
-5.77802
-5.81269
-5.87118
-5.94686
-6.02137
-6.08775
-6.13608
-6.16784
-6.17996
-6.17581
-6.14948
-6.10266
-6.04149
-5.96811
-5.88947
-5.81672
-5.75645
-5.71202
-5.69069
-5.68785
-5.70723
-5.74065
-5.78468
-5.82884
-5.86965
-5.90243
-5.92992
-5.95101
-5.96706
-5.97281
-5.9686
-5.95808
-5.94064
-5.9269
-5.91699
-5.91269
-5.91003
-5.90735
-5.9075
-5.91361
-5.93346
-5.96166
-5.99364
-6.0187
-6.02692
-6.01445
-5.98953
-5.95661
-5.92985
-5.91336
-5.90944
-5.91989
-5.94324
-5.96881
-5.99811
-6.02082
-6.03494
-6.03432
-6.02009
-5.99229
-5.9541
-5.90899
-5.86546
-5.82626
-5.80214
-5.79228
-5.79805
-5.80969
-5.82613
-5.8407
-5.85858
-5.87257
-5.87616
-5.87352
-5.86374
-5.85438
-5.842
-5.83236
-5.82722
-5.82607
-5.83114
-5.84013
-5.85022
-5.85793
-5.86291
-5.86207
-5.85397
-5.84242
-5.82507
-5.80432
-5.78448
-5.76803
-5.75255
-5.73826
-5.7229
-5.70953
-5.7016
-5.70313
-5.71551
-5.73328
-5.76494
-5.80503
-5.85409
-5.90461
-5.94709
-5.97925
-5.99954
-6.00975
-6.0206
-6.03886
-6.06355
-6.08575
-6.09883
-6.10359
-6.09271
-6.07509
-6.05097
-6.0269
-6.00211
-5.97596
-5.95295
-5.93751
-5.9312
-5.93241
-5.93611
-5.93582
-5.93092
-5.91701
-5.89927
-5.87727
-5.86141
-5.86262
-5.88254
-5.91157
-5.94236
-5.96393
-5.97404
-5.96636
-5.94492
-5.91766
-5.89745
-5.88895
-5.88879
-5.88868
-5.88595
-5.88028
-5.87397
-5.87671
-5.88642
-5.90007
-5.91248
-5.91818
-5.90776
-5.8778
-5.82789
-5.76091
-5.68941
-5.62507
-5.58629
-5.57887
-5.60273
-5.65213
-5.71393
-5.77942
-5.84235
-5.90307
-5.95478
-6.00254
-6.041
-6.07325
-6.09881
-6.11361
-6.12177
-6.11603
-6.0984
-6.06282
-6.01173
-5.95418
-5.89574
-5.84349
-5.80662
-5.78737
-5.77967
-5.78321
-5.79211
-5.80588
-5.81922
-5.83252
-5.84896
-5.86636
-5.89087
-5.92275
-5.95148
-5.97568
-5.99205
-6.00204
-6.00824
-6.01314
-6.02235
-6.03676
-6.04607
-6.04981
-6.04473
-6.0289
-5.99925
-5.96268
-5.92385
-5.8878
-5.86055
-5.84832
-5.8511
-5.86748
-5.89072
-5.91478
-5.9402
-5.9525
-5.9509
-5.94166
-5.93038
-5.92553
-5.91965
-5.91418
-5.89986
-5.86895
-5.82905
-5.78613
-5.7507
-5.74085
-5.74846
-5.77265
-5.80607
-5.84013
-5.86885
-5.89361
-5.91006
-5.91918
-5.92004
-5.91478
-5.89716
-5.88038
-5.86872
-5.86561
-5.87608
-5.89778
-5.92712
-5.96467
-5.99983
-6.02435
-6.04037
-6.05002
-6.0575
-6.06278
-6.06691
-6.064
-6.05054
-6.0277
-5.99411
-5.95404
-5.91756
-5.8897
-5.86871
-5.85748
-5.85816
-5.86664
-5.88183
-5.89926
-5.91661
-5.92899
-5.93377
-5.936
-5.94072
-5.93903
-5.93655
-5.93183
-5.92846
-5.93133
-5.94356
-5.95666
-5.96795
-5.97479
-5.97185
-5.9606
-5.94089
-5.91201
-5.87405
-5.82684
-5.77655
-5.73031
-5.70104
-5.69832
-5.72243
-5.76602
-5.81771
-5.86005
-5.8938
-5.92056
-5.94708
-5.96942
-5.97859
-5.97812
-5.98525
-6.01432
-6.06298
-6.10773
-6.13542
-6.14902
-6.1461
-6.12978
-6.096
-6.05059
-5.99
-5.92983
-5.8749
-5.8304
-5.79898
-5.77744
-5.76933
-5.77318
-5.79378
-5.82771
-5.86192
-5.8885
-5.90271
-5.90422
-5.89698
-5.89432
-5.89825
-5.90745
-5.91903
-5.92537
-5.91512
-5.891
-5.85613
-5.81756
-5.7791
-5.74351
-5.7202
-5.71141
-5.71319
-5.73028
-5.76867
-5.8296
-5.9048
-5.98112
-6.05268
-6.10552
-6.13724
-6.14623
-6.13486
-6.10902
-6.07388
-6.03538
-5.99639
-5.95783
-5.92125
-5.89833
-5.89312
-5.90555
-5.93355
-5.9723
-6.00596
-6.0364
-6.0593
-6.07367
-6.07541
-6.06471
-6.03205
-5.98376
-5.92734
-5.87061
-5.82082
-5.78109
-5.74795
-5.71794
-5.68624
-5.65646
-5.62855
-5.61684
-5.62239
-5.65224
-5.70718
-5.77813
-5.8621
-5.94602
-6.02287
-6.08798
-6.13255
-6.15097
-6.14393
-6.11313
-6.06868
-6.01771
-5.97579
-5.94696
-5.9307
-5.92285
-5.92383
-5.92853
-5.93168
-5.93331
-5.92347
-5.9025
-5.86704
-5.82345
-5.78825
-5.777
-5.79034
-5.834
-5.88456
-5.93237
-5.96777
-5.99599
-6.01113
-6.01201
-5.99051
-5.94424
-5.88227
-5.81196
-5.75686
-5.74165
-5.77332
-5.84091
-5.91848
-5.98701
-6.03803
-6.07213
-6.09409
-6.11115
-6.12449
-6.12455
-6.11198
-6.07869
-6.03743
-5.98972
-5.94123
-5.89899
-5.85877
-5.82249
-5.79377
-5.77453
-5.76636
-5.76638
-5.77217
-5.78204
-5.79705
-5.81545
-5.83497
-5.85887
-5.88007
-5.89755
-5.91118
-5.91859
-5.92449
-5.92041
-5.91265
-5.90856
-5.91126
-5.91376
-5.91371
-5.91088
-5.90581
-5.90813
-5.91533
-5.93211
-5.95771
-5.98571
-6.00945
-6.0215
-6.01415
-5.99076
-5.95649
-5.92384
-5.89386
-5.87687
-5.86791
-5.86965
-5.87306
-5.8789
-5.87672
-5.86515
-5.83922
-5.80091
-5.75183
-5.70577
-5.66885
-5.66081
-5.68373
-5.73309
-5.79383
-5.85232
-5.89921
-5.93149
-5.94261
-5.9446
-5.937
-5.93362
-5.93863
-5.94885
-5.95845
-5.96338
-5.95802
-5.9543
-5.95539
-5.9738
-6.00487
-6.03957
-6.0682
-6.07818
-6.0621
-6.01598
-5.93974
-5.85476
-5.77504
-5.71162
-5.67735
-5.67506
-5.70582
-5.76083
-5.82829
-5.89825
-5.96126
-6.01194
-6.04393
-6.05862
-6.05323
-6.03266
-6.00339
-5.9669
-5.93307
-5.90246
-5.87906
-5.86549
-5.85932
-5.86288
-5.87378
-5.8895
-5.91175
-5.93852
-5.96272
-5.98784
-6.00797
-6.01679
-6.0114
-5.99432
-5.96702
-5.93165
-5.89188
-5.8498
-5.80887
-5.77415
-5.74142
-5.72184
-5.72244
-5.74277
-5.78329
-5.83098
-5.87833
-5.90543
-5.91249
-5.90238
-5.88175
-5.84861
-5.81645
-5.78925
-5.7729
-5.76478
-5.76247
-5.76192
-5.75871
-5.7526
-5.74435
-5.73466
-5.73352
-5.73947
-5.76153
-5.79052
-5.82638
-5.86216
-5.89118
-5.9234
-5.95062
-5.97649
-5.99305
-6.00954
-6.02528
-6.03811
-6.04989
-6.06512
-6.07587
-6.0843
-6.08053
-6.06917
-6.04752
-6.01995
-5.98837
-5.95498
-5.92323
-5.89167
-5.86073
-5.82999
-5.79853
-5.76753
-5.73693
-5.71973
-5.71714
-5.73478
-5.76984
-5.81953
-5.878
-5.93957
-6.0014
-6.05889
-6.10691
-6.14446
-6.16697
-6.17807
-6.17259
-6.15085
-6.11414
-6.06533
-6.01108
-5.95696
-5.9045
-5.85124
-5.79781
-5.74532
-5.69844
-5.66077
-5.64818
-5.6653
-5.71191
-5.77554
-5.84475
-5.90577
-5.95162
-5.97424
-5.97767
-5.96733
-5.95106
-5.9352
-5.91826
-5.90969
-5.90962
-5.91706
-5.93184
-5.94878
-5.96204
-5.96751
-5.95841
-5.94213
-5.92413
-5.90591
-5.89461
-5.89467
-5.90333
-5.90902
-5.90863
-5.89541
-5.87134
-5.8425
-5.8107
-5.7861
-5.77198
-5.77543
-5.79951
-5.85127
-5.92322
-6.00252
-6.07642
-6.13408
-6.16135
-6.16471
-6.14338
-6.10203
-6.04959
-5.99229
-5.93105
-5.87614
-5.8425
-5.83765
-5.86374
-5.90746
-5.9561
-5.99375
-6.01533
-6.0198
-6.015
-5.99618
-5.96354
-5.92522
-5.88804
-5.85568
-5.82738
-5.80676
-5.78878
-5.78094
-5.7778
-5.78105
-5.79084
-5.80433
-5.81811
-5.82871
-5.83646
-5.83992
-5.84536
-5.85462
-5.87281
-5.9036
-5.93993
-5.98599
-6.03113
-6.06615
-6.08927
-6.09671
-6.09094
-6.07595
-6.06545
-6.05673
-6.05651
-6.05503
-6.05271
-6.04369
-6.02546
-6.00011
-5.97089
-5.94179
-5.91314
-5.88756
-5.86183
-5.84267
-5.82626
-5.8131
-5.79985
-5.78354
-5.76189
-5.73839
-5.71066
-5.68638
-5.67738
-5.6838
-5.70493
-5.73467
-5.77468
-5.81837
-5.86188
-5.90291
-5.94044
-5.97585
-5.99887
-6.0069
-6.00472
-5.98848
-5.96816
-5.95499
-5.96128
-5.98032
-5.98976
-5.98921
-5.9727
-5.95442
-5.94523
-5.94408
-5.9511
-5.96464
-5.97645
-5.98475
-5.99349
-6.00546
-6.02776
-6.06575
-6.10064
-6.11647
-6.10439
-6.06773
-6.01487
-5.96213
-5.91792
-5.89228
-5.88668
-5.89573
-5.90859
-5.91539
-5.90786
-5.88842
-5.86058
-5.84714
-5.85456
-5.87665
-5.8897
-5.89063
-5.88193
-5.86969
-5.86374
-5.86599
-5.87849
-5.89381
-5.90439
-5.91024
-5.90172
-5.88552
-5.86649
-5.85098
-5.85184
-5.87229
-5.91272
-5.9638
-6.01691
-6.05606
-6.07839
-6.07862
-6.06646
-6.04287
-6.01592
-5.99456
-5.97519
-5.95959
-5.94186
-5.91934
-5.88835
-5.84669
-5.79289
-5.74069
-5.69591
-5.67487
-5.68138
-5.70339
-5.73692
-5.77157
-5.80107
-5.82389
-5.84477
-5.87097
-5.89978
-5.93476
-5.96173
-5.97587
-5.96744
-5.94007
-5.90479
-5.87453
-5.85485
-5.85153
-5.86566
-5.88783
-5.91266
-5.93122
-5.94513
-5.95239
-5.95438
-5.94812
-5.93489
-5.91219
-5.89034
-5.86791
-5.84921
-5.83782
-5.83483
-5.83655
-5.84743
-5.85744
-5.86411
-5.86732
-5.86589
-5.86431
-5.86683
-5.86795
-5.87269
-5.87312
-5.87704
-5.88051
-5.88666
-5.89996
-5.91647
-5.93643
-5.96165
-5.98565
-6.00586
-6.01718
-6.02091
-6.01306
-5.9974
-5.97357
-5.9485
-5.91789
-5.88113
-5.84087
-5.8024
-5.77711
-5.7725
-5.79076
-5.83008
-5.88331
-5.94458
-5.99929
-6.04873
-6.07788
-6.09002
-6.08292
-6.06385
-6.0303
-5.99607
-5.95506
-5.91634
-5.88286
-5.85511
-5.83372
-5.81126
-5.78686
-5.76359
-5.74125
-5.72902
-5.74125
-5.77438
-5.82225
-5.87233
-5.91579
-5.94541
-5.95714
-5.94882
-5.92271
-5.88758
-5.85067
-5.82431
-5.81167
-5.81526
-5.83254
-5.85193
-5.87552
-5.89857
-5.92722
-5.95475
-5.98028
-6.00303
-6.02271
-6.03145
-6.0318
-6.0233
-6.00804
-5.98897
-5.96908
-5.95173
-5.94398
-5.94065
-5.94346
-5.94096
-5.93714
-5.92127
-5.90252
-5.88857
-5.88255
-5.88479
-5.88528
-5.8863
-5.88864
-5.8897
-5.90147
-5.92367
-5.95462
-5.98768
-6.01269
-6.02152
-6.01346
-5.99639
-5.97294
-5.95349
-5.93957
-5.92608
-5.91524
-5.90846
-5.91223
-5.9308
-5.95728
-5.98886
-6.01217
-6.02457
-6.01626
-5.98414
-5.9347
-5.8737
-5.81332
-5.77065
-5.74866
-5.7502
-5.77443
-5.81766
-5.85843
-5.882
-5.88643
-5.86854
-5.8414
-5.81305
-5.79811
-5.80538
-5.83127
-5.87124
-5.90739
-5.93552
-5.94405
-5.93739
-5.92361
-5.90899
-5.8918
-5.88196
-5.87869
-5.88161
-5.88627
-5.89174
-5.89809
-5.90626
-5.91527
-5.91966
-5.92062
-5.9151
-5.90485
-5.89557
-5.89076
-5.89195
-5.89656
-5.89918
-5.9025
-5.90412
-5.90549
-5.90822
-5.91678
-5.92754
-5.93874
-5.9469
-5.94904
-5.9517
-5.95504
-5.95908
-5.96886
-5.98451
-5.99663
-6.00576
-6.00656
-5.99994
-5.98654
-5.9691
-5.94699
-5.9236
-5.89672
-5.86512
-5.83274
-5.8074
-5.79448
-5.80134
-5.826
-5.86057
-5.90664
-5.95213
-5.99456
-6.02771
-6.0556
-6.07235
-6.07933
-6.08131
-6.08108
-6.07762
-6.06872
-6.04904
-6.0146
-5.96406
-5.90027
-5.83072
-5.76598
-5.716
-5.69295
-5.69493
-5.71823
-5.75756
-5.79933
-5.83395
-5.85821
-5.86781
-5.86541
-5.85303
-5.83864
-5.82822
-5.82223
-5.82583
-5.83775
-5.85126
-5.86649
-5.87518
-5.87681
-5.87258
-5.86457
-5.86103
-5.86413
-5.87731
-5.89839
-5.93124
-5.96778
-5.99827
-6.0144
-6.0105
-5.99078
-5.96627
-5.94566
-5.93155
-5.92572
-5.9226
-5.9237
-5.92266
-5.92477
-5.92999
-5.94084
-5.95817
-5.97406
-5.9772
-5.97206
-5.95576
-5.93234
-5.9123
-5.89595
-5.88443
-5.87309
-5.85984
-5.84634
-5.84611
-5.8617
-5.89964
-5.95046
-5.99351
-6.02154
-6.02768
-6.00467
-5.96355
-5.90904
-5.85277
-5.80866
-5.77991
-5.7714
-5.77243
-5.78217
-5.79551
-5.81116
-5.82754
-5.83704
-5.83808
-5.8301
-5.81552
-5.80619
-5.81572
-5.84869
-5.8996
-5.96522
-6.0395
-6.11335
-6.17773
-6.22368
-6.24533
-6.2399
-6.20482
-6.13709
-6.05022
-5.94751
-5.84361
-5.76141
-5.71229
-5.70837
-5.74529
-5.81041
-5.88627
-5.95556
-6.00144
-6.025
-6.02158
-5.99534
-5.95024
-5.90408
-5.86742
-5.84906
-5.84906
-5.86501
-5.88665
-5.91035
-5.92782
-5.93865
-5.93894
-5.93502
-5.93268
-5.93577
-5.94309
-5.9576
-5.97369
-5.98407
-5.98867
-5.98716
-5.97809
-5.9676
-5.95165
-5.92778
-5.89737
-5.85986
-5.81829
-5.77439
-5.73271
-5.70512
-5.69854
-5.71039
-5.73819
-5.77284
-5.81339
-5.85521
-5.89313
-5.9198
-5.93163
-5.93329
-5.93111
-5.9258
-5.91864
-5.91205
-5.91043
-5.90786
-5.90626
-5.90021
-5.89203
-5.88878
-5.88646
-5.89683
-5.91936
-5.94705
-5.96574
-5.97288
-5.97814
-5.9725
-5.97068
-5.97418
-5.98382
-6.00281
-6.02707
-6.04917
-6.06733
-6.07308
-6.06144
-6.02989
-5.98706
-5.93624
-5.88815
-5.85224
-5.83784
-5.84915
-5.87675
-5.91411
-5.95596
-5.99891
-6.04074
-6.07995
-6.10594
-6.11424
-6.09581
-6.05589
-5.99672
-5.92773
-5.85673
-5.79318
-5.74507
-5.72006
-5.72014
-5.74082
-5.77588
-5.82042
-5.85872
-5.89016
-5.9144
-5.93221
-5.94794
-5.95623
-5.9495
-5.9288
-5.89235
-5.8541
-5.82284
-5.80547
-5.81173
-5.83691
-5.87122
-5.9011
-5.92138
-5.92766
-5.91303
-5.8814
-5.84481
-5.81007
-5.785
-5.76768
-5.75402
-5.73718
-5.71732
-5.69371
-5.66704
-5.64932
-5.65417
-5.69338
-5.76735
-5.86117
-5.95261
-6.02275
-6.06332
-6.07172
-6.06418
-6.05038
-6.03641
-6.02479
-6.01411
-6.0099
-6.01212
-6.01829
-6.02195
-6.02553
-6.02001
-6.00878
-5.99887
-5.98959
-5.98657
-5.99332
-6.00722
-6.02334
-6.04081
-6.05122
-6.04075
-6.01339
-5.97023
-5.91602
-5.85512
-5.79489
-5.74081
-5.69828
-5.67534
-5.67278
-5.6979
-5.73732
-5.78843
-5.84065
-5.89338
-5.93698
-5.97261
-5.99788
-6.01446
-6.02094
-6.01422
-5.99566
-5.9543
-5.89575
-5.83198
-5.76756
-5.7151
-5.6814
-5.67141
-5.68694
-5.72573
-5.78199
-5.85393
-5.92977
-6.00968
-6.08424
-6.1474
-6.19171
-6.20574
-6.1845
-6.12452
-6.04042
-5.94682
-5.86728
-5.80925
-5.78115
-5.77735
-5.78851
-5.8052
-5.82827
-5.85336
-5.88701
-5.93143
-5.98298
-6.03392
-6.07844
-6.102
-6.10367
-6.08413
-6.04889
-6.01015
-5.97237
-5.94409
-5.92573
-5.90805
-5.8859
-5.85426
-5.81263
-5.77293
-5.74321
-5.73106
-5.74268
-5.7761
-5.81968
-5.86829
-5.91053
-5.94362
-5.97092
-5.99355
-6.01522
-6.03274
-6.04314
-6.04759
-6.0508
-6.05252
-6.05538
-6.05749
-6.05113
-6.03462
-6.00845
-5.97527
-5.94199
-5.91565
-5.89283
-5.87587
-5.86542
-5.864
-5.87867
-5.9102
-5.95177
-5.99166
-6.02515
-6.03803
-6.04022
-6.02348
-5.99341
-5.94975
-5.89759
-5.84102
-5.78949
-5.75058
-5.7342
-5.74492
-5.77834
-5.8188
-5.85525
-5.87712
-5.88236
-5.87412
-5.8586
-5.85163
-5.8521
-5.86534
-5.88652
-5.91236
-5.94586
-5.98044
-6.00904
-6.02334
-6.01704
-5.99108
-5.94298
-5.88657
-5.8306
-5.78866
-5.76205
-5.75972
-5.78252
-5.82667
-5.87933
-5.92907
-5.9658
-5.9898
-5.99328
-5.98394
-5.96508
-5.94517
-5.93462
-5.93813
-5.95683
-5.97784
-5.9971
-6.00388
-5.99058
-5.95679
-5.91013
-5.85768
-5.8181
-5.80214
-5.80064
-5.80675
-5.80699
-5.78834
-5.7481
-5.69774
-5.64426
-5.60111
-5.5786
-5.58131
-5.61262
-5.67148
-5.7461
-5.82183
-5.89108
-5.94653
-5.98602
-6.00819
-6.01651
-6.01155
-5.99883
-5.98365
-5.96705
-5.94931
-5.9381
-5.92618
-5.92182
-5.92029
-5.92142
-5.92412
-5.93006
-5.92635
-5.91413
-5.888
-5.85422
-5.81487
-5.77036
-5.72954
-5.69435
-5.67086
-5.66736
-5.69413
-5.75341
-5.83388
-5.91652
-5.99286
-6.05248
-6.09432
-6.11906
-6.12797
-6.11962
-6.09728
-6.05884
-6.01266
-5.96248
-5.91908
-5.88243
-5.85987
-5.84981
-5.85564
-5.86972
-5.8913
-5.91814
-5.94774
-5.97912
-6.00709
-6.02621
-6.04059
-6.04168
-6.03129
-6.0071
-5.97713
-5.94907
-5.93535
-5.9367
-5.95128
-5.9686
-5.97757
-5.97581
-5.95878
-5.93806
-5.9227
-5.91228
-5.90616
-5.89996
-5.88709
-5.87792
-5.86705
-5.85976
-5.85231
-5.85432
-5.8651
-5.87859
-5.89233
-5.90269
-5.91114
-5.92313
-5.94465
-5.9727
-6.00237
