-5.74634
-5.72508
-5.70309
-5.68861
-5.67321
-5.66501
-5.6615
-5.65845
-5.65844
-5.66137
-5.66359
-5.66907
-5.67261
-5.67416
-5.6753
-5.67463
-5.67375
-5.67235
-5.67008
-5.66718
-5.66513
-5.66469
-5.66496
-5.66468
-5.66543
-5.66684
-5.66726
-5.66856
-5.66939
-5.67098
-5.6716
-5.67208
-5.67485
-5.67458
-5.67446
-5.6742
-5.67422
-5.67207
-5.67245
-5.67261
-5.67299
-5.67206
-5.67081
-5.67179
-5.67326
-5.67285
-5.67306
-5.67187
-5.67251
-5.67372
-5.67261
-5.67212
-5.67163
-5.67279
-5.67108
-5.66914
-5.66895
-5.6686
-5.66679
-5.66736
-5.66699
-5.66942
-5.67101
-5.67269
-5.67388
-5.67273
-5.67419
-5.67473
-5.67656
-5.67447
-5.67392
-5.67558
-5.67851
-5.67758
-5.67606
-5.67459
-5.67542
-5.67398
-5.67348
-5.67267
-5.67196
-5.67207
-5.67238
-5.67316
-5.67165
-5.67382
-5.67312
-5.67278
-5.67064
-5.67233
-5.6728
-5.67184
-5.67344
-5.67339
-5.67391
-5.67361
-5.67434
-5.67536
-5.67467
-5.6748
-5.67343
-5.67342
-5.67245
-5.67154
-5.66911
-5.66885
-5.66638
-5.66636
-5.66406
-5.66571
-5.66648
-5.66667
-5.66779
-5.67035
-5.6716
-5.67299
-5.67344
-5.67512
-5.67771
-5.67797
-5.67825
-5.68089
-5.68248
-5.68053
-5.67838
-5.67612
-5.67736
-5.6769
-5.6779
-5.67799
-5.6783
-5.67816
-5.67791
-5.67573
-5.67431
-5.67337
-5.6735
-5.67137
-5.67215
-5.67163
-5.67111
-5.67029
-5.67237
-5.67315
-5.67331
-5.67257
-5.67422
-5.67176
-5.67228
-5.67148
-5.67218
-5.67176
-5.67283
-5.67217
-5.67304
-5.67414
-5.67254
-5.67304
-5.67304
-5.6719
-5.67168
-5.66868
-5.66603
-5.66837
-5.66888
-5.66959
-5.67052
-5.67246
-5.6732
-5.67423
-5.67439
-5.67214
-5.67582
-5.67621
-5.67808
-5.67719
-5.67743
-5.68017
-5.67863
-5.67736
-5.6754
-5.67605
-5.67611
-5.67533
-5.67374
-5.67522
-5.67386
-5.6767
-5.67782
-5.68136
-5.67958
-5.67542
-5.67514
-5.67491
-5.67441
-5.67395
-5.67353
-5.67252
-5.67223
-5.67398
-5.67385
-5.67245
-5.67396
-5.67605
-5.67644
-5.67446
-5.67371
-5.67261
-5.67123
-5.67054
-5.67286
-5.67301
-5.67255
-5.67403
-5.67741
-5.6768
-5.67803
-5.67533
-5.67487
-5.67447
-5.6751
-5.67641
-5.67604
-5.67488
-5.67225
-5.67179
-5.67071
-5.66947
-5.6685
-5.6701
-5.6713
-5.67357
-5.67289
-5.67396
-5.67283
-5.67172
-5.67167
-5.67148
-5.67092
-5.67267
-5.67164
-5.67113
-5.67053
-5.66989
-5.6718
-5.67491
-5.67456
-5.67577
-5.67935
-5.68131
-5.67838
-5.67841
-5.67953
-5.67666
-5.67603
-5.67413
-5.67423
-5.67441
-5.67565
-5.67537
-5.67584
-5.67545
-5.67708
-5.67717
-5.67662
-5.67605
-5.67354
-5.67205
-5.67069
-5.67244
-5.67504
-5.67445
-5.67728
-5.67943
-5.67823
-5.67633
-5.67522
-5.67448
-5.67627
-5.67586
-5.6761
-5.67525
-5.67699
-5.6763
-5.677
-5.67619
-5.67429
-5.67662
-5.67679
-5.67807
-5.67458
-5.67206
-5.67303
-5.67361
-5.67514
-5.6748
-5.67367
-5.67594
-5.67833
-5.67905
-5.67923
-5.68009
-5.67812
-5.67504
-5.67485
-5.67312
-5.67218
-5.67171
-5.67135
-5.674
-5.67412
-5.67139
-5.67068
-5.66939
-5.67011
-5.66993
-5.67137
-5.6718
-5.67214
-5.6743
-5.6783
-5.67893
-5.67877
-5.6781
-5.67757
-5.67722
-5.67555
-5.67434
-5.67565
-5.675
-5.67363
-5.6743
-5.675
-5.67501
-5.67496
-5.67647
-5.67695
-5.67541
-5.67445
-5.67373
-5.67452
-5.67227
-5.67119
-5.67098
-5.66947
-5.66936
-5.67075
-5.6695
-5.66851
-5.66773
-5.66833
-5.6731
-5.67289
-5.67408
-5.67409
-5.67329
-5.67308
-5.67487
-5.67609
-5.67674
-5.67514
-5.67516
-5.67424
-5.67439
-5.67659
-5.67592
-5.67619
-5.67632
-5.67689
-5.67791
-5.6775
-5.67672
-5.67464
-5.67327
-5.67098
-5.67174
-5.67015
-5.66857
-5.66986
-5.66924
-5.66809
-5.66858
-5.66789
-5.67101
-5.6722
-5.67442
-5.67411
-5.67674
-5.67576
-5.67532
-5.67765
-5.67693
-5.67454
-5.67212
-5.67001
-5.66921
-5.66687
-5.66533
-5.66663
-5.66664
-5.66692
-5.66836
-5.66757
-5.66836
-5.66837
-5.66983
-5.67333
-5.67364
-5.67528
-5.6757
-5.6731
-5.67412
-5.6724
-5.67473
-5.67294
-5.67215
-5.6746
-5.67582
-5.67617
-5.67629
-5.67748
-5.67646
-5.67291
-5.67359
-5.67425
-5.67418
-5.67526
-5.67457
-5.67405
-5.6744
-5.67342
-5.67441
-5.67387
-5.67345
-5.67149
-5.67183
-5.67153
-5.67251
-5.67252
-5.6706
-5.6697
-5.66949
-5.67255
-5.67272
-5.67288
-5.67367
-5.67413
-5.67717
-5.67697
-5.67807
-5.67659
-5.67802
-5.67486
-5.6758
-5.67462
-5.67519
-5.67428
-5.6739
-5.67383
-5.6729
-5.67157
-5.67059
-5.67129
-5.67301
-5.67337
-5.6748
-5.67612
-5.67719
-5.67694
-5.67795
-5.67773
-5.67607
-5.677
-5.67537
-5.67569
-5.67565
-5.67618
-5.67533
-5.67706
-5.67396
-5.67481
-5.67349
-5.67163
-5.66954
-5.66819
-5.66888
-5.66869
-5.66889
-5.67078
-5.67017
-5.67035
-5.67102
-5.67248
-5.67263
-5.67447
-5.67553
-5.67384
-5.67209
-5.67308
-5.67055
-5.66986
-5.67076
-5.67041
-5.67234
-5.67163
-5.67179
-5.67464
-5.67842
-5.67615
-5.67612
-5.67629
-5.6754
-5.6742
-5.67287
-5.67198
-5.67181
-5.67155
-5.67404
-5.67444
-5.675
-5.67661
-5.67482
-5.6765
-5.67587
-5.67452
-5.6747
-5.67482
-5.67296
-5.67492
-5.67358
-5.67344
-5.67363
-5.67334
-5.67631
-5.67582
-5.67468
-5.67626
-5.67607
-5.6775
-5.67754
-5.67719
-5.67559
-5.67577
-5.67592
-5.67518
-5.67238
-5.67088
-5.67108
-5.67265
-5.67323
-5.67485
-5.67629
-5.67709
-5.67754
-5.67772
-5.6771
-5.67641
-5.67606
-5.67708
-5.67559
-5.67517
-5.67381
-5.67339
-5.67291
-5.67269
-5.67308
-5.67183
-5.67251
-5.67287
-5.67256
-5.66906
-5.6686
-5.67004
-5.66991
-5.6701
-5.66977
-5.6709
-5.6707
-5.67201
-5.67099
-5.67001
-5.66889
-5.66939
-5.6678
-5.66656
-5.66838
-5.66837
-5.6693
-5.67194
-5.67414
-5.67451
-5.67468
-5.6756
-5.67695
-5.67741
-5.67666
-5.67502
-5.67582
-5.67654
-5.67537
-5.67827
-5.67621
-5.67408
-5.67474
-5.6736
-5.67352
-5.67441
-5.67521
-5.67425
-5.67412
-5.67354
-5.67297
-5.67478
-5.67356
-5.67454
-5.6738
-5.67447
-5.67288
-5.67415
-5.67241
-5.67383
-5.67386
-5.67182
-5.67216
-5.67158
-5.67165
-5.67275
-5.674
-5.67198
-5.67202
-5.67297
-5.67265
-5.674
-5.67245
-5.67021
-5.67301
-5.6723
-5.66961
-5.67131
-5.66927
-5.66865
-5.67015
-5.67117
-5.67272
-5.6735
-5.67382
-5.6753
-5.67474
-5.67674
-5.6762
-5.6748
-5.67746
-5.67737
-5.67805
-5.67813
-5.6775
-5.6767
-5.6744
-5.67484
-5.67165
-5.6724
-5.67204
-5.67136
-5.67206
-5.67284
-5.6739
-5.67404
-5.67436
-5.67537
-5.67608
-5.67556
-5.67552
-5.67638
-5.67758
-5.6769
-5.67594
-5.67754
-5.67546
-5.67674
-5.67589
-5.67428
-5.67463
-5.67412
-5.67414
-5.67471
-5.67157
-5.67213
-5.67149
-5.66994
-5.67167
-5.67211
-5.67022
-5.67041
-5.66934
-5.67022
-5.67411
-5.67466
-5.67363
-5.67344
-5.67222
-5.6736
-5.67365
-5.6739
-5.67262
-5.67325
-5.67213
-5.67342
-5.67482
-5.67634
-5.67511
-5.67441
-5.67135
-5.67085
-5.66971
-5.66993
-5.67098
-5.67233
-5.67243
-5.67347
-5.67329
-5.67398
-5.67513
-5.67413
-5.6745
-5.67302
-5.67267
-5.67451
-5.67373
-5.67398
-5.67496
-5.6754
-5.67757
-5.67596
-5.67541
-5.67526
-5.67519
-5.67777
-5.6771
-5.67798
-5.67711
-5.67507
-5.67384
-5.67315
-5.6718
-5.67248
-5.67362
-5.67302
-5.67129
-5.67163
-5.67267
-5.67239
-5.67458
-5.67464
-5.67352
-5.67381
-5.67463
-5.67251
-5.6711
-5.67305
-5.67094
-5.6716
-5.67119
-5.67171
-5.67218
-5.67478
-5.67447
-5.67526
-5.67474
-5.67508
-5.67531
-5.67484
-5.67279
-5.67185
-5.66953
-5.66923
-5.67046
-5.67046
-5.66769
-5.66734
-5.66675
-5.66716
-5.66816
-5.6683
-5.66901
-5.67138
-5.6727
-5.67002
-5.67145
-5.66962
-5.6695
-5.6696
-5.66874
-5.66704
-5.66718
-5.66727
-5.6693
-5.66936
-5.67092
-5.67156
-5.67404
-5.67537
-5.67557
-5.67402
-5.67532
-5.67529
-5.67554
-5.67864
-5.67613
-5.67605
-5.67387
-5.67255
-5.67378
-5.67475
-5.6736
-5.67134
-5.67027
-5.67105
-5.673
-5.67216
-5.67487
-5.67168
-5.67327
-5.67424
-5.67467
-5.67397
-5.67465
-5.67428
-5.67625
-5.67915
-5.67941
-5.67843
-5.67605
-5.67503
-5.67448
-5.67413
-5.67329
-5.67482
-5.67481
-5.6739
-5.67179
-5.67336
-5.67281
-5.67368
-5.67493
-5.67389
-5.6737
-5.673
-5.67273
-5.67325
-5.67139
-5.6692
-5.67287
-5.67399
-5.67218
-5.67454
-5.67619
-5.67394
-5.67398
-5.67285
-5.67347
-5.67291
-5.67532
-5.67376
-5.67237
-5.67304
-5.67227
-5.67181
-5.67049
-5.6691
-5.67062
-5.67176
-5.67146
-5.67183
-5.67408
-5.67431
-5.67446
-5.67584
-5.67746
-5.6809
-5.68088
-5.68024
-5.6793
-5.67843
-5.67679
-5.67459
-5.67299
-5.67147
-5.6713
-5.67073
-5.67154
-5.67201
-5.67471
-5.67317
-5.6742
-5.67321
-5.67366
-5.67384
-5.67279
-5.67314
-5.67178
-5.67271
-5.67142
-5.67091
-5.67061
-5.66898
-5.66736
-5.66832
-5.67076
-5.67164
-5.67536
-5.67635
-5.67715
-5.67939
-5.67917
-5.67811
-5.67688
-5.67645
-5.67617
-5.67704
-5.67495
-5.67424
-5.67309
-5.67191
-5.67269
-5.67407
-5.67368
-5.67469
-5.67541
-5.67545
-5.67765
-5.67805
-5.67819
-5.67548
-5.67643
-5.67368
-5.67123
-5.67144
-5.67374
-5.67583
-5.67344
-5.67558
-5.6732
-5.67181
-5.67272
-5.67366
-5.67428
-5.67518
-5.67639
-5.67467
-5.67398
-5.6724
-5.67189
-5.67082
-5.67336
-5.67555
-5.67798
-5.67641
-5.6766
-5.67278
-5.6731
-5.67412
-5.67171
-5.67048
-5.67007
-5.6704
-5.67071
-5.67256
-5.67079
-5.66997
-5.67077
-5.67318
-5.67168
-5.67236
-5.67262
-5.67247
-5.67391
-5.67379
-5.67643
-5.67828
-5.68026
-5.68131
-5.68258
-5.68074
-5.68061
-5.68026
-5.67748
-5.67717
-5.67549
-5.67415
-5.67485
-5.67575
-5.67692
-5.67878
-5.67644
-5.67632
-5.67599
-5.67529
-5.67468
-5.674
-5.67319
-5.74634
-5.72508
-5.70309
-5.68861
-5.67321
-5.66501
-5.6615
-5.65845
-5.65844
-5.66137
-5.66359
-5.66907
-5.67261
-5.67416
-5.6753
-5.67463
-5.67375
-5.67235
-5.67008
-5.66718
-5.66513
-5.66469
-5.66496
-5.66468
-5.66543
-5.66684
-5.66726
-5.66856
-5.66939
-5.67098
-5.6716
-5.67208
-5.67485
-5.67458
-5.67446
-5.6742
-5.67422
-5.67207
-5.67245
-5.67261
-5.67299
-5.67206
-5.67081
-5.67179
-5.67326
-5.67285
-5.67306
-5.67187
-5.67251
-5.67372
-5.67261
-5.67212
-5.67163
-5.67279
-5.67108
-5.66914
-5.66895
-5.6686
-5.66679
-5.66736
-5.66699
-5.66942
-5.67101
-5.67269
-5.67388
-5.67273
-5.67419
-5.67473
-5.67656
-5.67447
-5.67392
-5.67558
-5.67851
-5.67758
-5.67606
-5.67459
-5.67542
-5.67398
-5.67348
-5.67267
-5.67196
-5.67207
-5.67238
-5.67316
-5.67165
-5.67382
-5.67312
-5.67278
-5.67064
-5.67233
-5.6728
-5.67184
-5.67344
-5.67339
-5.67391
-5.67361
-5.67434
-5.67536
-5.67467
-5.6748
-5.67343
-5.67342
-5.67245
-5.67154
-5.66911
-5.66885
-5.66638
-5.66636
-5.66406
-5.66571
-5.66648
-5.66667
-5.66779
-5.67035
-5.6716
-5.67299
-5.67344
-5.67512
-5.67771
-5.67797
-5.67825
-5.68089
-5.68248
-5.68053
-5.67838
-5.67612
-5.67736
-5.6769
-5.6779
-5.67799
-5.6783
-5.67816
-5.67791
-5.67573
-5.67431
-5.67337
-5.6735
-5.67137
-5.67215
-5.67163
-5.67111
-5.67029
-5.67237
-5.67315
-5.67331
-5.67257
-5.67422
-5.67176
-5.67228
-5.67148
-5.67218
-5.67176
-5.67283
-5.67217
-5.67304
-5.67414
-5.67254
-5.67304
-5.67304
-5.6719
-5.67168
-5.66868
-5.66603
-5.66837
-5.66888
-5.66959
-5.67052
-5.67246
-5.6732
-5.67423
-5.67439
-5.67214
-5.67582
-5.67621
-5.67808
-5.67719
-5.67743
-5.68017
-5.67863
-5.67736
-5.6754
-5.67605
-5.67611
-5.67533
-5.67374
-5.67522
-5.67386
-5.6767
-5.67782
-5.68136
-5.67958
-5.67542
-5.67514
-5.67491
-5.67441
-5.67395
-5.67353
-5.67252
-5.67223
-5.67398
-5.67385
-5.67245
-5.67396
-5.67605
-5.67644
-5.67446
-5.67371
-5.67261
-5.67123
-5.67054
-5.67286
-5.67301
-5.67255
-5.67403
-5.67741
-5.6768
-5.67803
-5.67533
-5.67487
-5.67447
-5.6751
-5.67641
-5.67604
-5.67488
-5.67225
-5.67179
-5.67071
-5.66947
-5.6685
-5.6701
-5.6713
-5.67357
-5.67289
-5.67396
-5.67283
-5.67172
-5.67167
-5.67148
-5.67092
-5.67267
-5.67164
-5.67113
-5.67053
-5.66989
-5.6718
-5.67491
-5.67456
-5.67577
-5.67935
-5.68131
-5.67838
-5.67841
-5.67953
-5.67666
-5.67603
-5.67413
-5.67423
-5.67441
-5.67565
-5.67537
-5.67584
-5.67545
-5.67708
-5.67717
-5.67662
-5.67605
-5.67354
-5.67205
-5.67069
-5.67244
-5.67504
-5.67445
-5.67728
-5.67943
-5.67823
-5.67633
-5.67522
-5.67448
-5.67627
-5.67586
-5.6761
-5.67525
-5.67699
-5.6763
-5.677
-5.67619
-5.67429
-5.67662
-5.67679
-5.67807
-5.67458
-5.67206
-5.67303
-5.67361
-5.67514
-5.6748
-5.67367
-5.67594
-5.67833
-5.67905
-5.67923
-5.68009
-5.67812
-5.67504
-5.67485
-5.67312
-5.67218
-5.67171
-5.67135
-5.674
-5.67412
-5.67139
-5.67068
-5.66939
-5.67011
-5.66993
-5.67137
-5.6718
-5.67214
-5.6743
-5.6783
-5.67893
-5.67877
-5.6781
-5.67757
-5.67722
-5.67555
-5.67434
-5.67565
-5.675
-5.67363
-5.6743
-5.675
-5.67501
-5.67496
-5.67647
-5.67695
-5.67541
-5.67445
-5.67373
-5.67452
-5.67227
-5.67119
-5.67098
-5.66947
-5.66936
-5.67075
-5.6695
-5.66851
-5.66773
-5.66833
-5.6731
-5.67289
-5.67408
-5.67409
-5.67329
-5.67308
-5.67487
-5.67609
-5.67674
-5.67514
-5.67516
-5.67424
-5.67439
-5.67659
-5.67592
-5.67619
-5.67632
-5.67689
-5.67791
-5.6775
-5.67672
-5.67464
-5.67327
-5.67098
-5.67174
-5.67015
-5.66857
-5.66986
-5.66924
-5.66809
-5.66858
-5.66789
-5.67101
-5.6722
-5.67442
-5.67411
-5.67674
-5.67576
-5.67532
-5.67765
-5.67693
-5.67454
-5.67212
-5.67001
-5.66921
-5.66687
-5.66533
-5.66663
-5.66664
-5.66692
-5.66836
-5.66757
-5.66836
-5.66837
-5.66983
-5.67333
-5.67364
-5.67528
-5.6757
-5.6731
-5.67412
-5.6724
-5.67473
-5.67294
-5.67215
-5.6746
-5.67582
-5.67617
-5.67629
-5.67748
-5.67646
-5.67291
-5.67359
-5.67425
-5.67418
-5.67526
-5.67457
-5.67405
-5.6744
-5.67342
-5.67441
-5.67387
-5.67345
-5.67149
-5.67183
-5.67153
-5.67251
-5.67252
-5.6706
-5.6697
-5.66949
-5.67255
-5.67272
-5.67288
-5.67367
-5.67413
-5.67717
-5.67697
-5.67807
-5.67659
-5.67802
-5.67486
-5.6758
-5.67462
-5.67519
-5.67428
-5.6739
-5.67383
-5.6729
-5.67157
-5.67059
-5.67129
-5.67301
-5.67337
-5.6748
-5.67612
-5.67719
-5.67694
-5.67795
-5.67773
-5.67607
-5.677
-5.67537
-5.67569
-5.67565
-5.67618
-5.67533
-5.67706
-5.67396
-5.67481
-5.67349
-5.67163
-5.66954
-5.66819
-5.66888
-5.66869
-5.66889
-5.67078
-5.67017
-5.67035
-5.67102
-5.67248
-5.67263
-5.67447
-5.67553
-5.67384
-5.67209
-5.67308
-5.67055
-5.66986
-5.67076
-5.67041
-5.67234
-5.67163
-5.67179
-5.67464
-5.67842
-5.67615
-5.67612
-5.67629
-5.6754
-5.6742
-5.67287
-5.67198
-5.67181
-5.67155
-5.67404
-5.67444
-5.675
-5.67661
-5.67482
-5.6765
-5.67587
-5.67452
-5.6747
-5.67482
-5.67296
-5.67492
-5.67358
-5.67344
-5.67363
-5.67334
-5.67631
-5.67582
-5.67468
-5.67626
-5.67607
-5.6775
-5.67754
-5.67719
-5.67559
-5.67577
-5.67592
-5.67518
-5.67238
-5.67088
-5.67108
-5.67265
-5.67323
-5.67485
-5.67629
-5.67709
-5.67754
-5.67772
-5.6771
-5.67641
-5.67606
-5.67708
-5.67559
-5.67517
-5.67381
-5.67339
-5.67291
-5.67269
-5.67308
-5.67183
-5.67251
-5.67287
-5.67256
-5.66906
-5.6686
-5.67004
-5.66991
-5.6701
-5.66977
-5.6709
-5.6707
-5.67201
-5.67099
-5.67001
-5.66889
-5.66939
-5.6678
-5.66656
-5.66838
-5.66837
-5.6693
-5.67194
-5.67414
-5.67451
-5.67468
-5.6756
-5.67695
-5.67741
-5.67666
-5.67502
-5.67582
-5.67654
-5.67537
-5.67827
-5.67621
-5.67408
-5.67474
-5.6736
-5.67352
-5.67441
-5.67521
-5.67425
-5.67412
-5.67354
-5.67297
-5.67478
-5.67356
-5.67454
-5.6738
-5.67447
-5.67288
-5.67415
-5.67241
-5.67383
-5.67386
-5.67182
-5.67216
-5.67158
-5.67165
-5.67275
-5.674
-5.67198
-5.67202
-5.67297
-5.67265
-5.674
-5.67245
-5.67021
-5.67301
-5.6723
-5.66961
-5.67131
-5.66927
-5.66865
-5.67015
-5.67117
-5.67272
-5.6735
-5.67382
-5.6753
-5.67474
-5.67674
-5.6762
-5.6748
-5.67746
-5.67737
-5.67805
-5.67813
-5.6775
-5.6767
-5.6744
-5.67484
-5.67165
-5.6724
-5.67204
-5.67136
-5.67206
-5.67284
-5.6739
-5.67404
-5.67436
-5.67537
-5.67608
-5.67556
-5.67552
-5.67638
-5.67758
-5.6769
-5.67594
-5.67754
-5.67546
-5.67674
-5.67589
-5.67428
-5.67463
-5.67412
-5.67414
-5.67471
-5.67157
-5.67213
-5.67149
-5.66994
-5.67167
-5.67211
-5.67022
-5.67041
-5.66934
-5.67022
-5.67411
-5.67466
-5.67363
-5.67344
-5.67222
-5.6736
-5.67365
-5.6739
-5.67262
-5.67325
-5.67213
-5.67342
-5.67482
-5.67634
-5.67511
-5.67441
-5.67135
-5.67085
-5.66971
-5.66993
-5.67098
-5.67233
-5.67243
-5.67347
-5.67329
-5.67398
-5.67513
-5.67413
-5.6745
-5.67302
-5.67267
-5.67451
-5.67373
-5.67398
-5.67496
-5.6754
-5.67757
-5.67596
-5.67541
-5.67526
-5.67519
-5.67777
-5.6771
-5.67798
-5.67711
-5.67507
-5.67384
-5.67315
-5.6718
-5.67248
-5.67362
-5.67302
-5.67129
-5.67163
-5.67267
-5.67239
-5.67458
-5.67464
-5.67352
-5.67381
-5.67463
-5.67251
-5.6711
-5.67305
-5.67094
-5.6716
-5.67119
-5.67171
-5.67218
-5.67478
-5.67447
-5.67526
-5.67474
-5.67508
-5.67531
-5.67484
-5.67279
-5.67185
-5.66953
-5.66923
-5.67046
-5.67046
-5.66769
-5.66734
-5.66675
-5.66716
-5.66816
-5.6683
-5.66901
-5.67138
-5.6727
-5.67002
-5.67145
-5.66962
-5.6695
-5.6696
-5.66874
-5.66704
-5.66718
-5.66727
-5.6693
-5.66936
-5.67092
-5.67156
-5.67404
-5.67537
-5.67557
-5.67402
-5.67532
-5.67529
-5.67554
-5.67864
-5.67613
-5.67605
-5.67387
-5.67255
-5.67378
-5.67475
-5.6736
-5.67134
-5.67027
-5.67105
-5.673
-5.67216
-5.67487
-5.67168
-5.67327
-5.67424
-5.67467
-5.67397
-5.67465
-5.67428
-5.67625
-5.67915
-5.67941
-5.67843
-5.67605
-5.67503
-5.67448
-5.67413
-5.67329
-5.67482
-5.67481
-5.6739
-5.67179
-5.67336
-5.67281
-5.67368
-5.67493
-5.67389
-5.6737
-5.673
-5.67273
-5.67325
-5.67139
-5.6692
-5.67287
-5.67399
-5.67218
-5.67454
-5.67619
-5.67394
-5.67398
-5.67285
-5.67347
-5.67291
-5.67532
-5.67376
-5.67237
-5.67304
-5.67227
-5.67181
-5.67049
-5.6691
-5.67062
-5.67176
-5.67146
-5.67183
-5.67408
-5.67431
-5.67446
-5.67584
-5.67746
-5.6809
-5.68088
-5.68024
-5.6793
-5.67843
-5.67679
-5.67459
-5.67299
-5.67147
-5.6713
-5.67073
-5.67154
-5.67201
-5.67471
-5.67317
-5.6742
-5.67321
-5.67366
-5.67384
-5.67279
-5.67314
-5.67178
-5.67271
-5.67142
-5.67091
-5.67061
-5.66898
-5.66736
-5.66832
-5.67076
-5.67164
-5.67536
-5.67635
-5.67715
-5.67939
-5.67917
-5.67811
-5.67688
-5.67645
-5.67617
-5.67704
-5.67495
-5.67424
-5.67309
-5.67191
-5.67269
-5.67407
-5.67368
-5.67469
-5.67541
-5.67545
-5.67765
-5.67805
-5.67819
-5.67548
-5.67643
-5.67368
-5.67123
-5.67144
-5.67374
-5.67583
-5.67344
-5.67558
-5.6732
-5.67181
-5.67272
-5.67366
-5.67428
-5.67518
-5.67639
-5.67467
-5.67398
-5.6724
-5.67189
-5.67082
-5.67336
-5.67555
-5.67798
-5.67641
-5.6766
-5.67278
-5.6731
-5.67412
-5.67171
-5.67048
-5.67007
-5.6704
-5.67071
-5.67256
-5.67079
-5.66997
-5.67077
-5.67318
-5.67168
-5.67236
-5.67262
-5.67247
-5.67391
-5.67379
-5.67643
-5.67828
-5.68026
-5.68131
-5.68258
-5.68074
-5.68061
-5.68026
-5.67748
-5.67717
-5.67549
-5.67415
-5.67485
-5.67575
-5.67692
-5.67878
-5.67644
-5.67632
-5.67599
-5.67529
-5.67468
-5.674
-5.67319
-4.70124
-4.69714
-4.69315
-4.69242
-4.68749
-4.68787
-4.689
-4.69261
-4.69537
-4.70054
-4.70323
-4.70528
-4.70738
-4.70797
-4.7054
-4.70282
-4.70278
-4.70248
-4.70021
-4.69883
-4.69822
-4.69534
-4.69684
-4.69703
-4.69793
-4.70012
-4.70016
-4.70232
-4.70308
-4.70165
-4.70244
-4.70382
-4.70479
-4.7038
-4.70357
-4.70298
-4.7019
-4.70177
-4.70167
-4.7009
-4.70257
-4.70326
-4.70567
-4.70674
-4.7035
-4.7038
-4.70291
-4.70133
-4.70364
-4.70535
-4.70392
-4.70141
-4.70124
-4.69997
-4.7037
-4.70378
-4.70218
-4.70324
-4.70468
-4.70338
-4.70266
-4.70351
-4.70235
-4.7034
-4.70153
-4.7032
-4.70478
-4.70362
-4.70127
-4.702
-4.70169
-4.70242
-4.69978
-4.70059
-4.70087
-4.69991
-4.70161
-4.70114
-4.7021
-4.70051
-4.69877
-4.70057
-4.69967
-4.6985
-4.6996
-4.69843
-4.69862
-4.69619
-4.69493
-4.69834
-4.69733
-4.69833
-4.69901
-4.7
-4.69963
-4.69978
-4.69934
-4.70056
-4.69863
-4.70046
-4.70066
-4.69866
-4.69934
-4.70052
-4.70069
-4.70278
-4.70209
-4.70245
-4.70258
-4.70241
-4.70153
-4.69937
-4.70052
-4.70101
-4.70072
-4.70256
-4.70342
-4.70343
-4.70471
-4.70442
-4.70306
-4.70273
-4.70399
-4.70262
-4.70457
-4.7043
-4.70517
-4.70483
-4.70208
-4.70269
-4.70177
-4.70073
-4.70329
-4.7057
-4.70584
-4.70685
-4.7061
-4.70518
-4.70639
-4.70455
-4.7042
-4.70399
-4.7013
-4.69907
-4.69905
-4.69784
-4.69584
-4.69527
-4.69566
-4.69363
-4.696
-4.69745
-4.69524
-4.69432
-4.69304
-4.69612
-4.69562
-4.69532
-4.69881
-4.69921
-4.69972
-4.70171
-4.70154
-4.70319
-4.70284
-4.70517
-4.7046
-4.70229
-4.70154
-4.70049
-4.70177
-4.70147
-4.70188
-4.70108
-4.70168
-4.69886
-4.69775
-4.69673
-4.6968
-4.69801
-4.70058
-4.70042
-4.70129
-4.70065
-4.69942
-4.70005
-4.6987
-4.70042
-4.69985
-4.70023
-4.70296
-4.70292
-4.70385
-4.70617
-4.7048
-4.70358
-4.70358
-4.70081
-4.69822
-4.69847
-4.69888
-4.70001
-4.70115
-4.70112
-4.70313
-4.70655
-4.70668
-4.70636
-4.70672
-4.70492
-4.70611
-4.70732
-4.70816
-4.70783
-4.70332
-4.70333
-4.70091
-4.69801
-4.69785
-4.69741
-4.69889
-4.70227
-4.70326
-4.70416
-4.7053
-4.70449
-4.70336
-4.70342
-4.70211
-4.69996
-4.69772
-4.6984
-4.69936
-4.7
-4.70166
-4.70319
-4.70408
-4.70533
-4.70498
-4.70738
-4.70657
-4.70687
-4.70606
-4.7061
-4.70606
-4.70469
-4.70268
-4.7017
-4.70109
-4.7008
-4.69985
-4.69992
-4.69885
-4.70063
-4.70046
-4.7035
-4.7061
-4.70359
-4.70231
-4.70215
-4.7044
-4.70487
-4.70232
-4.70264
-4.70298
-4.70401
-4.7028
-4.70383
-4.70637
-4.70593
-4.70647
-4.70543
-4.70342
-4.70198
-4.70139
-4.70208
-4.70157
-4.70325
-4.70492
-4.70287
-4.70434
-4.70324
-4.69942
-4.69843
-4.69885
-4.69805
-4.69752
-4.69801
-4.69697
-4.69823
-4.70098
-4.70274
-4.70167
-4.7028
-4.70124
-4.69976
-4.70059
-4.70406
-4.70071
-4.70127
-4.70162
-4.70446
-4.70757
-4.70645
-4.70504
-4.70629
-4.70634
-4.7019
-4.69926
-4.69955
-4.69702
-4.69728
-4.69915
-4.70068
-4.70312
-4.70271
-4.70532
-4.7037
-4.70655
-4.70728
-4.70345
-4.70249
-4.70302
-4.70193
-4.70126
-4.70043
-4.6989
-4.69803
-4.69913
-4.69759
-4.69789
-4.69735
-4.69852
-4.6987
-4.70003
-4.70205
-4.70213
-4.70258
-4.70377
-4.70183
-4.70099
-4.69967
-4.69895
-4.6967
-4.69794
-4.69568
-4.69556
-4.69474
-4.6964
-4.69846
-4.70201
-4.70521
-4.70741
-4.71026
-4.71005
-4.70971
-4.70845
-4.70717
-4.70479
-4.70316
-4.7028
-4.69909
-4.69899
-4.69923
-4.69778
-4.69835
-4.70101
-4.70295
-4.69904
-4.6993
-4.69865
-4.69787
-4.6973
-4.69936
-4.69856
-4.69841
-4.69915
-4.70192
-4.70303
-4.7061
-4.70669
-4.70664
-4.70535
-4.70644
-4.70442
-4.70477
-4.70455
-4.70508
-4.70321
-4.70197
-4.69993
-4.69857
-4.69812
-4.69866
-4.69975
-4.70234
-4.70152
-4.70292
-4.70374
-4.70586
-4.7075
-4.70763
-4.7096
-4.70739
-4.7074
-4.70517
-4.7057
-4.70581
-4.70652
-4.70557
-4.70557
-4.70556
-4.70427
-4.70277
-4.70252
-4.70205
-4.70265
-4.7044
-4.70305
-4.70089
-4.69693
-4.69461
-4.69133
-4.69218
-4.69501
-4.69586
-4.69789
-4.69938
-4.70091
-4.70077
-4.70111
-4.70051
-4.69902
-4.70031
-4.7001
-4.7018
-4.70457
-4.70599
-4.70502
-4.70268
-4.70357
-4.70416
-4.70248
-4.70329
-4.7039
-4.70125
-4.69933
-4.69962
-4.69714
-4.69445
-4.69469
-4.69381
-4.69377
-4.69791
-4.69832
-4.70098
-4.70225
-4.70211
-4.70313
-4.70177
-4.69915
-4.69843
-4.69443
-4.69319
-4.69314
-4.69579
-4.69905
-4.69983
-4.70252
-4.70273
-4.70414
-4.70313
-4.704
-4.7014
-4.70294
-4.70099
-4.70146
-4.70052
-4.70175
-4.70202
-4.70274
-4.70409
-4.70455
-4.70423
-4.70337
-4.70103
-4.69696
-4.69597
-4.696
-4.69364
-4.69224
-4.69319
-4.69446
-4.69838
-4.70065
-4.70249
-4.70428
-4.70401
-4.70597
-4.70515
-4.70182
-4.70007
-4.69948
-4.69758
-4.69729
-4.69826
-4.6985
-4.6996
-4.70284
-4.7011
-4.69957
-4.70041
-4.7015
-4.70164
-4.70101
-4.7
-4.69787
-4.69881
-4.69923
-4.70093
-4.70114
-4.70265
-4.70303
-4.70305
-4.70348
-4.70264
-4.70168
-4.70102
-4.7023
-4.70263
-4.70208
-4.70075
-4.69999
-4.69852
-4.69794
-4.69758
-4.69717
-4.69863
-4.69864
-4.70062
-4.7028
-4.7048
-4.70757
-4.70682
-4.70706
-4.70475
-4.70261
-4.70339
-4.70369
-4.70325
-4.70569
-4.70553
-4.70206
-4.70508
-4.70614
-4.70421
-4.70441
-4.70436
-4.70378
-4.70248
-4.70073
-4.69932
-4.69753
-4.69775
-4.69768
-4.69806
-4.69898
-4.70116
-4.70295
-4.70294
-4.70329
-4.70316
-4.69953
-4.69598
-4.69608
-4.69656
-4.69666
-4.6974
-4.6971
-4.69818
-4.69876
-4.69794
-4.69916
-4.69922
-4.70219
-4.70213
-4.70423
-4.70299
-4.70481
-4.70715
-4.70781
-4.70572
-4.70545
-4.7034
-4.70203
-4.70301
-4.70112
-4.69983
-4.6994
-4.69905
-4.69967
-4.6999
-4.70047
-4.70089
-4.70327
-4.70356
-4.70658
-4.70707
-4.70829
-4.70918
-4.70772
-4.70658
-4.70383
-4.70499
-4.70596
-4.70331
-4.70161
-4.69983
-4.69981
-4.70249
-4.70331
-4.70389
-4.70286
-4.70168
-4.70253
-4.70057
-4.69983
-4.69819
-4.70027
-4.7032
-4.70439
-4.70446
-4.70332
-4.70536
-4.70588
-4.70577
-4.70628
-4.70518
-4.70279
-4.70368
-4.70346
-4.70268
-4.70223
-4.70126
-4.7026
-4.70275
-4.70239
-4.70172
-4.70179
-4.70088
-4.70079
-4.70101
-4.70003
-4.70183
-4.70255
-4.70524
-4.70592
-4.70893
-4.70811
-4.70669
-4.7072
-4.70457
-4.70153
-4.70009
-4.69909
-4.69939
-4.70177
-4.70374
-4.7034
-4.70395
-4.70327
-4.70048
-4.69931
-4.69927
-4.70049
-4.70013
-4.70044
-4.70006
-4.70001
-4.69926
-4.69779
-4.69606
-4.6968
-4.69824
-4.69987
-4.70099
-4.70024
-4.69852
-4.69655
-4.69607
-4.69646
-4.69786
-4.69831
-4.70253
-4.7009
-4.70191
-4.70409
-4.70504
-4.70598
-4.70562
-4.70531
-4.7025
-4.70244
-4.70163
-4.70177
-4.70256
-4.70079
-4.70133
-4.70098
-4.70012
-4.70204
-4.69967
-4.69875
-4.70144
-4.70147
-4.70096
-4.7015
-4.69986
-4.70132
-4.70108
-4.7005
-4.70027
-4.69884
-4.69918
-4.69875
-4.69852
-4.69881
-4.69921
-4.69799
-4.69832
-4.69824
-4.6988
-4.69873
-4.69794
-4.69821
-4.69752
-4.69667
-4.69819
-4.69911
-4.70147
-4.70059
-4.70074
-4.70266
-4.70529
-4.70573
-4.70789
-4.70535
-4.70464
-4.70331
-4.70338
-4.70323
-4.70378
-4.70274
-4.7024
-4.70278
-4.70417
-4.70258
-4.7024
-4.70264
-4.70107
-4.70008
-4.6995
-4.6966
-4.69727
-4.69956
-4.69979
-4.70042
-4.70098
-4.70034
-4.70199
-4.70081
-4.70028
-4.69934
-4.69946
-4.70195
-4.70478
-4.70482
-4.70596
-4.70659
-4.70684
-4.70511
-4.70412
-4.70312
-4.70136
-4.69942
-4.69727
-4.69805
-4.69803
-4.69784
-4.70142
-4.70218
-4.70191
-4.70348
-4.7042
-4.7039
-4.70453
-4.70168
-4.69928
-4.69681
-4.69733
-4.69654
-4.69704
-4.69392
-4.69653
-4.69728
-4.69816
-4.69869
-4.70085
-4.69956
-4.70072
-4.70114
-4.70309
-4.70354
-4.69965
-4.70166
-4.70159
-4.70174
-4.70197
-4.70348
-4.70382
-4.70552
-4.70396
-4.70464
-4.70316
-4.702
-4.70223
-4.70118
-4.70157
-4.70265
-4.70342
-4.70445
-4.7042
-4.70497
-4.70213
-4.70079
-4.70058
-4.70008
-4.7007
-4.70282
-4.70437
-4.70707
-4.70711
-4.70758
-4.70713
-4.70484
-4.70304
-4.70078
-4.70057
-4.69908
-4.69797
-4.69833
-4.69556
-4.6973
-4.69753
-4.69783
-4.70002
-4.70156
-4.70058
-4.70054
-4.70184
-4.70021
-4.69708
-4.69791
-4.69834
-4.69898
-4.69924
-4.69919
-4.70022
-4.69982
-4.70033
-4.7007
-4.69874
-4.69738
-4.69813
-4.69611
-4.69352
-4.69511
-4.6971
-4.69992
-4.70276
-4.70443
-4.70557
-4.70647
-4.70805
-4.70855
-4.70806
-4.70593
-4.70463
-4.70081
-4.69865
-4.69837
-4.69674
-4.69548
-4.69695
-4.69777
-4.69852
-4.6986
-4.70165
-4.7022
-4.70244
-4.70248
-4.70103
-4.70057
-4.7006
-4.69891
-4.69718
-4.69669
-4.69513
-4.69601
-4.69902
-4.7013
-4.70155
-4.70318
-4.70234
-4.70528
-4.70448
-4.70433
-4.70279
-4.7029
-4.70465
-4.70477
-4.7036
-4.70452
-4.70408
-4.70261
-4.69928
-4.69873
-4.69733
-4.69875
-4.69736
-4.69844
-4.69767
-4.69949
-4.69871
-4.69728
-4.69983
-4.69804
-4.69975
-4.70133
-4.70246
-4.70438
-4.70367
-4.7024
-4.69829
-4.69817
-4.69943
-4.6983
-4.70027
-4.70061
-4.70227
-4.70425
-4.70436
-4.70271
-4.70218
-4.70014
-4.70161
-4.7024
-4.69955
-4.69812
-4.69611
-4.69674
-4.69843
-4.70021
-4.69979
-4.70426
-4.70417
-4.70429
-4.70578
-4.70384
-4.70154
-4.7042
-4.70561
-4.70755
-4.70696
-4.70545
-4.70433
-4.70105
-4.70122
-4.69919
-4.69839
-4.699
-4.7021
-4.70286
-4.70265
-4.70465
-4.70695
-4.70834
-4.71023
-4.71172
-4.71124
-4.71032
-4.70895
-4.70586
-4.70268
-4.69842
-4.69841
-4.69845
-4.69868
-4.69656
-4.69665
-4.14793
-4.14666
-4.14512
-4.14615
-4.14682
-4.15105
-4.15379
-4.1542
-4.15488
-4.15442
-4.15507
-4.15476
-4.15456
-4.15601
-4.15558
-4.1568
-4.15873
-4.15975
-4.15767
-4.15586
-4.15463
-4.15432
-4.15248
-4.15112
-4.15249
-4.15319
-4.15589
-4.15588
-4.15711
-4.15881
-4.15848
-4.15856
-4.16105
-4.16064
-4.16063
-4.16172
-4.16083
-4.15935
-4.15433
-4.15426
-4.15321
-4.15276
-4.15176
-4.15115
-4.15273
-4.15318
-4.153
-4.15472
-4.15385
-4.15556
-4.15765
-4.15904
-4.16001
-4.16109
-4.16175
-4.16227
-4.16023
-4.15639
-4.15483
-4.15109
-4.1512
-4.1512
-4.15173
-4.15424
-4.15508
-4.15405
-4.1519
-4.15542
-4.15592
-4.15712
-4.15789
-4.15782
-4.15719
-4.15684
-4.15506
-4.15266
-4.15175
-4.14978
-4.1493
-4.14971
-4.15193
-4.15337
-4.15353
-4.15524
-4.15563
-4.15609
-4.15806
-4.15772
-4.15988
-4.1601
-4.15786
-4.15646
-4.15555
-4.15463
-4.15317
-4.15433
-4.15577
-4.1594
-4.16078
-4.16232
-4.16279
-4.1622
-4.16199
-4.16108
-4.1577
-4.15815
-4.15444
-4.15409
-4.15486
-4.15416
-4.15386
-4.15103
-4.15213
-4.154
-4.15426
-4.15405
-4.1554
-4.15681
-4.15745
-4.15779
-4.15606
-4.15528
-4.15316
-4.15239
-4.15124
-4.15365
-4.1542
-4.15613
-4.15789
-4.1595
-4.15855
-4.16073
-4.15943
-4.15828
-4.15766
-4.15851
-4.15673
-4.15494
-4.1566
-4.15845
-4.15692
-4.15565
-4.15492
-4.15529
-4.15605
-4.15593
-4.15704
-4.15787
-4.15663
-4.1554
-4.15458
-4.15389
-4.15541
-4.15604
-4.15838
-4.15994
-4.16105
-4.16244
-4.16175
-4.16184
-4.1599
-4.1588
-4.15594
-4.15509
-4.15458
-4.15477
-4.15468
-4.15447
-4.15435
-4.1544
-4.15482
-4.15549
-4.15517
-4.15389
-4.15249
-4.14994
-4.14746
-4.14884
-4.14809
-4.14852
-4.15003
-4.14949
-4.15249
-4.15333
-4.15424
-4.15561
-4.15655
-4.15735
-4.15698
-4.15572
-4.15295
-4.1547
-4.15383
-4.15295
-4.15293
-4.15336
-4.15547
-4.15769
-4.15956
-4.15999
-4.15986
-4.15888
-4.15983
-4.15818
-4.15737
-4.15933
-4.15762
-4.15731
-4.15696
-4.1556
-4.15557
-4.15498
-4.15272
-4.15221
-4.15174
-4.15057
-4.15021
-4.15057
-4.15423
-4.15592
-4.15603
-4.15767
-4.15809
-4.15544
-4.15353
-4.15085
-4.14974
-4.14728
-4.14941
-4.14799
-4.14857
-4.15009
-4.15148
-4.15235
-4.15399
-4.15461
-4.15544
-4.1564
-4.15725
-4.15677
-4.15706
-4.1593
-4.15916
-4.15865
-4.15693
-4.1573
-4.15677
-4.15719
-4.15633
-4.15406
-4.15227
-4.15319
-4.15049
-4.15033
-4.14964
-4.15117
-4.15321
-4.15279
-4.15375
-4.15275
-4.15195
-4.15414
-4.15667
-4.15882
-4.15998
-4.15956
-4.15994
-4.16026
-4.15739
-4.15727
-4.15418
-4.15493
-4.15674
-4.15876
-4.15793
-4.15488
-4.15481
-4.15466
-4.15438
-4.15387
-4.15418
-4.15416
-4.15223
-4.15516
-4.15528
-4.15448
-4.15325
-4.15027
-4.14911
-4.15107
-4.14975
-4.15234
-4.1563
-4.16253
-4.16684
-4.16758
-4.16522
-4.16379
-4.1595
-4.15623
-4.15345
-4.1536
-4.15533
-4.15548
-4.15306
-4.15302
-4.15319
-4.15167
-4.15196
-4.15233
-4.15215
-4.15428
-4.15368
-4.15425
-4.15583
-4.1568
-4.15744
-4.15722
-4.15631
-4.15267
-4.15284
-4.15331
-4.15677
-4.15824
-4.15905
-4.15653
-4.15624
-4.15475
-4.15328
-4.15372
-4.15284
-4.15227
-4.15303
-4.15264
-4.15192
-4.15441
-4.1557
-4.1572
-4.15801
-4.1588
-4.16097
-4.158
-4.15801
-4.15761
-4.15876
-4.15967
-4.15898
-4.16046
-4.15874
-4.15631
-4.15207
-4.15237
-4.15176
-4.15399
-4.15422
-4.15491
-4.15767
-4.16009
-4.16098
-4.15845
-4.15971
-4.15975
-4.16065
-4.16006
-4.15814
-4.15974
-4.16204
-4.15914
-4.15535
-4.15339
-4.1518
-4.15236
-4.15324
-4.15478
-4.15398
-4.15351
-4.15349
-4.15291
-4.15412
-4.15278
-4.15228
-4.15139
-4.15319
-4.15608
-4.15594
-4.15832
-4.15795
-4.15833
-4.15832
-4.15724
-4.15526
-4.15514
-4.15519
-4.1564
-4.15701
-4.15829
-4.15949
-4.16215
-4.16071
-4.16129
-4.15987
-4.15876
-4.15912
-4.16082
-4.15874
-4.15957
-4.16018
-4.15684
-4.1559
-4.15319
-4.15114
-4.15033
-4.15049
-4.14981
-4.15135
-4.15406
-4.15696
-4.16168
-4.16292
-4.16428
-4.16426
-4.16306
-4.16225
-4.16031
-4.15999
-4.15964
-4.15875
-4.15885
-4.16027
-4.16183
-4.16304
-4.16232
-4.1617
-4.15895
-4.16009
-4.1571
-4.15605
-4.15651
-4.15669
-4.15787
-4.15792
-4.15811
-4.15819
-4.15619
-4.15495
-4.15606
-4.15615
-4.15371
-4.15285
-4.15277
-4.15322
-4.15496
-4.15402
-4.15209
-4.15192
-4.15037
-4.14948
-4.15039
-4.15075
-4.15109
-4.15412
-4.15695
-4.15936
-4.16055
-4.16146
-4.16056
-4.15946
-4.15892
-4.15883
-4.15911
-4.15879
-4.16025
-4.16115
-4.16196
-4.16136
-4.16316
-4.1599
-4.15635
-4.15536
-4.15595
-4.15639
-4.15729
-4.15694
-4.15833
-4.16041
-4.15897
-4.15863
-4.1591
-4.15974
-4.15829
-4.15667
-4.15612
-4.15509
-4.1534
-4.15411
-4.15365
-4.15302
-4.15205
-4.15059
-4.1515
-4.15182
-4.15255
-4.15537
-4.1557
-4.15704
-4.15709
-4.15703
-4.16071
-4.16024
-4.15883
-4.15631
-4.15546
-4.15539
-4.15668
-4.15406
-4.15508
-4.15314
-4.15341
-4.15208
-4.15197
-4.15128
-4.15062
-4.15065
-4.14936
-4.15191
-4.15086
-4.15316
-4.15557
-4.15618
-4.15528
-4.1522
-4.15129
-4.15084
-4.15315
-4.15212
-4.15185
-4.1509
-4.14802
-4.14718
-4.14805
-4.14931
-4.15018
-4.15207
-4.15101
-4.15288
-4.1529
-4.15467
-4.15687
-4.15953
-4.16154
-4.16222
-4.16289
-4.16386
-4.1616
-4.15953
-4.15842
-4.15779
-4.15561
-4.15369
-4.15271
-4.15277
-4.15151
-4.15039
-4.15001
-4.14836
-4.1483
-4.14883
-4.14847
-4.14714
-4.14842
-4.15086
-4.15051
-4.1501
-4.15318
-4.15567
-4.15792
-4.15759
-4.16006
-4.15821
-4.15895
-4.16008
-4.16068
-4.16259
-4.1618
-4.1616
-4.16271
-4.16243
-4.16083
-4.16043
-4.15785
-4.15838
-4.1595
-4.15892
-4.15937
-4.16071
-4.15951
-4.15941
-4.15794
-4.15652
-4.15454
-4.15631
-4.15483
-4.15182
-4.14989
-4.1491
-4.14871
-4.15139
-4.15265
-4.15432
-4.15565
-4.15697
-4.15776
-4.1565
-4.15596
-4.15659
-4.15891
-4.15863
-4.15817
-4.15678
-4.15558
-4.15505
-4.15132
-4.14972
-4.14794
-4.14635
-4.14631
-4.14898
-4.1507
-4.15325
-4.15793
-4.16068
-4.16292
-4.1618
-4.16213
-4.15991
-4.1581
-4.15504
-4.15507
-4.15339
-4.15226
-4.15214
-4.15219
-4.15331
-4.15285
-4.15513
-4.15599
-4.15499
-4.1585
-4.15728
-4.15493
-4.15721
-4.15429
-4.1526
-4.15249
-4.15468
-4.15706
-4.15615
-4.15488
-4.15548
-4.15566
-4.15794
-4.1589
-4.15794
-4.15837
-4.15827
-4.15731
-4.15968
-4.15909
-4.15985
-4.16004
-4.16062
-4.16175
-4.16316
-4.16225
-4.16334
-4.16276
-4.16354
-4.16242
-4.16017
-4.16102
-4.15996
-4.16433
-4.16612
-4.16404
-4.16295
-4.16366
-4.16188
-4.16052
-4.16055
-4.16003
-4.15944
-4.15676
-4.15403
-4.15367
-4.1556
-4.15605
-4.1587
-4.15768
-4.15985
-4.16112
-4.16152
-4.15935
-4.1593
-4.15808
-4.15857
-4.16016
-4.15869
-4.15912
-4.15897
-4.15803
-4.15692
-4.15847
-4.15851
-4.15845
-4.15734
-4.16179
-4.16007
-4.15903
-4.15896
-4.15911
-4.15636
-4.15509
-4.1547
-4.1554
-4.15779
-4.15957
-4.15899
-4.15848
-4.15663
-4.15541
-4.15537
-4.15256
-4.15362
-4.15529
-4.15706
-4.16078
-4.16237
-4.16146
-4.16167
-4.1608
-4.1598
-4.15846
-4.15781
-4.15691
-4.15789
-4.15902
-4.15891
-4.15925
-4.15935
-4.15867
-4.15597
-4.15904
-4.15859
-4.15989
-4.16193
-4.16066
-4.15906
-4.15732
-4.15658
-4.15661
-4.15647
-4.15813
-4.15744
-4.15902
-4.15963
-4.15935
-4.16294
-4.16222
-4.16075
-4.16036
-4.15877
-4.1582
-4.15787
-4.15707
-4.15732
-4.15921
-4.15617
-4.15657
-4.15739
-4.15674
-4.15697
-4.15436
-4.15342
-4.15267
-4.15113
-4.15127
-4.15229
-4.15345
-4.1532
-4.15593
-4.15598
-4.15744
-4.15551
-4.1572
-4.1578
-4.15816
-4.15854
-4.15863
-4.15685
-4.15953
-4.15883
-4.15755
-4.15796
-4.15829
-4.15776
-4.15728
-4.15679
-4.15636
-4.15633
-4.15341
-4.15032
-4.15196
-4.15125
-4.15329
-4.155
-4.158
-4.15746
-4.15653
-4.15684
-4.15964
-4.1591
-4.16038
-4.161
-4.16214
-4.16125
-4.16141
-4.15687
-4.15602
-4.15595
-4.15464
-4.1567
-4.1564
-4.15833
-4.15944
-4.16125
-4.16035
-4.16028
-4.15976
-4.15787
-4.15994
-4.16006
-4.159
-4.15505
-4.15294
-4.15176
-4.15069
-4.15189
-4.15491
-4.15566
-4.15813
-4.1584
-4.16058
-4.16246
-4.16025
-4.15541
-4.15201
-4.15252
-4.15148
-4.14847
-4.14958
-4.15015
-4.14865
-4.14903
-4.15289
-4.15622
-4.15676
-4.15931
-4.15864
-4.15849
-4.15776
-4.15628
-4.15324
-4.15522
-4.15615
-4.15621
-4.15352
-4.14869
-4.15105
-4.15215
-4.1532
-4.15586
-4.15759
-4.15704
-4.15689
-4.15494
-4.15443
-4.154
-4.15468
-4.15218
-4.15208
-4.14959
-4.1505
-4.15278
-4.15122
-4.15489
-4.15545
-4.15591
-4.15505
-4.15492
-4.15552
-4.15613
-4.15394
-4.15478
-4.15393
-4.15636
-4.15702
-4.1568
-4.15473
-4.15672
-4.15745
-4.15514
-4.15527
-4.15482
-4.15499
-4.15475
-4.1564
-4.15514
-4.15351
-4.154
-4.15451
-4.15467
-4.15395
-4.15267
-4.15407
-4.15576
-4.15677
-4.15985
-4.15997
-4.16238
-4.1635
-4.16371
-4.16226
-4.16022
-4.15844
-4.15631
-4.15711
-4.15806
-4.15741
-4.15821
-4.15939
-4.15864
-4.15693
-4.15742
-4.15946
-4.16281
-4.15846
-4.15777
-4.15668
-4.15723
-4.15862
-4.15798
-4.15618
-4.15544
-4.1554
-4.15369
-4.15301
-4.15164
-4.1528
-4.15192
-4.15382
-4.15499
-4.15482
-4.15235
-4.15161
-4.15266
-4.15179
-4.15601
-4.15754
-4.15629
-4.15742
-4.16038
-4.15905
-4.15716
-4.15732
-4.15481
-4.15503
-4.15697
-4.15712
-4.15761
-4.15545
-4.15431
-4.1524
-4.14945
-4.14837
-4.14734
-4.15015
-4.15242
-4.15516
-4.15882
-4.15956
-4.16103
-4.16136
-4.16097
-4.15851
-4.15834
-4.15775
-4.15766
-4.15772
-4.15572
-4.15524
-3.92778
-3.92771
-3.92772
-3.92744
-3.92635
-3.92548
-3.92683
-3.92493
-3.92569
-3.92425
-3.92513
-3.92523
-3.92269
-3.92217
-3.92226
-3.92034
-3.92014
-3.92012
-3.92094
-3.92037
-3.92169
-3.92503
-3.9288
-3.92969
-3.92994
-3.93052
-3.92784
-3.92594
-3.92555
-3.92722
-3.92591
-3.92451
-3.9279
-3.92842
-3.92633
-3.92586
-3.92421
-3.92298
-3.92064
-3.92391
-3.92549
-3.92551
-3.92506
-3.92667
-3.93064
-3.93014
-3.92931
-3.92714
-3.92858
-3.92974
-3.92973
-3.92974
-3.9322
-3.93374
-3.93615
-3.93489
-3.9348
-3.93258
-3.93024
-3.92787
-3.92805
-3.92729
-3.92709
-3.92744
-3.92764
-3.92543
-3.92605
-3.92468
-3.92587
-3.92527
-3.92831
-3.93257
-3.93255
-3.93395
-3.93267
-3.93335
-3.9321
-3.9294
-3.92995
-3.92946
-3.93114
-3.93095
-3.92975
-3.93066
-3.93155
-3.93189
-3.93187
-3.93313
-3.93235
-3.93209
-3.93149
-3.93096
-3.9262
-3.92541
-3.92492
-3.92556
-3.92674
-3.92685
-3.92544
-3.92082
-3.92071
-3.92096
-3.92069
-3.92255
-3.92374
-3.9249
-3.92618
-3.92693
-3.92561
-3.92779
-3.92667
-3.92867
-3.9302
-3.9307
-3.92905
-3.93053
-3.92887
-3.92984
-3.93069
-3.93481
-3.9369
-3.93931
-3.93765
-3.93648
-3.93564
-3.9331
-3.93295
-3.93066
-3.92565
-3.92602
-3.92461
-3.9226
-3.92085
-3.92134
-3.9234
-3.92754
-3.92765
-3.92903
-3.93195
-3.93222
-3.93226
-3.93219
-3.93012
-3.92879
-3.92796
-3.92428
-3.92234
-3.92207
-3.92398
-3.92274
-3.92193
-3.92022
-3.91989
-3.92307
-3.92605
-3.92615
-3.92408
-3.92291
-3.92153
-3.9235
-3.92536
-3.92743
-3.92942
-3.93035
-3.93252
-3.93023
-3.93177
-3.9296
-3.92879
-3.92919
-3.92941
-3.92852
-3.92666
-3.92655
-3.92479
-3.92482
-3.92705
-3.92691
-3.92903
-3.9321
-3.93224
-3.93188
-3.93403
-3.93185
-3.93107
-3.9338
-3.93122
-3.93046
-3.92993
-3.92809
-3.92868
-3.92802
-3.92623
-3.9258
-3.92691
-3.92613
-3.92269
-3.92148
-3.92114
-3.92132
-3.92251
-3.91986
-3.9217
-3.92447
-3.92439
-3.92505
-3.92775
-3.928
-3.92802
-3.92699
-3.92583
-3.92416
-3.92449
-3.92503
-3.92389
-3.92375
-3.92255
-3.92294
-3.92482
-3.92491
-3.92574
-3.92408
-3.92576
-3.9255
-3.9241
-3.92404
-3.9252
-3.92311
-3.9258
-3.92367
-3.92411
-3.92371
-3.92426
-3.92442
-3.92416
-3.92707
-3.92991
-3.92998
-3.93041
-3.92953
-3.92592
-3.92366
-3.92149
-3.92423
-3.92625
-3.92805
-3.93105
-3.93111
-3.92855
-3.92861
-3.92775
-3.92745
-3.92859
-3.92773
-3.9272
-3.92658
-3.926
-3.92572
-3.92511
-3.92508
-3.92711
-3.92934
-3.93071
-3.93106
-3.93022
-3.92962
-3.92911
-3.92692
-3.92727
-3.92946
-3.92725
-3.92685
-3.92848
-3.92826
-3.92646
-3.92828
-3.93078
-3.93149
-3.93119
-3.92703
-3.92516
-3.92458
-3.92181
-3.92032
-3.91901
-3.92011
-3.92293
-3.92612
-3.92821
-3.93065
-3.93012
-3.92898
-3.92921
-3.92823
-3.92426
-3.9226
-3.92666
-3.9278
-3.92848
-3.92851
-3.92818
-3.92828
-3.92841
-3.92839
-3.92779
-3.92784
-3.92817
-3.92724
-3.92897
-3.92688
-3.92881
-3.93115
-3.93093
-3.92915
-3.92944
-3.92755
-3.9275
-3.92523
-3.92408
-3.92427
-3.92545
-3.92891
-3.93092
-3.931
-3.9312
-3.93149
-3.93128
-3.93239
-3.92919
-3.9298
-3.93111
-3.93008
-3.92819
-3.92636
-3.92619
-3.92629
-3.92738
-3.93082
-3.92963
-3.92681
-3.92691
-3.92639
-3.92681
-3.92572
-3.92532
-3.92569
-3.92501
-3.92724
-3.92686
-3.92573
-3.92829
-3.92818
-3.92891
-3.9284
-3.92875
-3.92767
-3.92586
-3.92491
-3.92473
-3.92612
-3.92518
-3.92574
-3.9258
-3.92628
-3.92862
-3.9292
-3.93113
-3.93324
-3.93143
-3.93026
-3.92597
-3.92572
-3.92564
-3.92537
-3.92836
-3.92798
-3.92561
-3.92369
-3.92198
-3.92154
-3.9203
-3.92169
-3.92061
-3.91969
-3.92414
-3.9277
-3.92778
-3.93025
-3.92955
-3.93203
-3.93486
-3.9346
-3.93534
-3.93262
-3.93115
-3.93149
-3.93067
-3.93109
-3.92833
-3.92859
-3.9283
-3.92949
-3.92914
-3.92909
-3.92795
-3.92803
-3.9285
-3.92826
-3.92558
-3.92909
-3.92684
-3.92846
-3.92751
-3.92473
-3.92284
-3.92131
-3.9199
-3.92093
-3.92448
-3.92782
-3.92816
-3.9299
-3.93303
-3.92942
-3.92696
-3.92838
-3.93012
-3.93271
-3.93374
-3.93324
-3.9287
-3.92976
-3.92981
-3.92814
-3.92648
-3.92413
-3.92349
-3.92185
-3.92145
-3.92277
-3.9271
-3.92751
-3.92825
-3.93008
-3.92919
-3.92807
-3.92428
-3.92228
-3.9228
-3.92378
-3.92673
-3.92894
-3.9308
-3.93228
-3.92973
-3.92924
-3.93083
-3.93058
-3.93031
-3.93058
-3.92759
-3.92527
-3.92188
-3.92338
-3.9236
-3.927
-3.92753
-3.92871
-3.93205
-3.93437
-3.93537
-3.93402
-3.93127
-3.93239
-3.93151
-3.93055
-3.9303
-3.93022
-3.93154
-3.93014
-3.92753
-3.92554
-3.92433
-3.92584
-3.92863
-3.92998
-3.92868
-3.92793
-3.93052
-3.92951
-3.92912
-3.93108
-3.93128
-3.92749
-3.92645
-3.92601
-3.92488
-3.92375
-3.9243
-3.9235
-3.92491
-3.92556
-3.92497
-3.92591
-3.92532
-3.92399
-3.92338
-3.92451
-3.92442
-3.92498
-3.92894
-3.929
-3.92843
-3.92866
-3.93139
-3.93194
-3.93238
-3.9307
-3.92865
-3.92711
-3.92429
-3.92315
-3.92182
-3.92235
-3.92602
-3.92892
-3.92933
-3.93263
-3.93344
-3.93356
-3.93275
-3.9297
-3.92633
-3.92251
-3.91883
-3.91951
-3.91685
-3.91731
-3.91817
-3.91975
-3.92214
-3.92782
-3.9305
-3.93043
-3.92941
-3.92715
-3.92668
-3.92655
-3.92397
-3.92327
-3.92324
-3.92298
-3.92686
-3.92637
-3.92813
-3.93246
-3.93481
-3.93332
-3.93326
-3.93331
-3.93091
-3.92839
-3.92663
-3.92493
-3.92255
-3.92412
-3.92474
-3.92432
-3.92415
-3.92055
-3.92088
-3.92171
-3.92365
-3.92246
-3.92447
-3.92501
-3.92563
-3.92391
-3.92418
-3.92374
-3.92587
-3.93006
-3.93165
-3.93142
-3.92882
-3.92506
-3.92646
-3.92428
-3.92281
-3.92372
-3.92335
-3.92359
-3.92119
-3.92202
-3.92469
-3.92582
-3.92797
-3.92836
-3.93021
-3.92942
-3.92789
-3.92777
-3.92911
-3.92822
-3.92925
-3.92827
-3.92687
-3.92533
-3.92382
-3.9249
-3.92523
-3.92495
-3.92482
-3.92695
-3.92585
-3.92528
-3.92614
-3.926
-3.92742
-3.92668
-3.92734
-3.92564
-3.92555
-3.92519
-3.92566
-3.92765
-3.93277
-3.93463
-3.93373
-3.93501
-3.93363
-3.9305
-3.92709
-3.92597
-3.92798
-3.92946
-3.93093
-3.93218
-3.93435
-3.93239
-3.9311
-3.92692
-3.92436
-3.92189
-3.92376
-3.923
-3.92151
-3.92414
-3.92429
-3.92372
-3.92356
-3.92498
-3.92448
-3.923
-3.92361
-3.92273
-3.92401
-3.92484
-3.92392
-3.92431
-3.92614
-3.92735
-3.92815
-3.92936
-3.92952
-3.928
-3.92705
-3.92782
-3.92933
-3.93007
-3.92967
-3.93192
-3.93204
-3.93042
-3.92804
-3.9253
-3.92481
-3.92456
-3.92572
-3.92711
-3.92666
-3.92883
-3.93117
-3.93193
-3.93346
-3.93217
-3.92977
-3.92788
-3.92734
-3.9249
-3.92398
-3.92563
-3.92872
-3.93142
-3.93227
-3.9329
-3.92996
-3.92845
-3.92662
-3.92434
-3.92453
-3.92493
-3.92683
-3.92605
-3.92663
-3.92742
-3.9267
-3.92681
-3.92675
-3.92601
-3.92679
-3.92536
-3.92873
-3.9285
-3.92737
-3.92748
-3.92821
-3.92948
-3.93232
-3.93406
-3.93596
-3.93617
-3.93457
-3.93345
-3.92792
-3.92559
-3.92656
-3.92528
-3.92585
-3.92426
-3.92117
-3.91877
-3.91818
-3.91453
-3.91699
-3.92137
-3.92614
-3.9285
-3.93234
-3.93315
-3.93411
-3.93167
-3.93102
-3.93177
-3.93015
-3.92857
-3.92672
-3.92544
-3.9252
-3.92229
-3.922
-3.92287
-3.91957
-3.92048
-3.91973
-3.92066
-3.92084
-3.92396
-3.92768
-3.92718
-3.92803
-3.92593
-3.9226
-3.92369
-3.92305
-3.92381
-3.92411
-3.92387
-3.92067
-3.9224
-3.92334
-3.92272
-3.92513
-3.92399
-3.92496
-3.9286
-3.92852
-3.93073
-3.93012
-3.92901
-3.92779
-3.92826
-3.92928
-3.9301
-3.9323
-3.93286
-3.93341
-3.93274
-3.93184
-3.93163
-3.93165
-3.93212
-3.9297
-3.92773
-3.92358
-3.92093
-3.91877
-3.92153
-3.92345
-3.92427
-3.92666
-3.92881
-3.92961
-3.92968
-3.93009
-3.92878
-3.9287
-3.92824
-3.92696
-3.92552
-3.92314
-3.92286
-3.92383
-3.92673
-3.92623
-3.92635
-3.92747
-3.92608
-3.92809
-3.92847
-3.92776
-3.92658
-3.92486
-3.92376
-3.92294
-3.92333
-3.92508
-3.925
-3.9267
-3.92757
-3.92784
-3.93068
-3.93111
-3.92874
-3.9283
-3.92504
-3.92201
-3.92183
-3.92258
-3.9193
-3.92132
-3.92294
-3.92344
-3.92177
-3.92224
-3.9227
-3.92409
-3.92436
-3.92369
-3.92422
-3.92465
-3.92672
-3.92792
-3.93144
-3.93145
-3.93412
-3.9333
-3.92963
-3.92601
-3.92577
-3.9265
-3.92526
-3.92404
-3.92446
-3.92132
-3.91784
-3.91848
-3.9228
-3.92474
-3.93008
-3.93116
-3.93244
-3.93169
-3.93363
-3.9315
-3.93069
-3.92888
-3.92882
-3.93047
-3.92916
-3.93097
-3.93045
-3.9269
-3.92659
-3.92458
-3.92649
-3.92681
-3.92785
-3.92792
-3.92768
-3.92828
-3.92561
-3.92324
-3.9208
-3.92162
-3.92305
-3.92433
-3.92657
-3.92622
-3.92387
-3.92272
-3.92158
-3.92221
-3.92419
-3.92747
-3.92504
-3.92651
-3.92721
-3.92683
-3.92645
-3.9265
-3.92574
-3.92458
-3.92438
-3.92308
-3.92425
-3.92456
-3.92596
-3.92951
-3.93088
-3.93337
-3.93318
-3.93232
-3.92959
-3.9265
-3.92583
-3.92057
-3.92001
-3.92123
-3.91978
-3.9219
-3.92206
-3.92241
-3.92567
-3.9319
-3.9347
-3.9364
-3.93801
-3.93921
-3.93721
-3.93382
-3.92934
-3.92612
-3.92388
-3.92254
-3.92186
-3.91999
-3.9213
-3.92303
-3.92364
-3.92837
-3.93016
-3.93031
-3.9277
-3.92454
-3.92387
-3.92524
-3.92306
-3.92471
-3.92642
-3.92629
-3.92763
-3.92757
-3.92888
-3.92748
-3.92413
-3.92292
-3.92424
-3.92286
-3.92134
-3.92261
-3.9238
-3.9263
-3.9262
-3.92854
-3.92883
-3.92837
-3.92733
-3.92642
-3.92662
-3.92629
-3.92836
-3.9272
-3.92539
-3.92566
-3.92676
-3.92722
-3.92691
-3.92648
-3.9247
-3.92553
-3.92608
-3.92494
-3.92467
-3.92567
-3.9247
-3.92669
-3.92604
-3.92756
-3.92726
-3.838
-3.8375
-3.83521
-3.83531
-3.83558
-3.83395
-3.83406
-3.83532
-3.83837
-3.83772
-3.83993
-3.83833
-3.83845
-3.83411
-3.83273
-3.83077
-3.83304
-3.83598
-3.83547
-3.8366
-3.83638
-3.83696
-3.8389
-3.84225
-3.84169
-3.83962
-3.83929
-3.83796
-3.83551
-3.83644
-3.83587
-3.83618
-3.83653
-3.8382
-3.83835
-3.83925
-3.83938
-3.84191
-3.84041
-3.8398
-3.8375
-3.83159
-3.83054
-3.82808
-3.82554
-3.82624
-3.82541
-3.82632
-3.83069
-3.83359
-3.83834
-3.84163
-3.84434
-3.84434
-3.84284
-3.84102
-3.83816
-3.83738
-3.83522
-3.83356
-3.83414
-3.83127
-3.832
-3.83338
-3.83465
-3.83516
-3.83388
-3.83365
-3.83423
-3.83551
-3.83537
-3.83664
-3.83739
-3.83615
-3.83589
-3.83658
-3.83674
-3.83708
-3.83876
-3.83849
-3.8388
-3.83778
-3.83798
-3.83882
-3.84119
-3.84414
-3.84458
-3.84282
-3.8417
-3.84078
-3.84202
-3.83692
-3.83309
-3.83142
-3.83149
-3.83474
-3.83771
-3.84116
-3.84312
-3.84208
-3.84176
-3.8409
-3.83858
-3.83686
-3.83435
-3.83542
-3.83522
-3.83467
-3.83569
-3.83485
-3.83577
-3.83916
-3.83779
-3.83747
-3.83808
-3.8385
-3.83506
-3.83351
-3.83257
-3.83332
-3.83523
-3.83747
-3.84007
-3.84156
-3.84015
-3.83721
-3.83423
-3.83151
-3.83153
-3.83356
-3.83733
-3.83983
-3.83983
-3.83894
-3.83968
-3.83555
-3.8359
-3.83419
-3.83157
-3.83183
-3.83204
-3.83349
-3.83491
-3.83594
-3.83306
-3.83381
-3.83251
-3.83166
-3.83008
-3.83074
-3.82839
-3.82952
-3.83124
-3.83303
-3.83522
-3.83507
-3.83633
-3.83641
-3.83432
-3.83421
-3.83389
-3.83343
-3.83536
-3.83628
-3.83766
-3.83902
-3.84281
-3.84644
-3.84782
-3.84878
-3.84811
-3.84541
-3.84154
-3.84064
-3.83807
-3.83441
-3.83544
-3.83384
-3.83308
-3.83184
-3.83228
-3.83602
-3.83829
-3.83946
-3.84053
-3.84005
-3.84109
-3.84339
-3.84309
-3.84467
-3.84168
-3.84071
-3.8398
-3.83703
-3.83584
-3.83566
-3.8347
-3.83517
-3.83513
-3.83848
-3.83949
-3.83708
-3.83543
-3.83548
-3.83423
-3.83308
-3.83071
-3.8327
-3.82915
-3.8307
-3.83023
-3.83065
-3.83375
-3.83419
-3.83519
-3.83614
-3.83641
-3.83561
-3.83342
-3.83612
-3.8374
-3.83847
-3.8392
-3.84009
-3.84095
-3.8396
-3.84059
-3.84079
-3.83913
-3.83932
-3.83744
-3.83781
-3.83722
-3.8352
-3.83315
-3.83003
-3.82615
-3.82732
-3.82661
-3.82802
-3.83054
-3.83305
-3.8363
-3.83769
-3.84048
-3.84246
-3.84242
-3.83862
-3.83729
-3.83378
-3.83212
-3.8308
-3.83143
-3.83214
-3.83332
-3.83284
-3.83482
-3.83385
-3.83667
-3.83658
-3.83764
-3.83775
-3.83695
-3.83968
-3.83794
-3.83572
-3.83653
-3.83601
-3.83784
-3.83745
-3.83461
-3.83706
-3.84136
-3.84376
-3.84453
-3.84351
-3.84204
-3.84255
-3.83893
-3.83584
-3.8351
-3.83436
-3.83613
-3.83875
-3.84168
-3.84318
-3.84444
-3.84396
-3.8409
-3.84006
-3.84101
-3.8428
-3.84242
-3.84011
-3.83762
-3.83667
-3.83459
-3.83545
-3.83578
-3.83747
-3.84201
-3.84665
-3.84598
-3.84538
-3.84373
-3.84431
-3.84168
-3.83814
-3.83467
-3.8358
-3.83484
-3.8344
-3.8329
-3.83407
-3.83465
-3.83398
-3.83532
-3.83495
-3.83588
-3.83656
-3.83924
-3.83918
-3.83792
-3.83659
-3.83493
-3.83156
-3.83339
-3.83288
-3.83304
-3.83193
-3.83621
-3.83776
-3.83723
-3.83827
-3.83674
-3.83245
-3.83225
-3.83028
-3.83112
-3.83253
-3.83565
-3.83852
-3.83936
-3.84125
-3.84273
-3.844
-3.84588
-3.84298
-3.84035
-3.83728
-3.83596
-3.83421
-3.83375
-3.83536
-3.83762
-3.8406
-3.8402
-3.84028
-3.83945
-3.83643
-3.83517
-3.83268
-3.8321
-3.8295
-3.83099
-3.83347
-3.83403
-3.8353
-3.83758
-3.84108
-3.84472
-3.84529
-3.84323
-3.84349
-3.84317
-3.84135
-3.84067
-3.83872
-3.83703
-3.83713
-3.83666
-3.83609
-3.8354
-3.8371
-3.8368
-3.83738
-3.83946
-3.8406
-3.84138
-3.84197
-3.84152
-3.84061
-3.8399
-3.83813
-3.83721
-3.83488
-3.83633
-3.83697
-3.83625
-3.83492
-3.83449
-3.83445
-3.83455
-3.83349
-3.83529
-3.83804
-3.83868
-3.84072
-3.84251
-3.84332
-3.84344
-3.84462
-3.84597
-3.84506
-3.84311
-3.84235
-3.839
-3.837
-3.83299
-3.8335
-3.83156
-3.8299
-3.82869
-3.83037
-3.83086
-3.83014
-3.8312
-3.8325
-3.83489
-3.83586
-3.83707
-3.83955
-3.84018
-3.83961
-3.83968
-3.83807
-3.83936
-3.83724
-3.83696
-3.83766
-3.83568
-3.83502
-3.83657
-3.83494
-3.8345
-3.83485
-3.83558
-3.83822
-3.83962
-3.83975
-3.84123
-3.83995
-3.83851
-3.83825
-3.8362
-3.83421
-3.83331
-3.83254
-3.83039
-3.83048
-3.83193
-3.83323
-3.83436
-3.8367
-3.83707
-3.83805
-3.83928
-3.84048
-3.84195
-3.84219
-3.84089
-3.84113
-3.8372
-3.83358
-3.83275
-3.82903
-3.82833
-3.82532
-3.82371
-3.8253
-3.82777
-3.83116
-3.83048
-3.83283
-3.83679
-3.83963
-3.83881
-3.8379
-3.83725
-3.8393
-3.83838
-3.83657
-3.83436
-3.83433
-3.83497
-3.83794
-3.83813
-3.83908
-3.83929
-3.84288
-3.84078
-3.83964
-3.83833
-3.83869
-3.83663
-3.83563
-3.83561
-3.83956
-3.83665
-3.83905
-3.83905
-3.83958
-3.83873
-3.83891
-3.83663
-3.83315
-3.83117
-3.83293
-3.83515
-3.83877
-3.83977
-3.8425
-3.84417
-3.84339
-3.84181
-3.83912
-3.83525
-3.83349
-3.83379
-3.83217
-3.83155
-3.83488
-3.83522
-3.83591
-3.83774
-3.83855
-3.83797
-3.83786
-3.83764
-3.83712
-3.83924
-3.8398
-3.83983
-3.84073
-3.84204
-3.84229
-3.84174
-3.84115
-3.84224
-3.84027
-3.84009
-3.84122
-3.83785
-3.83561
-3.83513
-3.83663
-3.83854
-3.84023
-3.84356
-3.84424
-3.84262
-3.84108
-3.83852
-3.83703
-3.83585
-3.83688
-3.83915
-3.83931
-3.83766
-3.83685
-3.83645
-3.83619
-3.83826
-3.83932
-3.83932
-3.84079
-3.84035
-3.83946
-3.83851
-3.83873
-3.83676
-3.83578
-3.83363
-3.83181
-3.82973
-3.8321
-3.83243
-3.83354
-3.83392
-3.83536
-3.83499
-3.83708
-3.83785
-3.83958
-3.84036
-3.83855
-3.8366
-3.83859
-3.83915
-3.83765
-3.83651
-3.83577
-3.83901
-3.83702
-3.8361
-3.83502
-3.83226
-3.83364
-3.83291
-3.83301
-3.83119
-3.83163
-3.83609
-3.83874
-3.84109
-3.84271
-3.84513
-3.84331
-3.84161
-3.83739
-3.83548
-3.83379
-3.83275
-3.83477
-3.83666
-3.83637
-3.83869
-3.84128
-3.84547
-3.84446
-3.84281
-3.83734
-3.83505
-3.83299
-3.83046
-3.83024
-3.83092
-3.83375
-3.83716
-3.83787
-3.84034
-3.84241
-3.84122
-3.84189
-3.84034
-3.83812
-3.83497
-3.83313
-3.83477
-3.8345
-3.83476
-3.83196
-3.8324
-3.83279
-3.83282
-3.83485
-3.83805
-3.83991
-3.84176
-3.8415
-3.84287
-3.8408
-3.84043
-3.83543
-3.83334
-3.82818
-3.82758
-3.82758
-3.83151
-3.83726
-3.8393
-3.84141
-3.84348
-3.84172
-3.84056
-3.84265
-3.8433
-3.84186
-3.84063
-3.83898
-3.83821
-3.84055
-3.83951
-3.83899
-3.83893
-3.83916
-3.84005
-3.84078
-3.8385
-3.83876
-3.8368
-3.83683
-3.83849
-3.83783
-3.83857
-3.84015
-3.84066
-3.84145
-3.84035
-3.84001
-3.83853
-3.83656
-3.83377
-3.83385
-3.83229
-3.83246
-3.83385
-3.83481
-3.83509
-3.83569
-3.836
-3.83674
-3.83367
-3.83129
-3.82951
-3.8287
-3.82694
-3.82732
-3.83299
-3.83611
-3.84041
-3.84142
-3.84387
-3.84363
-3.84236
-3.83858
-3.83638
-3.83538
-3.83638
-3.8356
-3.83725
-3.83762
-3.83646
-3.83811
-3.83665
-3.83792
-3.83787
-3.83766
-3.83647
-3.83447
-3.83755
-3.83726
-3.8381
-3.83593
-3.83503
-3.83501
-3.83383
-3.83438
-3.83513
-3.83513
-3.83421
-3.83513
-3.836
-3.83744
-3.83807
-3.8374
-3.83706
-3.83474
-3.83445
-3.83852
-3.84196
-3.84642
-3.84672
-3.84542
-3.84418
-3.84238
-3.84153
-3.84038
-3.83916
-3.83966
-3.84031
-3.84222
-3.84174
-3.84258
-3.84444
-3.84273
-3.84221
-3.84238
-3.84292
-3.8387
-3.8372
-3.8355
-3.8372
-3.83926
-3.83857
-3.84022
-3.8408
-3.84422
-3.84286
-3.84108
-3.84018
-3.83923
-3.83711
-3.83594
-3.83555
-3.83389
-3.83536
-3.83437
-3.8357
-3.83811
-3.84038
-3.8404
-3.83846
-3.83813
-3.83755
-3.83783
-3.83902
-3.83759
-3.83584
-3.83251
-3.82918
-3.82644
-3.82776
-3.82856
-3.83208
-3.83478
-3.83734
-3.83798
-3.83887
-3.83776
-3.83466
-3.83524
-3.83571
-3.83728
-3.83691
-3.83713
-3.83803
-3.83979
-3.84071
-3.84107
-3.83901
-3.83704
-3.83492
-3.83522
-3.83409
-3.83423
-3.8357
-3.83851
-3.83834
-3.83805
-3.8386
-3.83904
-3.83901
-3.84195
-3.84506
-3.84361
-3.84073
-3.84088
-3.84174
-3.83921
-3.83743
-3.83441
-3.83305
-3.83361
-3.8321
-3.83305
-3.83572
-3.83747
-3.83638
-3.83754
-3.83818
-3.83773
-3.83404
-3.83259
-3.83333
-3.83527
-3.8363
-3.83801
-3.83915
-3.84107
-3.84219
-3.83866
-3.83667
-3.83659
-3.83542
-3.83503
-3.83602
-3.83598
-3.83486
-3.83339
-3.83438
-3.83485
-3.83757
-3.84012
-3.84128
-3.84128
-3.83993
-3.83748
-3.83373
-3.82884
-3.82312
-3.82233
-3.82001
-3.8252
-3.82626
-3.82845
-3.83411
-3.83875
-3.83853
-3.84029
-3.84297
-3.84465
-3.84551
-3.84193
-3.83663
-3.83217
-3.82908
-3.82496
-3.82414
-3.82669
-3.831
-3.83225
-3.83514
-3.83672
-3.83814
-3.83931
-3.84002
-3.83954
-3.83976
-3.83756
-3.83732
-3.8343
-3.83429
-3.8336
-3.83354
-3.83446
-3.83569
-3.8368
-3.83971
-3.84236
-3.84052
-3.84133
-3.8382
-3.83888
-3.84052
-3.8417
-3.84319
-3.84163
-3.83988
-3.83773
-3.83783
-3.83728
-3.83792
-3.83786
-3.83602
-3.83575
-3.83431
-3.83548
-3.83593
-3.83698
-3.83592
-3.83815
-3.8383
-3.84001
-3.84032
-3.84057
-3.83992
-3.83885
-3.83404
-3.83132
-3.82945
-3.83021
-3.82968
-3.83059
-3.83082
-3.82957
-3.83137
-3.83368
-3.83679
-3.83829
-3.8376
-3.83801
-3.83791
-3.83872
-3.83673
-3.83301
-3.83176
-3.83213
-3.83307
-3.83532
-3.83629
-3.83951
-3.84282
-3.84352
-3.84299
-3.84069
-3.83716
-3.83447
-3.83287
-3.83302
-3.83418
-3.8339
-3.83267
-3.83621
-3.83775
-3.83896
-3.83769
-3.83724
-3.83759
-3.83691
-3.76217
-3.75932
-3.76002
-3.76036
-3.76144
-3.763
-3.7651
-3.76734
-3.76873
-3.76903
-3.76806
-3.76706
-3.76609
-3.76399
-3.7648
-3.76393
-3.76397
-3.76078
-3.76113
-3.76042
-3.75746
-3.75701
-3.75581
-3.75976
-3.76379
-3.76588
-3.76922
-3.76796
-3.76656
-3.76334
-3.76138
-3.75736
-3.75564
-3.75064
-3.74997
-3.75036
-3.75329
-3.7561
-3.75928
-3.76434
-3.76671
-3.76892
-3.76805
-3.76613
-3.76442
-3.76082
-3.75965
-3.76083
-3.76019
-3.76217
-3.76262
-3.76192
-3.76536
-3.76628
-3.76453
-3.76579
-3.76265
-3.75861
-3.75578
-3.7559
-3.75722
-3.75974
-3.76118
-3.76094
-3.7628
-3.7619
-3.76128
-3.75967
-3.7595
-3.7601
-3.76256
-3.76314
-3.76272
-3.76352
-3.76287
-3.76199
-3.76409
-3.76367
-3.7644
-3.76417
-3.76472
-3.76359
-3.76452
-3.76383
-3.76386
-3.76465
-3.76587
-3.76621
-3.76958
-3.76605
-3.76406
-3.75946
-3.75589
-3.75483
-3.75458
-3.7563
-3.75757
-3.75828
-3.76096
-3.76254
-3.76214
-3.76377
-3.76505
-3.76534
-3.76468
-3.76344
-3.76287
-3.76364
-3.75906
-3.75773
-3.75703
-3.75613
-3.75623
-3.75416
-3.75648
-3.75936
-3.76121
-3.76303
-3.76451
-3.76517
-3.7673
-3.76781
-3.76665
-3.76479
-3.76375
-3.7629
-3.76144
-3.76165
-3.76146
-3.76311
-3.76517
-3.7656
-3.76619
-3.76426
-3.76484
-3.76322
-3.76377
-3.76338
-3.76219
-3.76465
-3.76597
-3.76705
-3.76629
-3.76583
-3.76485
-3.7604
-3.75929
-3.75788
-3.76282
-3.76378
-3.76513
-3.7668
-3.76542
-3.76631
-3.76584
-3.76347
-3.76509
-3.76409
-3.7647
-3.76554
-3.76443
-3.76556
-3.7672
-3.7698
-3.76753
-3.76582
-3.76254
-3.75892
-3.75879
-3.76189
-3.76286
-3.76417
-3.76414
-3.76258
-3.76061
-3.76143
-3.76072
-3.76062
-3.75867
-3.75859
-3.7606
-3.75903
-3.75814
-3.75831
-3.75878
-3.75814
-3.75892
-3.75987
-3.76198
-3.76419
-3.76401
-3.76562
-3.76623
-3.7658
-3.76362
-3.76387
-3.76172
-3.76131
-3.7615
-3.7614
-3.76039
-3.75828
-3.75879
-3.7581
-3.7594
-3.76056
-3.7611
-3.76325
-3.76599
-3.76622
-3.76527
-3.76911
-3.76769
-3.76543
-3.76589
-3.76235
-3.7625
-3.76067
-3.75909
-3.75904
-3.76231
-3.76328
-3.76518
-3.76574
-3.76516
-3.76673
-3.76728
-3.76784
-3.76881
-3.76705
-3.76648
-3.76428
-3.76328
-3.76313
-3.76297
-3.76475
-3.76331
-3.76343
-3.76431
-3.76335
-3.76158
-3.76267
-3.76247
-3.76184
-3.76154
-3.762
-3.76257
-3.7637
-3.76101
-3.76005
-3.75879
-3.7575
-3.75978
-3.76353
-3.76364
-3.76477
-3.76522
-3.76413
-3.76166
-3.76057
-3.76059
-3.7592
-3.76199
-3.7615
-3.7608
-3.76256
-3.7625
-3.76275
-3.7635
-3.76404
-3.76524
-3.76506
-3.76438
-3.76189
-3.76112
-3.7611
-3.76105
-3.76556
-3.76844
-3.76875
-3.77009
-3.77067
-3.77116
-3.77208
-3.76988
-3.76638
-3.76024
-3.75652
-3.75199
-3.751
-3.74834
-3.75043
-3.75441
-3.75875
-3.76016
-3.76281
-3.76237
-3.7619
-3.75926
-3.75653
-3.75462
-3.75092
-3.7496
-3.75144
-3.75349
-3.75371
-3.7557
-3.75763
-3.75967
-3.76206
-3.76587
-3.76648
-3.76955
-3.76922
-3.77124
-3.76949
-3.76816
-3.76525
-3.76449
-3.76569
-3.76516
-3.7647
-3.76689
-3.76714
-3.76779
-3.76651
-3.76817
-3.768
-3.76507
-3.76526
-3.76315
-3.76238
-3.76284
-3.76147
-3.76056
-3.76082
-3.76252
-3.76249
-3.76475
-3.7671
-3.76883
-3.76949
-3.77121
-3.76768
-3.76419
-3.76223
-3.76141
-3.76093
-3.76466
-3.76409
-3.76348
-3.76182
-3.75959
-3.75775
-3.75763
-3.75547
-3.75918
-3.76254
-3.76572
-3.76544
-3.76582
-3.76757
-3.76633
-3.76522
-3.7656
-3.76355
-3.76398
-3.76349
-3.75963
-3.75709
-3.75578
-3.75592
-3.75681
-3.76008
-3.76211
-3.76323
-3.76159
-3.76423
-3.76365
-3.76417
-3.76257
-3.76027
-3.76037
-3.76148
-3.76447
-3.76633
-3.76769
-3.77058
-3.77085
-3.76673
-3.76661
-3.76397
-3.7634
-3.76191
-3.76261
-3.76296
-3.76357
-3.76564
-3.76535
-3.76429
-3.76582
-3.76291
-3.76239
-3.76398
-3.76061
-3.76135
-3.76101
-3.76013
-3.76034
-3.7599
-3.76398
-3.76549
-3.76748
-3.76885
-3.77177
-3.77161
-3.76954
-3.76843
-3.76516
-3.76137
-3.76018
-3.75789
-3.76117
-3.76167
-3.76046
-3.76322
-3.76277
-3.76353
-3.76306
-3.76413
-3.76227
-3.76136
-3.76042
-3.76038
-3.75992
-3.76004
-3.75987
-3.76135
-3.76072
-3.76244
-3.76207
-3.76039
-3.76004
-3.76276
-3.76766
-3.76796
-3.76874
-3.76813
-3.76434
-3.76349
-3.76369
-3.76453
-3.76302
-3.76178
-3.75971
-3.75804
-3.75986
-3.76187
-3.76224
-3.76599
-3.76748
-3.76611
-3.76351
-3.76317
-3.76506
-3.76104
-3.76202
-3.76129
-3.76053
-3.75933
-3.76239
-3.76391
-3.76452
-3.76423
-3.76497
-3.7622
-3.76106
-3.75744
-3.75811
-3.7624
-3.7648
-3.7658
-3.76924
-3.76725
-3.76629
-3.76439
-3.76149
-3.76103
-3.75927
-3.76018
-3.76569
-3.76875
-3.76646
-3.76582
-3.76383
-3.75938
-3.75744
-3.75794
-3.75729
-3.75948
-3.75843
-3.76199
-3.76452
-3.76429
-3.76395
-3.76112
-3.75949
-3.75568
-3.7543
-3.75553
-3.75971
-3.76634
-3.76924
-3.76801
-3.7655
-3.76233
-3.76134
-3.75822
-3.75988
-3.75904
-3.7617
-3.76192
-3.76367
-3.76358
-3.76377
-3.76132
-3.76276
-3.7617
-3.75892
-3.75829
-3.7573
-3.75428
-3.75347
-3.7532
-3.75435
-3.75592
-3.76009
-3.76277
-3.76478
-3.76768
-3.76919
-3.76899
-3.76908
-3.76814
-3.76431
-3.76153
-3.75754
-3.75376
-3.75443
-3.75461
-3.75857
-3.76303
-3.76367
-3.76493
-3.76507
-3.76246
-3.76007
-3.75931
-3.75787
-3.75629
-3.75527
-3.7556
-3.75998
-3.7638
-3.7633
-3.76325
-3.76072
-3.75805
-3.7578
-3.7572
-3.75957
-3.75945
-3.76107
-3.75978
-3.76081
-3.76395
-3.76427
-3.76357
-3.7654
-3.76437
-3.76432
-3.76438
-3.76314
-3.764
-3.76373
-3.76483
-3.76619
-3.76321
-3.75998
-3.7584
-3.75662
-3.75616
-3.75418
-3.75629
-3.7572
-3.75881
-3.76084
-3.76127
-3.76144
-3.76367
-3.76547
-3.76448
-3.76551
-3.76415
-3.7615
-3.76133
-3.76226
-3.76403
-3.76212
-3.75995
-3.76284
-3.76397
-3.76363
-3.76287
-3.76566
-3.76579
-3.76558
-3.76488
-3.76454
-3.76131
-3.75905
-3.75991
-3.76079
-3.76126
-3.76533
-3.76705
-3.77011
-3.76608
-3.76418
-3.76457
-3.76466
-3.76354
-3.76383
-3.76275
-3.76344
-3.76462
-3.76403
-3.7659
-3.76425
-3.76205
-3.75932
-3.75923
-3.75795
-3.7572
-3.75773
-3.75946
-3.75967
-3.76066
-3.76105
-3.76162
-3.76001
-3.75943
-3.76025
-3.76156
-3.76322
-3.76545
-3.76371
-3.76786
-3.76778
-3.7681
-3.76446
-3.76149
-3.75829
-3.75713
-3.75722
-3.75651
-3.75649
-3.75861
-3.75997
-3.76239
-3.76165
-3.75716
-3.75723
-3.75568
-3.75791
-3.75721
-3.75911
-3.75975
-3.76024
-3.7608
-3.76201
-3.76495
-3.76661
-3.7687
-3.76742
-3.76687
-3.76631
-3.76523
-3.76617
-3.76327
-3.761
-3.75823
-3.75755
-3.75932
-3.75928
-3.75891
-3.75923
-3.75875
-3.76039
-3.7617
-3.75846
-3.76252
-3.76351
-3.76284
-3.75938
-3.76037
-3.75911
-3.75805
-3.76136
-3.76011
-3.76189
-3.76189
-3.76083
-3.75954
-3.75905
-3.75829
-3.75841
-3.75817
-3.7564
-3.75639
-3.75537
-3.75646
-3.75954
-3.76447
-3.76779
-3.76816
-3.76614
-3.76303
-3.7586
-3.75925
-3.75896
-3.75781
-3.75648
-3.75767
-3.75887
-3.76112
-3.76119
-3.75983
-3.76098
-3.7641
-3.76152
-3.76117
-3.7592
-3.75932
-3.75932
-3.75821
-3.75654
-3.7558
-3.75234
-3.75149
-3.75404
-3.75521
-3.75783
-3.76039
-3.76096
-3.76124
-3.76391
-3.76558
-3.76624
-3.76523
-3.76386
-3.76597
-3.76437
-3.76536
-3.76258
-3.76099
-3.76278
-3.76557
-3.76651
-3.7666
-3.7665
-3.7641
-3.76205
-3.76107
-3.75966
-3.75892
-3.75908
-3.76091
-3.76273
-3.76308
-3.76391
-3.7641
-3.76201
-3.7615
-3.75911
-3.75848
-3.76041
-3.76293
-3.76243
-3.76528
-3.76602
-3.76561
-3.76642
-3.76822
-3.77031
-3.7705
-3.77008
-3.7672
-3.76805
-3.76383
-3.76364
-3.76192
-3.7596
-3.76021
-3.75946
-3.75902
-3.75808
-3.75711
-3.75577
-3.75658
-3.75694
-3.75824
-3.76057
-3.76317
-3.76659
-3.76699
-3.76725
-3.76744
-3.76927
-3.76914
-3.76689
-3.76672
-3.76367
-3.76041
-3.76013
-3.75897
-3.75866
-3.75872
-3.76171
-3.76153
-3.76101
-3.76132
-3.7609
-3.7621
-3.76191
-3.76357
-3.76188
-3.76364
-3.76468
-3.76637
-3.76532
-3.76444
-3.7619
-3.76318
-3.75981
-3.75971
-3.75747
-3.76127
-3.76241
-3.76166
-3.76056
-3.76238
-3.76057
-3.75792
-3.75747
-3.75976
-3.76057
-3.75893
-3.76042
-3.76286
-3.76134
-3.76184
-3.761
-3.7609
-3.75982
-3.75974
-3.75765
-3.75746
-3.75544
-3.75448
-3.7568
-3.75759
-3.76294
-3.76508
-3.7658
-3.76387
-3.7638
-3.76154
-3.76157
-3.7603
-3.75827
-3.75501
-3.75359
-3.75623
-3.75711
-3.76062
-3.7627
-3.76318
-3.76408
-3.76275
-3.76255
-3.76309
-3.76435
-3.76446
-3.76405
-3.76156
-3.76018
-3.75986
-3.75575
-3.7545
-3.75071
-3.7509
-3.74953
-3.75095
-3.75453
-3.75974
-3.76667
-3.77023
-3.77468
-3.77462
-3.77311
-3.77465
-3.77079
-3.77108
-3.76986
-3.76777
-3.76682
-3.7662
-3.76527
-3.76631
-3.7628
-3.76191
-3.76203
-3.76203
-3.7651
-3.76823
-3.7705
-3.7686
-3.76719
-3.76388
-3.76248
-3.76005
-3.76056
-3.76098
-3.76062
-3.76011
-3.75972
-3.76202
-3.76074
-3.76018
-3.76008
-3.76003
-3.75964
-3.75789
-3.75652
-3.75698
-3.75596
-3.75543
-3.7559
-3.75653
-3.75471
-3.75606
-3.76037
-3.76233
-3.76335
-3.76295
-3.76593
-3.76794
-3.76649
-3.7665
-3.76628
-3.76547
-3.76543
-3.76328
-3.76158
-3.75861
-3.75537
-3.75315
-3.75269
-3.75337
-3.75526
-3.76122
-3.76394
-3.76567
-3.76944
-3.77207
-3.77138
-3.77212
-3.76977
-3.76696
-3.76403
-3.76237
-3.76056
-3.75893
-3.75806
-3.75761
-3.75934
-3.75992
-3.75685
-3.75673
-3.7561
-3.75869
-3.76048
-3.76154
-3.76231
-3.76306
-3.76302
-3.76464
-3.76347
-3.76133
-3.82316
-3.82495
-3.82712
-3.8303
-3.83008
-3.82837
-3.82762
-3.82417
-3.82413
-3.82388
-3.82165
-3.82131
-3.82446
-3.82585
-3.82942
-3.83081
-3.83154
-3.82994
-3.83047
-3.82838
-3.82599
-3.82407
-3.82235
-3.82522
-3.82427
-3.82232
-3.82419
-3.82243
-3.82466
-3.82717
-3.82935
-3.82794
-3.8286
-3.82692
-3.82592
-3.82613
-3.82624
-3.82539
-3.82479
-3.82345
-3.82211
-3.82306
-3.82379
-3.82207
-3.82082
-3.82171
-3.81843
-3.81742
-3.81686
-3.82018
-3.82095
-3.82426
-3.82676
-3.82766
-3.82754
-3.82458
-3.82235
-3.81953
-3.8205
-3.82128
-3.82326
-3.82428
-3.8249
-3.82482
-3.82278
-3.82227
-3.82091
-3.82276
-3.82518
-3.8281
-3.82961
-3.82809
-3.82913
-3.82683
-3.82581
-3.82435
-3.82338
-3.82184
-3.82314
-3.82341
-3.82381
-3.82499
-3.8247
-3.82723
-3.82578
-3.82378
-3.82292
-3.82485
-3.82621
-3.82343
-3.82362
-3.82243
-3.81868
-3.81676
-3.81318
-3.81327
-3.81497
-3.81823
-3.82125
-3.82474
-3.82607
-3.82685
-3.82739
-3.82748
-3.8258
-3.82671
-3.82524
-3.82596
-3.82556
-3.82752
-3.83031
-3.83078
-3.82965
-3.82766
-3.82409
-3.82124
-3.82047
-3.81867
-3.81763
-3.81669
-3.81931
-3.82059
-3.82281
-3.82522
-3.82322
-3.82156
-3.82269
-3.8214
-3.81868
-3.82119
-3.8258
-3.82598
-3.82549
-3.82376
-3.82126
-3.82103
-3.81959
-3.81892
-3.8182
-3.81687
-3.81598
-3.81582
-3.81746
-3.81999
-3.8199
-3.81909
-3.81813
-3.81747
-3.81777
-3.81525
-3.81705
-3.81399
-3.81493
-3.81592
-3.81723
-3.81912
-3.81947
-3.81899
-3.81974
-3.81994
-3.81954
-3.82054
-3.82221
-3.82277
-3.8236
-3.82371
-3.82613
-3.82444
-3.82259
-3.8215
-3.82215
-3.8222
-3.8239
-3.82276
-3.82411
-3.82466
-3.8244
-3.82602
-3.82626
-3.82622
-3.82566
-3.82217
-3.82135
-3.8223
-3.81766
-3.81938
-3.82048
-3.81952
-3.8207
-3.82252
-3.82668
-3.82388
-3.82342
-3.82266
-3.82051
-3.82074
-3.8204
-3.81961
-3.81979
-3.81688
-3.81852
-3.81823
-3.81742
-3.81838
-3.81889
-3.8189
-3.81798
-3.81994
-3.81898
-3.8154
-3.81631
-3.81484
-3.81633
-3.8177
-3.8204
-3.8232
-3.82447
-3.82244
-3.82276
-3.82424
-3.82294
-3.82027
-3.81929
-3.81772
-3.81835
-3.81936
-3.82191
-3.82283
-3.82505
-3.82507
-3.82551
-3.82563
-3.82617
-3.82281
-3.82098
-3.81789
-3.81865
-3.81778
-3.81811
-3.81689
-3.81636
-3.81525
-3.81714
-3.82229
-3.82622
-3.82624
-3.82441
-3.82517
-3.82567
-3.8251
-3.82335
-3.82351
-3.82419
-3.82449
-3.82497
-3.82857
-3.83061
-3.83108
-3.82853
-3.82508
-3.82524
-3.82578
-3.82537
-3.82761
-3.82439
-3.82425
-3.8246
-3.82617
-3.82619
-3.82565
-3.8254
-3.82483
-3.82273
-3.82197
-3.81986
-3.81906
-3.81775
-3.81735
-3.81864
-3.81951
-3.82082
-3.82268
-3.82213
-3.82382
-3.82517
-3.82571
-3.82671
-3.82652
-3.8274
-3.8268
-3.8244
-3.82391
-3.82233
-3.81979
-3.82118
-3.8214
-3.8217
-3.81979
-3.81832
-3.81837
-3.82147
-3.82285
-3.82345
-3.82447
-3.82413
-3.82284
-3.82162
-3.82015
-3.81725
-3.81832
-3.81858
-3.81735
-3.81714
-3.81821
-3.81889
-3.82156
-3.82173
-3.81943
-3.82038
-3.81925
-3.82005
-3.81984
-3.8204
-3.82096
-3.81901
-3.81816
-3.81808
-3.82042
-3.82185
-3.8206
-3.81976
-3.81764
-3.8179
-3.81696
-3.81646
-3.81787
-3.8168
-3.81967
-3.82268
-3.82377
-3.82417
-3.82435
-3.82683
-3.82478
-3.82308
-3.82088
-3.82062
-3.82089
-3.82001
-3.8212
-3.82323
-3.82357
-3.82751
-3.82895
-3.82914
-3.82651
-3.8261
-3.82342
-3.82079
-3.81893
-3.8175
-3.81974
-3.822
-3.82554
-3.8293
-3.83059
-3.83053
-3.83063
-3.82953
-3.8262
-3.82732
-3.82632
-3.82302
-3.82086
-3.81852
-3.81831
-3.81586
-3.81709
-3.82052
-3.82382
-3.82399
-3.82526
-3.82694
-3.82925
-3.82743
-3.82538
-3.8228
-3.82164
-3.82144
-3.822
-3.82168
-3.82072
-3.81811
-3.81507
-3.81741
-3.81734
-3.81705
-3.81667
-3.81728
-3.81708
-3.81963
-3.82029
-3.82098
-3.81966
-3.81935
-3.81845
-3.81897
-3.82243
-3.82435
-3.82849
-3.83026
-3.8266
-3.8231
-3.823
-3.81867
-3.81647
-3.81206
-3.81224
-3.81604
-3.82004
-3.8247
-3.82595
-3.82785
-3.82551
-3.82381
-3.82036
-3.8194
-3.81785
-3.81858
-3.81602
-3.81192
-3.81043
-3.80892
-3.80724
-3.80832
-3.81078
-3.81203
-3.81664
-3.81936
-3.82364
-3.82381
-3.82429
-3.82399
-3.82502
-3.82409
-3.82383
-3.82319
-3.82437
-3.82349
-3.82163
-3.82133
-3.81855
-3.81915
-3.81936
-3.8201
-3.81958
-3.81862
-3.81927
-3.81989
-3.8228
-3.82237
-3.82154
-3.8209
-3.81965
-3.81687
-3.81703
-3.81621
-3.8189
-3.8215
-3.82263
-3.82422
-3.82769
-3.82678
-3.82797
-3.82603
-3.82425
-3.82083
-3.81899
-3.818
-3.81806
-3.81801
-3.82026
-3.82033
-3.82251
-3.82336
-3.82668
-3.82759
-3.82887
-3.82606
-3.82682
-3.82754
-3.82453
-3.82283
-3.82038
-3.82211
-3.82154
-3.82185
-3.82293
-3.82341
-3.82519
-3.82652
-3.82658
-3.82532
-3.82544
-3.82522
-3.82308
-3.82259
-3.82089
-3.81905
-3.81909
-3.82124
-3.82211
-3.82252
-3.82128
-3.82061
-3.82037
-3.821
-3.82317
-3.82211
-3.82542
-3.82646
-3.8277
-3.82785
-3.8253
-3.82396
-3.82404
-3.8235
-3.82484
-3.827
-3.82811
-3.82605
-3.82295
-3.82424
-3.82191
-3.82128
-3.81899
-3.81945
-3.82066
-3.82047
-3.82062
-3.8218
-3.82276
-3.82301
-3.82295
-3.82179
-3.82181
-3.81923
-3.81874
-3.81684
-3.8168
-3.82073
-3.82596
-3.82682
-3.82592
-3.82281
-3.82246
-3.82089
-3.81894
-3.81667
-3.8172
-3.81924
-3.82078
-3.82
-3.81987
-3.82064
-3.82008
-3.82221
-3.82294
-3.82249
-3.82199
-3.82306
-3.82261
-3.82157
-3.82037
-3.81792
-3.8176
-3.81751
-3.82105
-3.82381
-3.82541
-3.82823
-3.82972
-3.82986
-3.82826
-3.82869
-3.8261
-3.82636
-3.82462
-3.82449
-3.82535
-3.82297
-3.82232
-3.81906
-3.81872
-3.81708
-3.81486
-3.81562
-3.81693
-3.81739
-3.81963
-3.8229
-3.82258
-3.82274
-3.82217
-3.82363
-3.82368
-3.82313
-3.82403
-3.82252
-3.8236
-3.82838
-3.82922
-3.8287
-3.82669
-3.82513
-3.82397
-3.82156
-3.82088
-3.82323
-3.82129
-3.81919
-3.81831
-3.81932
-3.81802
-3.8175
-3.81779
-3.81866
-3.81984
-3.82234
-3.82447
-3.82688
-3.82717
-3.82489
-3.82741
-3.82653
-3.82407
-3.82344
-3.82383
-3.82784
-3.82678
-3.82665
-3.82579
-3.8218
-3.82095
-3.82061
-3.8189
-3.82397
-3.82501
-3.82536
-3.82552
-3.82497
-3.82339
-3.82435
-3.82339
-3.82197
-3.821
-3.82365
-3.82152
-3.82233
-3.82375
-3.82395
-3.82524
-3.8254
-3.82354
-3.82526
-3.82666
-3.82506
-3.82451
-3.82467
-3.82554
-3.82482
-3.82479
-3.82306
-3.82029
-3.82036
-3.82023
-3.81821
-3.818
-3.82065
-3.82219
-3.82387
-3.82688
-3.82748
-3.82707
-3.82551
-3.82544
-3.8255
-3.82343
-3.82198
-3.82387
-3.82069
-3.82028
-3.82079
-3.82154
-3.82232
-3.82491
-3.8238
-3.82124
-3.81922
-3.81624
-3.81579
-3.81715
-3.81766
-3.81713
-3.81601
-3.8172
-3.81829
-3.81988
-3.82238
-3.82396
-3.82408
-3.82525
-3.82377
-3.82565
-3.82708
-3.82811
-3.82739
-3.82468
-3.82412
-3.82703
-3.82979
-3.83359
-3.83337
-3.82859
-3.82568
-3.82217
-3.82093
-3.81778
-3.81771
-3.81398
-3.81502
-3.81629
-3.81657
-3.81798
-3.81926
-3.82342
-3.82508
-3.82639
-3.82758
-3.82565
-3.82379
-3.82332
-3.82298
-3.8202
-3.82039
-3.82049
-3.81959
-3.82024
-3.82215
-3.81948
-3.81685
-3.81526
-3.81658
-3.81792
-3.81589
-3.81603
-3.81917
-3.82023
-3.82105
-3.8235
-3.8274
-3.82945
-3.82736
-3.82738
-3.82506
-3.82338
-3.82212
-3.821
-3.8202
-3.81865
-3.81804
-3.81894
-3.81954
-3.8171
-3.81754
-3.81937
-3.8202
-3.82105
-3.82464
-3.82301
-3.8233
-3.82348
-3.82352
-3.82161
-3.82187
-3.81808
-3.81595
-3.81667
-3.81808
-3.81879
-3.8191
-3.81832
-3.81772
-3.81625
-3.81791
-3.81803
-3.82232
-3.82366
-3.82541
-3.82917
-3.82979
-3.83118
-3.82936
-3.82639
-3.8253
-3.82392
-3.82185
-3.8215
-3.82086
-3.82128
-3.81889
-3.81956
-3.82153
-3.8228
-3.82114
-3.82099
-3.82143
-3.82032
-3.82049
-3.81625
-3.81345
-3.81167
-3.81226
-3.81696
-3.82319
-3.82238
-3.82613
-3.82605
-3.82595
-3.82265
-3.82256
-3.82091
-3.82066
-3.81901
-3.81554
-3.81511
-3.81425
-3.81684
-3.822
-3.82432
-3.82683
-3.82866
-3.82922
-3.82844
-3.82705
-3.82464
-3.82322
-3.82345
-3.82049
-3.8204
-3.81628
-3.81671
-3.81592
-3.81333
-3.81336
-3.81259
-3.81355
-3.81693
-3.81975
-3.82152
-3.82193
-3.82236
-3.82306
-3.8248
-3.82527
-3.82295
-3.82357
-3.82298
-3.82195
-3.82117
-3.8193
-3.8222
-3.8211
-3.81885
-3.81797
-3.81963
-3.81925
-3.81855
-3.81888
-3.81862
-3.82277
-3.82405
-3.82474
-3.82539
-3.825
-3.82476
-3.82486
-3.82216
-3.81976
-3.81749
-3.81906
-3.81736
-3.81872
-3.81831
-3.82088
-3.8202
-3.82126
-3.81945
-3.81884
-3.81715
-3.816
-3.81319
-3.81436
-3.81332
-3.8172
-3.82152
-3.82556
-3.82651
-3.82546
-3.82425
-3.82537
-3.82252
-3.82354
-3.82051
-3.81971
-3.8213
-3.82346
-3.82539
-3.82769
-3.82535
-3.82566
-3.82386
-3.826
-3.82708
-3.82521
-3.82237
-3.81869
-3.81658
-3.81553
-3.81059
-3.81042
-3.81312
-3.81516
-3.81866
-3.82076
-3.82366
-3.82619
-3.82758
-3.82864
-3.82864
-3.82874
-3.82691
-3.82663
-3.8246
-3.82267
-3.82229
-3.81922
-3.81846
-3.81763
-3.81833
-3.82086
-3.82119
-3.82203
-3.82268
-3.82223
-3.82361
-3.82611
-3.8248
-3.82606
-3.8276
-3.82656
-3.82274
-3.81985
-3.81876
-3.81901
-3.82003
-3.81977
-3.81904
-3.82167
-3.82141
-3.82414
-3.82894
-3.82999
-3.83085
-3.83
-3.83344
-3.83104
-3.8272
-3.82452
-3.82625
-3.82417
-3.82414
-3.82336
-3.82403
-3.82382
-3.82354
-3.82319
-3.82164
-3.82032
-3.82008
-3.81926
-3.82264
-3.82237
-3.82433
-3.82247
-3.82322
-3.82435
-3.82059
-3.82226
-3.82219
-3.85479
-3.85217
-3.85257
-3.85407
-3.8534
-3.85178
-3.85394
-3.85361
-3.85558
-3.85276
-3.85178
-3.84995
-3.84968
-3.84975
-3.84913
-3.84926
-3.84839
-3.84745
-3.84675
-3.84603
-3.8461
-3.84404
-3.8469
-3.84905
-3.852
-3.85367
-3.85577
-3.8577
-3.85825
-3.8587
-3.85873
-3.85712
-3.8559
-3.85258
-3.85234
-3.85134
-3.85069
-3.8503
-3.84913
-3.8485
-3.84921
-3.85034
-3.84942
-3.8484
-3.8485
-3.85083
-3.85066
-3.85308
-3.85551
-3.85864
-3.85924
-3.85941
-3.85845
-3.85847
-3.85546
-3.85246
-3.85007
-3.84964
-3.85136
-3.84923
-3.84961
-3.85077
-3.85121
-3.85235
-3.85297
-3.85299
-3.85357
-3.85054
-3.84983
-3.8517
-3.85099
-3.84935
-3.84956
-3.85185
-3.85085
-3.85022
-3.84773
-3.84577
-3.84663
-3.84588
-3.84734
-3.8487
-3.85131
-3.85246
-3.85648
-3.8597
-3.85998
-3.8588
-3.85876
-3.85432
-3.85393
-3.85285
-3.84919
-3.84627
-3.84664
-3.8464
-3.84668
-3.84957
-3.85154
-3.85327
-3.85242
-3.85349
-3.8537
-3.85284
-3.84922
-3.84953
-3.84889
-3.84628
-3.84526
-3.84615
-3.84768
-3.84731
-3.84884
-3.84746
-3.85034
-3.85164
-3.85264
-3.85384
-3.85442
-3.85433
-3.85333
-3.85328
-3.85182
-3.85235
-3.85294
-3.85486
-3.85889
-3.8576
-3.85838
-3.85709
-3.85272
-3.85044
-3.84915
-3.84871
-3.84646
-3.84871
-3.84828
-3.85127
-3.85063
-3.85116
-3.85132
-3.85079
-3.85055
-3.85036
-3.85077
-3.85028
-3.85112
-3.84948
-3.85086
-3.85064
-3.85021
-3.8491
-3.84798
-3.84705
-3.84959
-3.84944
-3.84773
-3.84979
-3.85202
-3.85401
-3.853
-3.85482
-3.85663
-3.85754
-3.85759
-3.85777
-3.86159
-3.86153
-3.85825
-3.85905
-3.85901
-3.85989
-3.85916
-3.86052
-3.8626
-3.85741
-3.85582
-3.85251
-3.85265
-3.85566
-3.85515
-3.85382
-3.85498
-3.8539
-3.85161
-3.85306
-3.85549
-3.85551
-3.85725
-3.85678
-3.85505
-3.85111
-3.84759
-3.84577
-3.8493
-3.85217
-3.85462
-3.85648
-3.85783
-3.85747
-3.85613
-3.85361
-3.85376
-3.85088
-3.85061
-3.84965
-3.85089
-3.84778
-3.84635
-3.84718
-3.84799
-3.84984
-3.8499
-3.85122
-3.85129
-3.8488
-3.8494
-3.84665
-3.84649
-3.84839
-3.84968
-3.85345
-3.85656
-3.85957
-3.86028
-3.86141
-3.85831
-3.856
-3.85151
-3.85145
-3.85019
-3.84859
-3.85056
-3.85089
-3.8526
-3.85296
-3.85325
-3.85352
-3.85404
-3.85206
-3.85407
-3.8535
-3.85535
-3.85966
-3.85899
-3.85832
-3.8565
-3.85418
-3.85254
-3.85314
-3.85607
-3.8539
-3.85326
-3.84957
-3.84829
-3.8452
-3.84234
-3.84253
-3.84655
-3.84884
-3.84968
-3.85166
-3.85187
-3.8527
-3.85085
-3.85051
-3.85018
-3.85113
-3.85073
-3.85067
-3.84755
-3.84901
-3.84959
-3.84983
-3.85088
-3.85265
-3.85141
-3.85344
-3.85244
-3.85038
-3.85013
-3.85013
-3.85148
-3.85502
-3.85428
-3.85563
-3.85268
-3.85336
-3.85258
-3.85167
-3.85346
-3.85332
-3.85208
-3.85348
-3.85394
-3.85406
-3.85194
-3.85156
-3.84992
-3.84948
-3.84734
-3.84854
-3.84869
-3.84786
-3.84738
-3.84677
-3.84781
-3.84942
-3.85127
-3.8543
-3.85642
-3.85869
-3.85548
-3.85699
-3.85451
-3.85364
-3.85079
-3.84991
-3.84514
-3.84717
-3.84608
-3.84639
-3.84731
-3.84788
-3.85013
-3.85006
-3.84981
-3.85242
-3.85257
-3.85043
-3.85236
-3.8536
-3.8551
-3.8555
-3.85574
-3.85515
-3.85392
-3.85198
-3.85015
-3.85052
-3.85005
-3.85104
-3.85099
-3.85231
-3.8561
-3.855
-3.85401
-3.84999
-3.85035
-3.85018
-3.8505
-3.8517
-3.85442
-3.85212
-3.84901
-3.84584
-3.84471
-3.84625
-3.84838
-3.84873
-3.85086
-3.84984
-3.85122
-3.84912
-3.85222
-3.85066
-3.84942
-3.84944
-3.84959
-3.85133
-3.84933
-3.84945
-3.85209
-3.85071
-3.85207
-3.85257
-3.85222
-3.85216
-3.85247
-3.85179
-3.84978
-3.84969
-3.84764
-3.84858
-3.85154
-3.85179
-3.85211
-3.85183
-3.85298
-3.8565
-3.85699
-3.85797
-3.85479
-3.85371
-3.8518
-3.84892
-3.84863
-3.84783
-3.84666
-3.85043
-3.85324
-3.85358
-3.85266
-3.85629
-3.85715
-3.85398
-3.85272
-3.84999
-3.85096
-3.85101
-3.85214
-3.85527
-3.85695
-3.86048
-3.85958
-3.86048
-3.85694
-3.85334
-3.85355
-3.85736
-3.85656
-3.85667
-3.85601
-3.85665
-3.85707
-3.85749
-3.85735
-3.85717
-3.8574
-3.85538
-3.85509
-3.85424
-3.85246
-3.85141
-3.85094
-3.8514
-3.85189
-3.85014
-3.85118
-3.85268
-3.85356
-3.85211
-3.85156
-3.85036
-3.85042
-3.85097
-3.84936
-3.85029
-3.85088
-3.84871
-3.8481
-3.85079
-3.85054
-3.85128
-3.85022
-3.84917
-3.84823
-3.84847
-3.84726
-3.84702
-3.84631
-3.84496
-3.84503
-3.84787
-3.85022
-3.8535
-3.85582
-3.85397
-3.85574
-3.8547
-3.85351
-3.85031
-3.85214
-3.85341
-3.85367
-3.85457
-3.85602
-3.85582
-3.85389
-3.85035
-3.84731
-3.84593
-3.84584
-3.84613
-3.84628
-3.84542
-3.84828
-3.85073
-3.85228
-3.85517
-3.85575
-3.85387
-3.85315
-3.85205
-3.85193
-3.8504
-3.84977
-3.85087
-3.8506
-3.85235
-3.85523
-3.85514
-3.85653
-3.85533
-3.85337
-3.85158
-3.84949
-3.85114
-3.8536
-3.85605
-3.8546
-3.855
-3.85526
-3.85455
-3.85345
-3.85068
-3.84759
-3.84677
-3.84769
-3.84757
-3.84789
-3.84622
-3.84724
-3.8457
-3.84565
-3.84513
-3.84557
-3.84926
-3.8527
-3.8507
-3.85206
-3.85344
-3.8533
-3.85477
-3.85381
-3.85247
-3.85095
-3.85039
-3.84925
-3.85176
-3.85129
-3.85299
-3.856
-3.85369
-3.85165
-3.85076
-3.84576
-3.84429
-3.84316
-3.84291
-3.84567
-3.84632
-3.8486
-3.84726
-3.84801
-3.84895
-3.84949
-3.84973
-3.84647
-3.84374
-3.84335
-3.84348
-3.84492
-3.84871
-3.85293
-3.85462
-3.85727
-3.86068
-3.86174
-3.86017
-3.85704
-3.854
-3.85235
-3.8507
-3.84481
-3.84377
-3.84225
-3.84109
-3.84534
-3.84883
-3.85308
-3.85548
-3.8565
-3.85695
-3.85686
-3.85221
-3.85137
-3.85129
-3.85252
-3.85031
-3.85035
-3.85111
-3.85333
-3.8551
-3.85731
-3.85591
-3.85444
-3.85141
-3.85074
-3.84895
-3.84897
-3.85088
-3.85319
-3.85231
-3.85241
-3.85228
-3.85033
-3.85017
-3.8512
-3.84925
-3.84892
-3.84739
-3.84467
-3.84327
-3.84169
-3.84128
-3.84123
-3.84068
-3.84211
-3.84402
-3.84379
-3.8463
-3.84878
-3.85214
-3.85379
-3.85467
-3.85466
-3.85309
-3.8517
-3.85171
-3.8509
-3.84953
-3.84868
-3.85086
-3.85028
-3.85108
-3.84958
-3.84729
-3.84887
-3.84668
-3.84781
-3.85003
-3.85226
-3.85009
-3.84673
-3.85116
-3.84968
-3.85132
-3.85299
-3.85315
-3.85483
-3.85615
-3.85429
-3.85401
-3.85348
-3.85204
-3.84813
-3.84758
-3.84753
-3.84921
-3.85071
-3.85189
-3.85419
-3.85338
-3.85174
-3.85063
-3.84966
-3.84872
-3.85046
-3.85055
-3.85104
-3.84736
-3.84576
-3.84508
-3.84697
-3.84895
-3.85053
-3.8518
-3.85479
-3.85854
-3.85991
-3.85939
-3.86207
-3.86115
-3.8604
-3.85946
-3.85739
-3.85811
-3.85875
-3.85608
-3.85397
-3.84909
-3.84839
-3.85009
-3.85099
-3.85533
-3.85978
-3.86227
-3.85982
-3.85686
-3.85598
-3.85342
-3.85107
-3.85275
-3.85383
-3.85542
-3.85693
-3.85869
-3.85725
-3.85553
-3.85476
-3.8533
-3.8535
-3.85449
-3.85674
-3.86026
-3.86233
-3.86094
-3.85723
-3.85491
-3.85103
-3.8508
-3.85123
-3.85195
-3.85377
-3.8533
-3.85305
-3.85234
-3.85153
-3.84893
-3.8512
-3.85118
-3.85084
-3.85321
-3.85335
-3.85403
-3.85709
-3.85918
-3.85672
-3.85443
-3.85311
-3.8473
-3.84439
-3.84324
-3.84302
-3.84208
-3.84233
-3.84352
-3.84443
-3.84655
-3.8466
-3.85192
-3.85311
-3.8542
-3.852
-3.85246
-3.85063
-3.85027
-3.84961
-3.84968
-3.84898
-3.84693
-3.84902
-3.84686
-3.84392
-3.8451
-3.84536
-3.84749
-3.85029
-3.85317
-3.85573
-3.85728
-3.85694
-3.8592
-3.85832
-3.85954
-3.85857
-3.85616
-3.85373
-3.84973
-3.84658
-3.84159
-3.8406
-3.84067
-3.84517
-3.84703
-3.85011
-3.85281
-3.85399
-3.85223
-3.85344
-3.85359
-3.85523
-3.85639
-3.8553
-3.85286
-3.85339
-3.85007
-3.84679
-3.84474
-3.84391
-3.84583
-3.84522
-3.84608
-3.84897
-3.84895
-3.84819
-3.84745
-3.84588
-3.84791
-3.8507
-3.85228
-3.8543
-3.85673
-3.85589
-3.85699
-3.85657
-3.85484
-3.85372
-3.85151
-3.85116
-3.85122
-3.85057
-3.84979
-3.85093
-3.85098
-3.8519
-3.85408
-3.8539
-3.8529
-3.85175
-3.84979
-3.84868
-3.85083
-3.85049
-3.85007
-3.85041
-3.85124
-3.8539
-3.85615
-3.85616
-3.85364
-3.85481
-3.85117
-3.85373
-3.85321
-3.85351
-3.85242
-3.85206
-3.85138
-3.85224
-3.85248
-3.85308
-3.85492
-3.85786
-3.85722
-3.85531
-3.8523
-3.85057
-3.84987
-3.84758
-3.85026
-3.85129
-3.85485
-3.85729
-3.85696
-3.85897
-3.86016
-3.85964
-3.85702
-3.85319
-3.85229
-3.84878
-3.84796
-3.84757
-3.85129
-3.85246
-3.85435
-3.8561
-3.85836
-3.85816
-3.85586
-3.85119
-3.85005
-3.84635
-3.84594
-3.84689
-3.84887
-3.85209
-3.85463
-3.85831
-3.85749
-3.85796
-3.85798
-3.85601
-3.85293
-3.85163
-3.84869
-3.84961
-3.855
-3.85495
-3.85337
-3.85261
-3.8506
-3.84631
-3.84517
-3.84415
-3.84581
-3.85035
-3.85394
-3.85593
-3.85876
-3.86127
-3.86163
-3.8622
-3.86142
-3.85984
-3.85696
-3.85552
-3.85376
-3.85341
-3.85542
-3.85708
-3.85632
-3.85954
-3.85863
-3.86104
-3.86151
-3.86026
-3.85807
-3.86003
-3.85736
-3.85503
-3.84971
-3.84717
-3.84664
-3.84427
-3.84461
-3.84511
-3.84601
-3.84721
-3.85006
-3.85418
-3.85719
-3.85627
-3.85721
-3.85682
-3.85549
-3.85325
-3.85127
-3.84891
-3.84954
-3.84895
-3.85002
-3.84895
-3.84972
-3.8479
-3.84822
-3.84764
-3.84982
-3.84943
-3.84904
-3.84936
-3.85014
-3.85232
-3.85324
-3.85032
-3.85064
-3.84874
-3.84841
-3.84641
-3.8458
-3.8458
-3.84982
-3.85306
-3.85539
-3.85499
-3.85196
-3.85146
-3.84911
-3.84963
-3.85286
-3.85358
-3.85348
-3.85328
-3.84884
-3.84999
-3.85057
-3.85434
-3.85373
-3.85405
-3.85413
-3.85231
-3.8517
-3.85108
-3.84988
-3.84887
-3.84999
-3.85077
-3.8518
