2.08235
2.02247
1.92275
1.78602
1.61744
1.42555
1.22276
1.02513
0.850444
0.714541
0.627497
0.591114
0.599118
0.639761
0.699234
0.764588
0.825514
0.875002
0.909251
0.927193
0.929874
0.919883
0.900779
0.876566
0.851309
0.828693
0.811897
0.803597
0.805938
0.820433
0.847713
0.887174
0.936645
0.992417
1.04975
1.10371
1.15003
1.18569
1.20919
1.22063
1.22163
1.21488
1.20355
1.19078
1.17894
1.16928
1.16193
1.15617
1.15094
1.14526
1.13846
1.13015
1.12016
1.10862
1.09591
1.08268
1.07004
1.05944
1.05257
1.05086
1.05511
1.06496
1.07886
1.09461
1.11014
1.1242
1.13653
1.14748
1.1574
1.16609
1.17298
1.1773
1.17863
1.17695
1.17271
1.16643
1.15863
1.14942
1.1386
1.12604
1.11226
1.09857
1.08689
1.07912
1.07594
1.07627
1.07764
1.07712
1.07231
1.06191
1.04594
1.02574
1.00372
0.982839
0.965872
0.954871
0.95094
0.95422
0.964086
0.979356
0.998263
1.0185
1.03723
1.05151
1.05878
1.0574
1.04707
1.02894
1.00549
0.980197
0.957084
0.94025
0.933191
0.938122
0.95579
0.985229
1.02408
1.06892
1.11587
1.16099
1.20075
1.23251
1.25463
1.2667
1.26949
1.26469
1.25463
1.24191
1.22872
1.2162
1.20417
1.19143
1.17669
1.15938
1.14015
1.12043
1.10151
1.08397
1.06777
1.05283
1.03918
1.02695
1.01615
1.00675
0.998741
0.992628
0.989349
0.990114
0.995824
1.00666
1.02192
1.04031
1.06038
1.08086
1.10081
1.11932
1.13545
1.14781
1.15463
1.15412
1.14507
1.12782
1.10468
1.07973
1.05766
1.04186
1.0329
1.02876
1.02668
1.02518
1.02466
1.02662
1.03252
1.04272
1.05632
1.07159
1.08689
1.10093
1.11291
1.12215
1.12815
1.13079
1.13044
1.12802
1.12504
1.12306
1.12334
1.12625
1.13125
1.13698
1.14181
1.14448
1.14433
1.14153
1.13669
1.13028
1.12269
1.11434
1.10593
1.09831
1.09234
1.08847
1.08681
1.08702
1.08837
1.08984
1.09061
1.0902
1.08866
1.08643
1.08421
1.08297
1.08342
1.0858
1.08987
1.09488
1.0998
1.10382
1.10659
1.10824
1.1094
1.11064
1.11181
1.11191
1.10927
1.10247
1.09112
1.07606
1.05951
1.04437
1.03348
1.0287
1.03043
1.03751
1.04763
1.058
1.06589
1.06933
1.06728
1.05975
1.04762
1.03249
1.01657
1.0024
0.992836
0.9905
0.997172
1.01321
1.03722
1.06645
1.09746
1.12699
1.15254
1.1726
1.18641
1.19398
1.19576
1.19242
1.18477
1.1738
1.16048
1.14592
1.13105
1.11672
1.10331
1.09083
1.07915
1.0684
1.05943
1.05396
1.05403
1.06104
1.07466
1.09239
1.11021
1.1239
1.1305
1.12925
1.12168
1.11108
1.10118
1.09477
1.093
1.09504
1.09885
1.10212
1.10315
1.10138
1.09743
1.09256
1.08798
1.08418
1.08082
1.07714
1.0726
1.06746
1.0629
1.06072
1.0625
1.06868
1.07792
1.08762
1.09508
1.0983
1.09642
1.0897
1.07926
1.06654
1.05289
1.03935
1.02668
1.01553
1.00656
1.0005
0.998066
0.999961
1.00659
1.01778
1.03285
1.05079
1.07045
1.09068
1.11006
1.12701
1.13966
1.1463
1.14599
1.13912
1.12772
1.11469
1.10281
1.09397
1.08881
1.08722
1.08873
1.09273
1.09858
1.10565
1.11326
1.12058
1.12669
1.13042
1.13051
1.12573
1.11556
1.10038
1.08171
1.06198
1.04395
1.03001
1.02167
1.01925
1.02193
1.02801
1.03535
1.04196
1.04667
1.04949
1.05113
1.05243
1.05385
1.05545
1.05738
1.06025
1.06509
1.07273
1.08335
1.09613
1.1093
1.12076
1.12881
1.13246
1.1315
1.1262
1.11711
1.10511
1.09195
1.08057
1.07427
1.07479
1.08127
1.09105
1.10147
1.11104
1.11941
1.12697
1.13431
1.14198
1.14993
1.15735
1.16293
1.16524
1.16331
1.15675
1.14535
1.1291
1.10835
1.08417
1.05865
1.03469
1.01535
1.00304
0.998906
1.00293
1.0143
1.03147
1.05254
1.07506
1.09612
1.1129
1.12356
1.12779
1.12679
1.12235
1.11582
1.10771
1.09814
1.08748
1.07649
1.06616
1.0575
1.05132
1.0482
1.04855
1.05242
1.0593
1.06811
1.07735
1.08541
1.09095
1.09331
1.09245
1.08893
1.08378
1.07805
1.07231
1.06684
1.06153
1.05629
1.05119
1.04654
1.04279
1.04034
1.03949
1.04027
1.04258
1.0463
1.0513
1.05753
1.06504
1.07392
1.08417
1.09555
1.10723
1.1178
1.12541
1.12816
1.12446
1.11353
1.09582
1.07304
1.04821
1.02508
1.00752
0.998733
1.00062
1.01323
1.03476
1.06218
1.09187
1.12068
1.14654
1.16869
1.18728
1.2026
1.21454
1.22252
1.22566
1.22343
1.21589
1.20354
1.18717
1.16778
1.14636
1.12393
1.1014
1.07971
1.05967
1.04194
1.02733
1.01692
1.0123
1.01516
1.02623
1.0443
1.06585
1.08609
1.10044
1.106
1.10206
1.08989
1.07211
1.05208
1.03333
1.01901
1.01165
1.01292
1.0232
1.04128
1.06429
1.08823
1.10875
1.12204
1.12578
1.11974
1.10642
1.09062
1.07786
1.0717
1.0722
1.07721
1.08456
1.09293
1.10173
1.11039
1.11813
1.12412
1.12788
1.12895
1.12672
1.12032
1.1092
1.09416
1.07767
1.06369
1.0561
1.05731
1.06736
1.08391
1.10309
1.12087
1.13377
1.13953
1.13715
1.12681
1.10993
1.08914
1.06809
1.05091
1.04124
1.04108
1.05
1.06546
1.08406
1.10265
1.11904
1.13206
1.14144
1.14758
1.15134
1.15366
1.15521
1.15601
1.15559
1.15329
1.14854
1.14108
1.13081
1.11768
1.10155
1.08246
1.06119
1.03977
1.02145
1.00986
1.00743
1.01411
1.02737
1.04313
1.0572
1.06613
1.06774
1.06124
1.04747
1.02902
1.00998
0.995004
0.987913
0.990712
1.00327
1.02398
1.05073
1.08136
1.11373
1.14559
1.1745
1.19799
1.21404
1.22141
1.21995
1.2108
1.19598
1.17792
1.15892
1.1408
1.12468
1.11105
1.09946
1.08881
1.07762
1.06446
1.04873
1.0309
1.01263
0.996295
0.984348
0.978541
0.97958
0.987216
1.00059
1.01888
1.04123
1.0666
1.09339
1.11912
1.14081
1.15548
1.16082
1.1557
1.14048
1.11708
1.08854
1.05848
1.03057
1.00797
0.993007
0.986925
0.989826
1.00089
1.01844
1.04059
1.06557
1.09182
1.11803
1.14303
1.16549
1.18402
1.19745
1.20507
1.20694
1.2039
1.19741
1.1891
1.18048
1.17253
1.16518
1.15723
1.14683
1.13206
1.11159
1.08523
1.05415
1.0209
0.989184
0.963129
0.946249
0.940358
0.945085
0.958272
0.97694
0.998237
1.01995
1.04086
1.06068
1.07983
1.09888
1.11802
1.13649
1.15268
1.16461
1.17066
1.17027
1.16408
1.1537
1.14132
1.12898
1.11825
1.11032
1.10603
1.10589
1.11018
1.11866
1.13012
1.14221
1.15187
1.15625
1.15364
1.14366
1.12736
1.10708
1.08584
1.06684
1.05259
1.04458
1.04311
1.04741
1.05592
1.06666
1.07751
1.08664
1.09258
1.09428
1.09114
1.08294
1.07006
1.05367
1.03609
1.02076
1.01111
1.00912
1.01471
1.02643
1.0422
1.05975
1.07671
1.09104
1.10142
1.10732
1.10893
1.10691
1.10218
1.09591
1.08921
1.08301
1.07814
1.07538
1.07544
1.07861
1.0846
1.09235
1.10018
1.10626
1.10917
1.10828
1.10391
1.09722
1.08991
1.08386
1.08055
1.08097
1.08526
1.0927
1.10183
1.11063
1.11694
1.11911
1.11631
1.10869
1.09722
1.08325
1.06839
1.05466
1.04458
1.041
1.0463
1.06157
1.086
1.11696
1.15045
1.18203
1.20769
1.22404
1.22867
1.22013
1.19832
1.16474
1.12248
1.07578
1.02948
0.988051
0.955365
0.934578
0.927681
0.934973
0.954703
0.983412
1.01682
1.05057
1.08079
1.10454
1.12002
1.1267
1.12533
1.11761
1.10598
1.09347
1.0832
1.07784
1.07875
1.0857
1.09727
1.11164
1.12739
1.14348
1.15943
1.17488
1.18936
1.20203
1.21153
1.21631
1.21493
1.20655
1.19125
1.17003
1.14453
1.11687
1.0893
1.06399
1.04265
1.0259
1.01331
1.00404
0.997734
0.995081
0.99751
1.00635
1.02177
1.04219
1.06454
1.08504
1.10033
1.10839
1.10901
1.10329
1.09304
1.08004
1.06565
1.05071
1.03598
1.02228
1.01069
1.00252
0.999143
1.00157
1.01
1.02373
1.04125
1.06047
1.07931
1.09631
1.11081
1.12297
1.13316
1.14156
1.14792
1.15167
1.15239
1.15012
1.14551
1.13986
1.13454
1.13043
1.12745
1.12444
1.1195
1.11084
1.09755
1.08004
1.06014
1.04072
1.02483
1.01481
1.01167
1.01526
1.02478
1.03946
1.05859
1.08148
1.10712
1.13379
1.15899
1.17966
1.19291
1.19671
1.19079
1.17695
1.15865
1.1399
1.12398
1.11254
1.10592
1.10382
1.1059
1.11192
1.12149
1.13342
1.14542
1.15475
1.15897
1.15649
1.1469
1.13058
1.10841
1.08203
1.05386
1.02711
1.00507
0.990361
0.984287
0.986756
0.996685
1.01243
1.03214
1.05393
1.07587
1.09616
1.11308
1.12493
1.13005
1.12735
1.11696
1.10031
1.07996
1.05911
1.04089
1.02762
1.0207
1.02084
1.02806
1.04175
1.06049
1.08209
1.10389
1.12341
1.13876
1.14902
1.15445
1.1562
1.15558
1.15348
1.15017
1.14568
1.14008
1.13371
1.12689
1.11983
1.11229
1.10399
1.09472
1.08467
1.07453
1.06524
1.05777
1.05278
1.05044
1.05029
1.05129
1.05195
1.0507
1.04648
1.03909
1.02948
1.0194
1.01081
1.00507
1.00258
1.00285
1.00517
1.00907
1.01442
1.02129
1.02953
1.03859
1.04758
1.05552
1.06175
1.06639
1.07054
1.07603
1.0845
1.09688
1.11287
1.131
1.14916
1.16501
1.17658
1.18234
1.18135
1.17333
1.15878
1.13905
1.11654
1.09444
1.0763
1.06529
1.06344
1.07123
1.08728
1.10847
1.13054
2.08235
2.02247
1.92275
1.78602
1.61744
1.42555
1.22276
1.02513
0.850444
0.714541
0.627497
0.591114
0.599118
0.639761
0.699234
0.764588
0.825514
0.875002
0.909251
0.927193
0.929874
0.919883
0.900779
0.876566
0.851309
0.828693
0.811897
0.803597
0.805938
0.820433
0.847713
0.887174
0.936645
0.992417
1.04975
1.10371
1.15003
1.18569
1.20919
1.22063
1.22163
1.21488
1.20355
1.19078
1.17894
1.16928
1.16193
1.15617
1.15094
1.14526
1.13846
1.13015
1.12016
1.10862
1.09591
1.08268
1.07004
1.05944
1.05257
1.05086
1.05511
1.06496
1.07886
1.09461
1.11014
1.1242
1.13653
1.14748
1.1574
1.16609
1.17298
1.1773
1.17863
1.17695
1.17271
1.16643
1.15863
1.14942
1.1386
1.12604
1.11226
1.09857
1.08689
1.07912
1.07594
1.07627
1.07764
1.07712
1.07231
1.06191
1.04594
1.02574
1.00372
0.982839
0.965872
0.954871
0.95094
0.95422
0.964086
0.979356
0.998263
1.0185
1.03723
1.05151
1.05878
1.0574
1.04707
1.02894
1.00549
0.980197
0.957084
0.94025
0.933191
0.938122
0.95579
0.985229
1.02408
1.06892
1.11587
1.16099
1.20075
1.23251
1.25463
1.2667
1.26949
1.26469
1.25463
1.24191
1.22872
1.2162
1.20417
1.19143
1.17669
1.15938
1.14015
1.12043
1.10151
1.08397
1.06777
1.05283
1.03918
1.02695
1.01615
1.00675
0.998741
0.992628
0.989349
0.990114
0.995824
1.00666
1.02192
1.04031
1.06038
1.08086
1.10081
1.11932
1.13545
1.14781
1.15463
1.15412
1.14507
1.12782
1.10468
1.07973
1.05766
1.04186
1.0329
1.02876
1.02668
1.02518
1.02466
1.02662
1.03252
1.04272
1.05632
1.07159
1.08689
1.10093
1.11291
1.12215
1.12815
1.13079
1.13044
1.12802
1.12504
1.12306
1.12334
1.12625
1.13125
1.13698
1.14181
1.14448
1.14433
1.14153
1.13669
1.13028
1.12269
1.11434
1.10593
1.09831
1.09234
1.08847
1.08681
1.08702
1.08837
1.08984
1.09061
1.0902
1.08866
1.08643
1.08421
1.08297
1.08342
1.0858
1.08987
1.09488
1.0998
1.10382
1.10659
1.10824
1.1094
1.11064
1.11181
1.11191
1.10927
1.10247
1.09112
1.07606
1.05951
1.04437
1.03348
1.0287
1.03043
1.03751
1.04763
1.058
1.06589
1.06933
1.06728
1.05975
1.04762
1.03249
1.01657
1.0024
0.992836
0.9905
0.997172
1.01321
1.03722
1.06645
1.09746
1.12699
1.15254
1.1726
1.18641
1.19398
1.19576
1.19242
1.18477
1.1738
1.16048
1.14592
1.13105
1.11672
1.10331
1.09083
1.07915
1.0684
1.05943
1.05396
1.05403
1.06104
1.07466
1.09239
1.11021
1.1239
1.1305
1.12925
1.12168
1.11108
1.10118
1.09477
1.093
1.09504
1.09885
1.10212
1.10315
1.10138
1.09743
1.09256
1.08798
1.08418
1.08082
1.07714
1.0726
1.06746
1.0629
1.06072
1.0625
1.06868
1.07792
1.08762
1.09508
1.0983
1.09642
1.0897
1.07926
1.06654
1.05289
1.03935
1.02668
1.01553
1.00656
1.0005
0.998066
0.999961
1.00659
1.01778
1.03285
1.05079
1.07045
1.09068
1.11006
1.12701
1.13966
1.1463
1.14599
1.13912
1.12772
1.11469
1.10281
1.09397
1.08881
1.08722
1.08873
1.09273
1.09858
1.10565
1.11326
1.12058
1.12669
1.13042
1.13051
1.12573
1.11556
1.10038
1.08171
1.06198
1.04395
1.03001
1.02167
1.01925
1.02193
1.02801
1.03535
1.04196
1.04667
1.04949
1.05113
1.05243
1.05385
1.05545
1.05738
1.06025
1.06509
1.07273
1.08335
1.09613
1.1093
1.12076
1.12881
1.13246
1.1315
1.1262
1.11711
1.10511
1.09195
1.08057
1.07427
1.07479
1.08127
1.09105
1.10147
1.11104
1.11941
1.12697
1.13431
1.14198
1.14993
1.15735
1.16293
1.16524
1.16331
1.15675
1.14535
1.1291
1.10835
1.08417
1.05865
1.03469
1.01535
1.00304
0.998906
1.00293
1.0143
1.03147
1.05254
1.07506
1.09612
1.1129
1.12356
1.12779
1.12679
1.12235
1.11582
1.10771
1.09814
1.08748
1.07649
1.06616
1.0575
1.05132
1.0482
1.04855
1.05242
1.0593
1.06811
1.07735
1.08541
1.09095
1.09331
1.09245
1.08893
1.08378
1.07805
1.07231
1.06684
1.06153
1.05629
1.05119
1.04654
1.04279
1.04034
1.03949
1.04027
1.04258
1.0463
1.0513
1.05753
1.06504
1.07392
1.08417
1.09555
1.10723
1.1178
1.12541
1.12816
1.12446
1.11353
1.09582
1.07304
1.04821
1.02508
1.00752
0.998733
1.00062
1.01323
1.03476
1.06218
1.09187
1.12068
1.14654
1.16869
1.18728
1.2026
1.21454
1.22252
1.22566
1.22343
1.21589
1.20354
1.18717
1.16778
1.14636
1.12393
1.1014
1.07971
1.05967
1.04194
1.02733
1.01692
1.0123
1.01516
1.02623
1.0443
1.06585
1.08609
1.10044
1.106
1.10206
1.08989
1.07211
1.05208
1.03333
1.01901
1.01165
1.01292
1.0232
1.04128
1.06429
1.08823
1.10875
1.12204
1.12578
1.11974
1.10642
1.09062
1.07786
1.0717
1.0722
1.07721
1.08456
1.09293
1.10173
1.11039
1.11813
1.12412
1.12788
1.12895
1.12672
1.12032
1.1092
1.09416
1.07767
1.06369
1.0561
1.05731
1.06736
1.08391
1.10309
1.12087
1.13377
1.13953
1.13715
1.12681
1.10993
1.08914
1.06809
1.05091
1.04124
1.04108
1.05
1.06546
1.08406
1.10265
1.11904
1.13206
1.14144
1.14758
1.15134
1.15366
1.15521
1.15601
1.15559
1.15329
1.14854
1.14108
1.13081
1.11768
1.10155
1.08246
1.06119
1.03977
1.02145
1.00986
1.00743
1.01411
1.02737
1.04313
1.0572
1.06613
1.06774
1.06124
1.04747
1.02902
1.00998
0.995004
0.987913
0.990712
1.00327
1.02398
1.05073
1.08136
1.11373
1.14559
1.1745
1.19799
1.21404
1.22141
1.21995
1.2108
1.19598
1.17792
1.15892
1.1408
1.12468
1.11105
1.09946
1.08881
1.07762
1.06446
1.04873
1.0309
1.01263
0.996295
0.984348
0.978541
0.97958
0.987216
1.00059
1.01888
1.04123
1.0666
1.09339
1.11912
1.14081
1.15548
1.16082
1.1557
1.14048
1.11708
1.08854
1.05848
1.03057
1.00797
0.993007
0.986925
0.989826
1.00089
1.01844
1.04059
1.06557
1.09182
1.11803
1.14303
1.16549
1.18402
1.19745
1.20507
1.20694
1.2039
1.19741
1.1891
1.18048
1.17253
1.16518
1.15723
1.14683
1.13206
1.11159
1.08523
1.05415
1.0209
0.989184
0.963129
0.946249
0.940358
0.945085
0.958272
0.97694
0.998237
1.01995
1.04086
1.06068
1.07983
1.09888
1.11802
1.13649
1.15268
1.16461
1.17066
1.17027
1.16408
1.1537
1.14132
1.12898
1.11825
1.11032
1.10603
1.10589
1.11018
1.11866
1.13012
1.14221
1.15187
1.15625
1.15364
1.14366
1.12736
1.10708
1.08584
1.06684
1.05259
1.04458
1.04311
1.04741
1.05592
1.06666
1.07751
1.08664
1.09258
1.09428
1.09114
1.08294
1.07006
1.05367
1.03609
1.02076
1.01111
1.00912
1.01471
1.02643
1.0422
1.05975
1.07671
1.09104
1.10142
1.10732
1.10893
1.10691
1.10218
1.09591
1.08921
1.08301
1.07814
1.07538
1.07544
1.07861
1.0846
1.09235
1.10018
1.10626
1.10917
1.10828
1.10391
1.09722
1.08991
1.08386
1.08055
1.08097
1.08526
1.0927
1.10183
1.11063
1.11694
1.11911
1.11631
1.10869
1.09722
1.08325
1.06839
1.05466
1.04458
1.041
1.0463
1.06157
1.086
1.11696
1.15045
1.18203
1.20769
1.22404
1.22867
1.22013
1.19832
1.16474
1.12248
1.07578
1.02948
0.988051
0.955365
0.934578
0.927681
0.934973
0.954703
0.983412
1.01682
1.05057
1.08079
1.10454
1.12002
1.1267
1.12533
1.11761
1.10598
1.09347
1.0832
1.07784
1.07875
1.0857
1.09727
1.11164
1.12739
1.14348
1.15943
1.17488
1.18936
1.20203
1.21153
1.21631
1.21493
1.20655
1.19125
1.17003
1.14453
1.11687
1.0893
1.06399
1.04265
1.0259
1.01331
1.00404
0.997734
0.995081
0.99751
1.00635
1.02177
1.04219
1.06454
1.08504
1.10033
1.10839
1.10901
1.10329
1.09304
1.08004
1.06565
1.05071
1.03598
1.02228
1.01069
1.00252
0.999143
1.00157
1.01
1.02373
1.04125
1.06047
1.07931
1.09631
1.11081
1.12297
1.13316
1.14156
1.14792
1.15167
1.15239
1.15012
1.14551
1.13986
1.13454
1.13043
1.12745
1.12444
1.1195
1.11084
1.09755
1.08004
1.06014
1.04072
1.02483
1.01481
1.01167
1.01526
1.02478
1.03946
1.05859
1.08148
1.10712
1.13379
1.15899
1.17966
1.19291
1.19671
1.19079
1.17695
1.15865
1.1399
1.12398
1.11254
1.10592
1.10382
1.1059
1.11192
1.12149
1.13342
1.14542
1.15475
1.15897
1.15649
1.1469
1.13058
1.10841
1.08203
1.05386
1.02711
1.00507
0.990361
0.984287
0.986756
0.996685
1.01243
1.03214
1.05393
1.07587
1.09616
1.11308
1.12493
1.13005
1.12735
1.11696
1.10031
1.07996
1.05911
1.04089
1.02762
1.0207
1.02084
1.02806
1.04175
1.06049
1.08209
1.10389
1.12341
1.13876
1.14902
1.15445
1.1562
1.15558
1.15348
1.15017
1.14568
1.14008
1.13371
1.12689
1.11983
1.11229
1.10399
1.09472
1.08467
1.07453
1.06524
1.05777
1.05278
1.05044
1.05029
1.05129
1.05195
1.0507
1.04648
1.03909
1.02948
1.0194
1.01081
1.00507
1.00258
1.00285
1.00517
1.00907
1.01442
1.02129
1.02953
1.03859
1.04758
1.05552
1.06175
1.06639
1.07054
1.07603
1.0845
1.09688
1.11287
1.131
1.14916
1.16501
1.17658
1.18234
1.18135
1.17333
1.15878
1.13905
1.11654
1.09444
1.0763
1.06529
1.06344
1.07123
1.08728
1.10847
1.13054
2.11266
2.09068
2.03101
1.93722
1.81894
1.69146
1.57262
1.47752
1.41468
1.38549
1.38636
1.41125
1.45384
1.50849
1.56971
1.63145
1.68683
1.72931
1.75403
1.75871
1.74351
1.71056
1.66386
1.60906
1.55293
1.50238
1.463
1.438
1.42783
1.4307
1.44354
1.46257
1.48377
1.50335
1.51837
1.52755
1.53145
1.5323
1.53347
1.53833
1.54939
1.5675
1.59163
1.61884
1.6451
1.66644
1.67995
1.68429
1.67925
1.66513
1.64255
1.61298
1.57944
1.54651
1.51931
1.50163
1.49444
1.49606
1.5038
1.51546
1.52994
1.54669
1.56511
1.58463
1.60485
1.62573
1.64679
1.6668
1.68389
1.69614
1.7023
1.70234
1.6976
1.69008
1.68158
1.67296
1.6647
1.65769
1.65314
1.65199
1.65379
1.65616
1.65514
1.64694
1.62999
1.60594
1.57846
1.55108
1.52627
1.50566
1.49055
1.48188
1.48002
1.48491
1.49622
1.51309
1.53354
1.55481
1.57417
1.58972
1.60077
1.6076
1.611
1.61225
1.61354
1.61792
1.62791
1.64317
1.65972
1.67137
1.67281
1.66191
1.64066
1.61433
1.58892
1.56819
1.55291
1.5434
1.54177
1.55027
1.56728
1.58741
1.60556
1.61977
1.63039
1.63821
1.64273
1.64193
1.63365
1.61755
1.59631
1.57474
1.55761
1.54763
1.54562
1.55109
1.56277
1.57912
1.59858
1.6198
1.64147
1.66214
1.67973
1.69216
1.69806
1.6976
1.69234
1.68403
1.6733
1.6593
1.64057
1.61648
1.58836
1.559
1.53154
1.50826
1.48996
1.47585
1.46467
1.45643
1.45396
1.4623
1.48499
1.52052
1.56284
1.60535
1.64371
1.67574
1.70049
1.71784
1.72824
1.73216
1.73011
1.72281
1.71124
1.69665
1.68014
1.66263
1.64516
1.62919
1.61602
1.6054
1.59525
1.58294
1.56753
1.55047
1.53461
1.52232
1.51424
1.51005
1.50997
1.51517
1.52662
1.54331
1.56182
1.57732
1.5851
1.58208
1.56807
1.54668
1.52487
1.51066
1.50976
1.52299
1.5465
1.57463
1.60267
1.62804
1.65024
1.67004
1.68842
1.70593
1.72249
1.73695
1.74685
1.74888
1.74036
1.72106
1.69407
1.6653
1.64165
1.62796
1.62512
1.63037
1.63948
1.6487
1.65491
1.65439
1.64288
1.61703
1.57687
1.5267
1.47449
1.42998
1.40186
1.3949
1.40861
1.43831
1.47756
1.52062
1.56352
1.60389
1.6401
1.67093
1.69529
1.71254
1.72254
1.7257
1.72252
1.71318
1.69765
1.67603
1.64922
1.6193
1.58915
1.56188
1.54016
1.5255
1.51788
1.51616
1.51849
1.52311
1.52866
1.53438
1.54011
1.54619
1.55304
1.56067
1.5684
1.57527
1.58097
1.5858
1.59005
1.59329
1.59452
1.59291
1.58878
1.58387
1.581
1.58275
1.59
1.60103
1.61197
1.61829
1.61678
1.6067
1.58971
1.56904
1.54874
1.53271
1.52387
1.52317
1.5294
1.53942
1.54907
1.55481
1.55539
1.55274
1.55189
1.55954
1.5816
1.62012
1.67137
1.72662
1.77589
1.81136
1.82889
1.82752
1.80836
1.77396
1.72802
1.67528
1.62155
1.57321
1.53641
1.51629
1.51555
1.53319
1.56404
1.6002
1.63385
1.65965
1.67508
1.67958
1.67358
1.65831
1.63581
1.60924
1.5821
1.55758
1.53813
1.52553
1.52095
1.52488
1.53656
1.55383
1.57367
1.59301
1.60926
1.62024
1.62389
1.61834
1.60251
1.57654
1.54205
1.5022
1.46145
1.4254
1.39989
1.38975
1.39803
1.42575
1.47116
1.5294
1.59318
1.65443
1.70613
1.74348
1.76406
1.76762
1.75602
1.73334
1.70586
1.68059
1.66251
1.65188
1.64473
1.63623
1.62404
1.60945
1.59605
1.587
1.58282
1.58138
1.5797
1.57627
1.57227
1.57109
1.57639
1.58988
1.61056
1.6357
1.66233
1.68798
1.71074
1.72852
1.73893
1.73967
1.72881
1.70554
1.67051
1.62619
1.57731
1.53016
1.49115
1.46428
1.44984
1.44491
1.44614
1.45217
1.46398
1.48314
1.50981
1.54196
1.57617
1.60904
1.63826
1.66262
1.68138
1.69412
1.70049
1.7003
1.69353
1.68072
1.66374
1.64618
1.63244
1.62582
1.62639
1.63075
1.63384
1.63135
1.62166
1.60608
1.58763
1.56976
1.55494
1.54477
1.54004
1.54081
1.54598
1.55324
1.55979
1.56365
1.56458
1.56455
1.56728
1.57653
1.59327
1.61476
1.63702
1.65823
1.68025
1.70617
1.73648
1.7669
1.78942
1.7957
1.78091
1.746
1.69809
1.64813
1.60654
1.57933
1.56712
1.56723
1.57583
1.58871
1.60141
1.6093
1.60853
1.59731
1.57668
1.55055
1.52422
1.50273
1.48977
1.48737
1.49602
1.51454
1.5398
1.56733
1.59259
1.61234
1.62509
1.63082
1.63068
1.62647
1.62026
1.6148
1.61408
1.62228
1.64016
1.66261
1.68101
1.68818
1.68085
1.65933
1.62624
1.58596
1.54434
1.50826
1.48475
1.4792
1.49364
1.5259
1.57026
1.61927
1.66555
1.70308
1.72789
1.73844
1.73548
1.72146
1.69958
1.67295
1.64419
1.61556
1.58911
1.56682
1.55079
1.5427
1.54286
1.54946
1.55871
1.56629
1.56931
1.56766
1.56431
1.56475
1.57483
1.5972
1.62959
1.66587
1.69961
1.72641
1.74416
1.75216
1.75026
1.73854
1.71753
1.68858
1.65389
1.61606
1.5776
1.54078
1.50807
1.48212
1.46518
1.45832
1.46105
1.47185
1.48881
1.5096
1.53121
1.55061
1.5655
1.57507
1.5802
1.58278
1.58548
1.59134
1.60337
1.62311
1.649
1.67714
1.70449
1.73097
1.75646
1.77638
1.78277
1.76975
1.73695
1.68924
1.63517
1.58547
1.55036
1.53605
1.54222
1.56273
1.58858
1.61089
1.6225
1.61907
1.59972
1.56665
1.52482
1.48044
1.43971
1.40774
1.38744
1.37914
1.38108
1.39099
1.40772
1.43235
1.46728
1.51337
1.56777
1.62394
1.67414
1.71234
1.73527
1.74308
1.73841
1.72517
1.70725
1.68796
1.66974
1.65417
1.64166
1.6318
1.62422
1.61971
1.62093
1.63084
1.64961
1.67338
1.69614
1.71316
1.72235
1.7234
1.71635
1.7013
1.6789
1.65109
1.6208
1.5909
1.56338
1.53942
1.51992
1.50582
1.49774
1.49498
1.49557
1.49709
1.498
1.49819
1.49877
1.50168
1.50891
1.52242
1.54361
1.57269
1.60834
1.64781
1.68775
1.72489
1.75606
1.77818
1.78896
1.78801
1.77735
1.76099
1.74324
1.72671
1.71104
1.6936
1.67149
1.64338
1.61004
1.57389
1.53852
1.50856
1.48938
1.48577
1.4995
1.52744
1.56206
1.59381
1.61453
1.61948
1.60853
1.58602
1.55907
1.535
1.51948
1.51607
1.52592
1.54699
1.57421
1.60199
1.62611
1.64417
1.65507
1.65886
1.65596
1.64628
1.62948
1.60671
1.58203
1.5621
1.55346
1.55941
1.57809
1.60291
1.6251
1.63659
1.63259
1.61268
1.58053
1.54236
1.50517
1.47507
1.45639
1.45097
1.45845
1.47689
1.50334
1.53449
1.56722
1.59894
1.62769
1.6521
1.67151
1.68579
1.69515
1.7
1.70086
1.69876
1.69535
1.69286
1.69327
1.6978
1.7064
1.7176
1.72905
1.73832
1.74342
1.74328
1.73733
1.72567
1.70891
1.68818
1.66528
1.64219
1.62103
1.60331
1.58962
1.57964
1.57254
1.56784
1.56556
1.56562
1.56653
1.56546
1.55979
1.54906
1.53567
1.52393
1.51803
1.51999
1.52928
1.54362
1.56044
1.57741
1.59251
1.60426
1.61218
1.61693
1.61964
1.62115
1.62182
1.62199
1.62234
1.62351
1.62539
1.62669
1.62516
1.61859
1.60555
1.58608
1.56194
1.5362
1.5122
1.49272
1.47929
1.47201
1.4694
1.46869
1.46705
1.46312
1.45802
1.45503
1.45848
1.47231
1.49905
1.53856
1.58735
1.63933
1.68741
1.72521
1.74817
1.75392
1.74252
1.71669
1.68189
1.64563
1.61619
1.60052
1.60209
1.61957
1.64733
1.67719
1.70112
1.71362
1.713
1.7019
1.68562
1.6694
1.65537
1.64185
1.625
1.60208
1.57431
1.54769
1.52986
1.52446
1.52874
1.53717
1.5467
1.55819
1.57372
1.59336
1.615
1.6366
1.65705
1.67476
1.68676
1.69016
1.68405
1.67024
1.65202
1.63154
1.60917
1.58517
1.56162
1.54262
1.53266
1.53393
1.54466
1.55964
1.57253
1.57821
1.57417
1.56052
1.53976
1.51611
1.49462
1.48008
1.47556
1.48173
1.49716
1.51923
1.54546
1.57394
1.60324
1.63167
1.65658
1.67501
1.68474
1.68542
1.67905
1.66937
1.66065
1.65635
1.65795
1.66426
1.67213
1.6781
1.68058
1.68024
1.67818
1.67439
1.66791
1.65781
1.64389
1.62669
1.60764
1.589
1.57323
1.56111
1.55056
1.53709
1.51695
1.49082
1.46542
1.45117
1.45658
1.48301
1.52447
1.57212
1.61863
1.65966
1.69319
1.71864
1.73592
1.74432
1.74185
1.72576
1.69404
1.64743
1.59052
1.53225
1.48489
1.46016
1.46315
1.48919
1.5272
1.56603
1.59812
1.61975
1.6301
1.63003
1.62151
1.60706
1.5895
1.57137
1.55463
1.54103
1.53272
1.53215
1.54111
1.55919
1.58327
1.60852
1.63062
1.64738
1.65852
1.66443
1.66517
1.66061
1.65136
1.63944
1.62764
1.61789
1.61003
1.60219
1.59267
1.58154
1.57041
1.56085
1.55337
1.54782
1.54414
1.54276
1.54495
1.55308
1.5697
1.59544
1.62717
1.65877
1.68377
1.69784
1.70011
1.69317
1.68177
1.6712
1.66574
1.66734
1.67464
1.68292
1.68679
1.68277
1.67055
1.65203
1.63009
1.60753
1.58624
1.5672
1.55089
1.53806
1.52964
1.52637
1.52879
1.53698
1.55032
1.56699
1.58464
1.60203
1.6195
1.638
1.65726
1.67535
1.68954
1.69714
1.69579
1.68369
1.66043
1.62757
1.58863
1.54853
1.51288
1.48771
1.47943
1.4929
1.52872
1.58167
1.64235
1.70026
1.74648
1.77472
1.78197
1.76883
1.73913
1.69904
1.65559
1.61511
1.58155
1.55587
2.07116
2.02863
1.97468
1.91573
1.86303
1.82844
1.81819
1.82933
1.85285
1.87917
1.9016
1.91606
1.91986
1.91178
1.89487
1.87951
1.87752
1.88864
1.89971
1.89877
1.88356
1.85877
1.82975
1.79937
1.76889
1.74037
1.71739
1.70311
1.6984
1.70193
1.71219
1.72914
1.75411
1.78806
1.82994
1.876
1.92022
1.95597
1.9784
1.98644
1.98221
1.96887
1.94834
1.9213
1.88904
1.85517
1.82556
1.80674
1.80361
1.81792
1.84819
1.89116
1.94294
1.9989
2.0527
2.09655
2.12307
2.12797
2.11185
2.07993
2.04069
2.00342
1.97539
1.95976
1.95486
1.95579
1.957
1.9551
1.95027
1.94567
1.94463
1.94757
1.95078
1.94769
1.93223
1.90183
1.8591
1.81115
1.76691
1.73372
1.71549
1.71257
1.72273
1.74242
1.76787
1.79599
1.82486
1.85378
1.88224
1.90839
1.92798
1.93588
1.9287
1.90694
1.87585
1.84432
1.82238
1.81791
1.83404
1.86852
1.91513
1.9663
2.01517
2.05681
2.0883
2.10835
2.11685
2.11466
2.10316
2.08388
2.05802
2.0262
1.98889
1.9469
1.90231
1.85921
1.82323
1.79962
1.79001
1.79068
1.79445
1.79383
1.78343
1.76141
1.73078
1.69931
1.67739
1.6744
1.69521
1.73842
1.79695
1.86048
1.91883
1.96478
1.99518
2.01034
2.01256
2.00496
1.99018
1.97022
1.94688
1.92233
1.89906
1.87884
1.86258
1.85115
1.84488
1.84214
1.83916
1.8318
1.81869
1.80241
1.78838
1.78197
1.78576
1.79951
1.82177
1.85162
1.8885
1.92935
1.96777
1.99725
2.01613
2.02772
2.03456
2.03506
2.02748
2.01459
2.00301
1.99928
2.0064
2.02271
2.04275
2.05981
2.06827
2.06495
2.04922
2.02284
1.9896
1.95462
1.92278
1.89753
1.87992
1.86872
1.86151
1.85604
1.85075
1.84456
1.83581
1.82222
1.80143
1.77215
1.73551
1.69604
1.66127
1.63976
1.63775
1.65631
1.69104
1.73426
1.77895
1.82119
1.85995
1.8953
1.92658
1.95231
1.97108
1.98283
1.98943
1.99392
1.99823
2.00131
1.99994
1.9911
1.97392
1.94991
1.92269
1.89823
1.88404
1.88566
1.9033
1.93186
1.96309
1.98823
2.00019
1.99539
1.97446
1.94175
1.9038
1.86762
1.8387
1.81906
1.80627
1.79516
1.78174
1.76621
1.75278
1.74666
1.75135
1.7677
1.79465
1.82966
1.86892
1.90826
1.94451
1.97569
1.99977
2.01376
2.01428
1.99902
1.968
1.92415
1.87266
1.81964
1.77042
1.72865
1.69657
1.67575
1.66735
1.67187
1.68858
1.71564
1.75033
1.78918
1.82852
1.86508
1.89658
1.92183
1.94067
1.9541
1.96432
1.97413
1.98548
1.99846
2.01109
2.02062
2.0243
2.0203
2.00896
1.99332
1.97812
1.96774
1.96409
1.9658
1.96853
1.96651
1.95433
1.92899
1.89067
1.84289
1.79261
1.75109
1.73229
1.74729
1.79688
1.8697
1.948
2.01541
2.06201
2.08492
2.0869
2.07375
2.05207
2.02694
2.0004
1.97143
1.93809
1.9008
1.86351
1.83118
1.80648
1.78982
1.78223
1.78577
1.80193
1.82972
1.86445
1.89842
1.9235
1.93502
1.93485
1.93092
1.93226
1.94273
1.95871
1.97277
1.97901
1.97603
1.96611
1.95273
1.93743
1.91839
1.8922
1.85759
1.81837
1.78269
1.75945
1.75384
1.76518
1.78814
1.81621
1.84499
1.8733
1.90267
1.93575
1.97447
2.01804
2.06131
2.0957
2.11258
2.10707
2.0797
2.03571
1.98315
1.93119
1.88854
1.86164
1.85299
1.85987
1.8752
1.89073
1.90108
1.90597
1.90896
1.91407
1.92276
1.93342
1.94283
1.94791
1.94681
1.93919
1.92627
1.9106
1.89556
1.88422
1.87806
1.87613
1.87616
1.87602
1.87515
1.87457
1.87667
1.88354
1.89471
1.90698
1.91597
1.91863
1.91462
1.90584
1.89486
1.88327
1.871
1.85689
1.83935
1.8177
1.79372
1.77212
1.75849
1.75614
1.76436
1.77993
1.7991
1.81929
1.83991
1.86183
1.88574
1.91067
1.93356
1.94988
1.95452
1.94343
1.91455
1.86896
1.81185
1.75334
1.70735
1.68782
1.70232
1.74781
1.81203
1.87994
1.93999
1.98643
2.01879
2.03971
2.05241
2.05892
2.05993
2.05552
2.04639
2.03471
2.02378
2.01608
2.01125
2.00664
1.99918
1.98752
1.97267
1.95755
1.94593
1.94066
1.94183
1.94628
1.9493
1.9473
1.93949
1.92773
1.91542
1.906
1.90173
1.90279
1.90697
1.91045
1.90933
1.90088
1.88378
1.85769
1.82332
1.78356
1.74364
1.71051
1.69184
1.69465
1.72128
1.7644
1.8096
1.84451
1.86424
1.87066
1.86956
1.86802
1.87225
1.88539
1.90603
1.92826
1.94377
1.94527
1.93002
1.90112
1.86649
1.83523
1.81408
1.80564
1.8091
1.8219
1.8412
1.86464
1.89037
1.91682
1.94256
1.96601
1.98521
1.99811
2.00373
2.00274
1.9966
1.98536
1.96628
1.93637
1.89646
1.85383
1.81952
1.80172
1.80186
1.81564
1.83658
1.85905
1.88002
1.89915
1.91707
1.93338
1.94593
1.95229
1.95148
1.94531
1.93746
1.93157
1.92893
1.92777
1.92438
1.91531
1.89921
1.87794
1.85641
1.84105
1.8367
1.84395
1.8589
1.87607
1.89163
1.90481
1.91733
1.93126
1.94675
1.96092
1.96877
1.9656
1.94944
1.92224
1.88988
1.85995
1.83777
1.82334
1.8131
1.80487
1.80083
1.80569
1.82259
1.85116
1.88866
1.93163
1.97669
2.0204
2.05932
2.0911
2.11503
2.13048
2.13521
2.12727
2.10772
2.08018
2.04828
2.01421
1.97914
1.94371
1.90787
1.87109
1.83336
1.79663
1.76443
1.73955
1.72339
1.71774
1.72558
1.7474
1.77749
1.80604
1.82557
1.83466
1.8377
1.84175
1.85294
1.87385
1.90251
1.93308
1.95859
1.97358
1.97568
1.96588
1.94741
1.92488
1.90382
1.89015
1.88892
1.90195
1.92602
1.95373
1.97689
1.99024
1.99273
1.98609
1.97143
1.94747
1.91165
1.86335
1.80678
1.7512
1.70851
1.6888
1.69605
1.72693
1.77358
1.82773
1.88273
1.93341
1.97614
2.00948
2.03417
2.0514
2.06077
2.06007
2.04622
2.01693
1.97197
1.91447
1.85141
1.79288
1.74964
1.72958
1.73496
1.76191
1.80284
1.84951
1.89549
1.93687
1.97125
1.99599
2.00864
2.00936
2.00208
1.99314
1.98873
1.99206
2.00234
2.01553
2.02671
2.03223
2.03069
2.02272
2.00978
1.99328
1.97367
1.95049
1.92309
1.89141
1.85652
1.82071
1.78681
1.75758
1.7354
1.72226
1.71907
1.72439
1.73387
1.74182
1.74429
1.74059
1.73261
1.72363
1.71764
1.71869
1.72999
1.75264
1.78466
1.82122
1.85576
1.88166
1.89433
1.89292
1.88083
1.86414
1.84928
1.84107
1.84141
1.84892
1.85959
1.8696
1.87819
1.88677
1.89494
1.89929
1.89674
1.88782
1.87616
1.86591
1.85962
1.85761
1.85891
1.86262
1.86887
1.87857
1.89251
1.91013
1.92961
1.94877
1.96544
1.97784
1.98499
1.9869
1.98489
1.98073
1.97555
1.97015
1.96607
1.96583
1.97115
1.98084
1.99011
1.9924
1.9821
1.95673
1.91872
1.87516
1.83469
1.80332
1.78328
1.77427
1.77462
1.78114
1.79017
1.79921
1.80826
1.81973
1.83674
1.86133
1.89404
1.93421
1.97836
2.01949
2.04938
2.06169
2.05387
2.02753
1.98808
1.94368
1.90322
1.87304
1.85422
1.84283
1.83334
1.82278
1.81217
1.80493
1.80377
1.80827
1.81522
1.82076
1.82249
1.81977
1.81341
1.8048
1.79559
1.78784
1.78435
1.78853
1.80267
1.8259
1.8527
1.87506
1.88764
1.89133
1.892
1.89625
1.90802
1.92725
1.94957
1.968
1.97628
1.97244
1.95927
1.94224
1.92632
1.91393
1.90455
1.89662
1.88958
1.88491
1.88477
1.88944
1.89689
1.90515
1.91423
1.92581
1.94116
1.96005
1.98069
2.00032
2.01595
2.02476
2.02501
2.01703
2.00374
1.9892
1.9768
1.96824
1.96436
1.96546
1.97048
1.9753
1.9736
1.96081
1.93833
1.91367
1.89452
1.88185
1.87026
1.85447
1.83405
1.81341
1.79858
1.79364
1.79917
1.8129
1.83082
1.84844
1.86236
1.87068
1.87163
1.86307
1.84404
1.81683
1.78809
1.76728
1.76201
1.77371
1.79697
1.82361
1.84715
1.8649
1.87701
1.8841
1.88508
1.87725
1.85831
1.82888
1.794
1.76255
1.74399
1.74459
1.76504
1.80124
1.84675
1.89499
1.94011
1.97753
2.0044
2.01991
2.02474
2.01914
2.00236
1.9742
1.93757
1.89959
1.86964
1.85495
1.85696
1.8716
1.89258
1.9143
1.93319
1.94749
1.95683
1.96233
1.96608
1.97005
1.97406
1.97613
1.97523
1.97357
1.97467
1.97999
1.98807
1.99571
1.9999
1.9985
1.98973
1.97155
1.94163
1.89904
1.84612
1.78929
1.7385
1.70512
1.69705
1.71338
1.74509
1.78051
1.81061
1.83073
1.83999
1.84041
1.83591
1.83105
1.82944
1.83263
1.84012
1.84993
1.85971
1.86737
1.87228
1.87563
1.87941
1.88496
1.89245
1.90115
1.91044
1.92004
1.92988
1.93909
1.9454
1.94545
1.93617
1.91659
1.88909
1.8589
1.83229
1.81468
1.80992
1.81964
1.84255
1.87416
1.90802
1.93745
1.95742
1.96564
1.96361
1.95549
1.94565
1.93668
1.92949
1.92445
1.92176
1.92112
1.92183
1.92357
1.92665
1.9321
1.94019
1.94914
1.95511
1.95356
1.94125
1.91756
1.88473
1.84764
1.81282
1.7871
1.77506
1.77769
1.79241
1.81321
1.83271
1.84521
1.84939
1.84822
1.84763
1.85402
1.87161
1.90072
1.9378
1.97634
2.00873
2.02823
2.03076
2.01613
1.98932
1.95982
1.93774
1.92766
1.92611
1.92468
1.91459
1.88966
1.84872
1.79778
1.74997
1.72093
1.721
1.74932
1.79557
1.84667
1.89216
1.92593
1.94537
1.94984
1.94053
1.92087
1.89727
1.87828
1.87134
2.10496
2.11547
2.12584
2.13135
2.13123
2.12892
2.13047
2.14085
2.16064
2.18551
2.2094
2.22695
2.23396
2.22733
2.2054
2.16913
2.12196
2.06861
2.01417
1.96389
1.92363
1.89861
1.89155
1.90175
1.92469
1.95241
1.97476
1.98362
1.97707
1.96011
1.94143
1.9289
1.92527
1.92717
1.92783
1.922
1.9084
1.88982
1.871
1.85676
1.85061
1.85417
1.86712
1.88763
1.91351
1.94228
1.97108
1.9964
2.01477
2.02473
2.02857
2.03207
2.04151
2.06005
2.08594
2.11316
2.13388
2.14136
2.13221
2.10715
2.0707
2.0295
1.98998
1.95629
1.92894
1.90481
1.87923
1.84938
1.81781
1.79338
1.78755
1.80762
1.8515
1.9094
1.96968
2.02371
2.06675
2.09644
2.11196
2.11449
2.10794
2.09877
2.09398
2.09783
2.10948
2.12431
2.13738
2.14672
2.1534
2.15972
2.16686
2.17349
2.17643
2.17259
2.16055
2.14102
2.11591
2.08751
2.05749
2.02648
1.9945
1.96157
1.92841
1.89651
1.86836
1.84702
1.83485
1.83154
1.83378
1.83709
1.83894
1.84016
1.8429
1.84789
1.8537
1.85859
1.86232
1.86712
1.87748
1.89819
1.93106
1.97248
2.01472
2.05072
2.07789
2.09775
2.11251
2.12186
2.12256
2.10989
2.08041
2.03478
1.97923
1.92478
1.88437
1.86863
1.88268
1.92572
1.99248
2.07431
2.15983
2.23734
2.29756
2.33569
2.35143
2.34752
2.32826
2.29794
2.25961
2.21491
2.16466
2.11102
2.05964
2.01786
1.98834
1.96526
1.93873
1.90338
1.86253
1.82572
1.80323
1.80091
1.81788
1.8482
1.88456
1.92035
1.95083
1.97314
1.98681
1.99351
1.9953
1.9924
1.98242
1.96235
1.93238
1.89793
1.86798
1.85035
1.84787
1.85864
1.87904
1.90637
1.93946
1.97735
2.01845
2.05989
2.09749
2.1265
2.14393
2.15069
2.15096
2.14933
2.14843
2.14935
2.15224
2.15548
2.15563
2.14873
2.13224
2.10661
2.07466
2.04011
2.00629
1.97593
1.95223
1.93945
1.94064
1.95406
1.97256
1.98758
1.9944
1.99456
1.99417
1.99985
2.01442
2.03454
2.05304
2.06396
2.06633
2.06366
2.06077
2.06049
2.06224
2.06308
2.06036
2.05337
2.04355
2.03381
2.02713
2.02512
2.02635
2.02641
2.02057
2.00784
1.99389
1.98826
1.99741
2.02026
2.04941
2.07505
2.088
2.08253
2.05896
2.02448
1.99072
1.96821
1.96069
1.96419
1.97145
1.97734
1.98062
1.98282
1.98604
1.9909
1.99551
1.99617
1.98916
1.97276
1.94829
1.92014
1.89519
1.88024
1.87886
1.8897
1.90809
1.92906
1.9493
1.9673
1.98261
1.99455
2.00161
2.00211
1.9955
1.98413
1.97351
1.97091
1.98205
2.00817
2.04508
2.08446
2.11664
2.13331
2.12966
2.10578
2.06718
2.02367
1.98648
1.96484
1.96351
1.98214
2.01571
2.05599
2.09361
2.12093
2.13442
2.13546
2.1289
2.11945
2.10812
2.09234
2.0699
2.0425
2.01593
1.9965
1.98721
1.98683
1.99173
1.99855
2.00457
2.0073
2.00429
1.99489
1.98119
1.96707
1.95549
1.94596
1.93505
1.91891
1.89648
1.87171
1.85334
1.85036
1.86571
1.89517
1.9325
1.97387
2.01738
2.0608
2.10046
2.13213
2.15236
2.15926
2.15292
2.13567
2.11267
2.0921
2.08258
2.08699
2.09861
2.1064
2.10335
2.08954
2.07005
2.05053
2.03362
2.01832
2.00283
1.98815
1.97908
1.98187
2.00029
2.03314
2.07449
2.11572
2.14814
2.16552
2.16501
2.14712
2.11514
2.07435
2.03069
1.98981
1.95668
1.93582
1.9308
1.94245
1.96717
1.99791
2.02707
2.04927
2.06314
2.07169
2.08016
2.09211
2.10673
2.11998
2.12761
2.12678
2.11588
2.09413
2.06207
2.02236
1.97908
1.93687
1.90076
1.87555
1.86395
1.86539
1.8773
1.89793
1.92737
1.96519
2.00765
2.04711
2.07534
2.08774
2.0858
2.07519
2.06104
2.04579
2.03033
2.01602
2.00439
1.99572
1.98922
1.98387
1.9795
1.97755
1.98177
1.99679
2.02375
2.05656
2.08354
2.0933
2.08065
2.04851
2.00585
1.96411
1.93391
1.9222
1.93097
1.95719
1.99376
2.03139
2.06259
2.08627
2.10773
2.1319
2.15831
2.18409
2.20735
2.22638
2.23822
2.23897
2.2247
2.19328
2.1463
2.09034
2.03652
1.99688
1.97954
1.98503
2.00675
2.0338
2.05442
2.05979
2.04799
2.02439
1.99805
1.9762
1.96131
1.95278
1.94995
1.95265
1.95988
1.96981
1.98046
1.98985
1.9953
1.99286
1.97846
1.95005
1.91019
1.86672
1.82998
1.80828
1.80496
1.81858
1.84534
1.88112
1.9223
1.96514
2.0055
2.03934
2.0644
2.08157
2.0942
2.10538
2.11507
2.1197
2.11532
2.10188
2.08487
2.07249
2.0705
2.0799
2.09789
2.1203
2.14375
2.16692
2.18965
2.21082
2.22693
2.23326
2.2265
2.20706
2.17928
2.14973
2.12392
2.10371
2.08687
2.06909
2.04675
2.01797
1.98265
1.9423
1.90014
1.86035
1.82723
1.80448
1.79468
1.79875
1.81514
1.8398
1.86799
1.89635
1.92324
1.94732
1.96599
1.97503
1.97027
1.95023
1.91723
1.87789
1.84274
1.82395
1.83158
1.86981
1.93443
2.01418
2.09568
2.16772
2.22239
2.25405
2.2594
2.23798
2.19313
2.13179
2.06358
1.9991
1.94788
1.91618
1.90566
1.9135
1.93402
1.96094
1.98887
2.01379
2.03323
2.04599
2.05178
2.05115
2.04565
2.03888
2.03646
2.04495
2.06925
2.10986
2.1613
2.21336
2.25403
2.27331
2.26591
2.23242
2.17932
2.11815
2.06281
2.02365
2.00178
1.99059
1.98237
1.97322
1.96318
1.9537
1.94524
1.93674
1.92601
1.91116
1.89327
1.87866
1.87732
1.89552
1.92924
1.96555
1.99082
1.99814
1.98963
1.97358
1.95879
1.9497
1.94531
1.94195
1.93715
1.93216
1.93144
1.94007
1.96065
1.99127
2.02542
2.05515
2.07601
2.08974
2.10147
2.11427
2.12653
2.13417
2.13452
2.12805
2.11744
2.10619
2.0972
2.09181
2.08952
2.08773
2.08307
2.07317
2.05795
2.03961
2.0212
2.00477
1.98989
1.97329
1.95093
1.92098
1.88607
1.85325
1.83158
1.82746
1.84038
1.8624
1.88239
1.89235
1.89151
1.88666
1.8891
1.90914
1.95121
2.01108
2.07751
2.13708
2.1801
2.20345
2.209
2.20051
2.1822
2.15939
2.13819
2.12301
2.11402
2.10793
2.10134
2.09284
2.08247
2.07043
2.05581
2.03669
2.01134
1.97994
1.94607
1.91576
1.89501
1.88661
1.88869
1.89622
1.90402
1.90963
1.91391
1.92031
1.93313
1.9557
1.98853
2.02792
2.06668
2.09647
2.11095
2.10764
2.08783
2.0558
2.01816
1.9831
1.95906
1.95198
1.96315
1.98876
2.02142
2.05242
2.07322
2.07734
2.06224
2.03141
1.99434
1.96371
1.9506
1.95922
1.98486
2.01682
2.04382
2.05806
2.0568
2.04254
2.02213
2.00441
1.9968
2.00183
2.01612
2.03265
2.04458
2.04839
2.04411
2.03407
2.02098
2.00642
1.99024
1.97187
1.95135
1.93022
1.91276
1.90656
1.91949
1.95441
2.00667
2.06676
2.12489
2.17419
2.21111
2.23457
2.24473
2.24204
2.22627
2.19584
2.14845
2.08301
2.00187
1.91306
1.83034
1.77
1.74595
1.76365
1.81537
1.88443
1.95568
2.02102
2.07722
2.12393
2.16299
2.19603
2.222
2.2373
2.23849
2.22383
2.19309
2.14726
2.08892
2.02295
1.9572
1.90162
1.86606
1.8571
1.87502
1.9131
1.95996
2.00396
2.03686
2.05509
2.05905
2.05193
2.03853
2.02373
2.01116
2.00274
1.99823
1.9955
1.99191
1.98643
1.98
1.97404
1.96833
1.96047
1.94758
1.92892
1.90778
1.8907
1.88434
1.89233
1.91412
1.94664
1.98638
2.03046
2.07655
2.12216
2.16388
2.19709
2.21597
2.21459
2.18882
2.13822
2.0676
1.98766
1.91405
1.86362
1.84779
1.86712
1.91181
1.96777
2.02283
2.06992
2.10673
2.13274
2.14703
2.14772
2.13378
2.10758
2.07604
2.04915
2.03341
2.02615
2.02
2.01191
2.00507
2.00389
2.0096
2.01918
2.02737
2.02951
2.02344
2.01009
1.99259
1.97516
1.96236
1.95894
1.96938
1.99577
2.03584
2.08298
2.1279
2.16094
2.17515
2.16933
2.14935
2.12597
2.10948
2.10388
2.10471
2.10311
2.09204
2.0691
2.03564
1.99551
1.95469
1.91965
1.89446
1.88016
1.87725
1.88672
1.90784
1.9363
1.96603
1.99254
2.01475
2.03384
2.0507
2.06386
2.06839
2.05775
2.02678
1.97486
1.90898
1.84554
1.8054
1.79998
1.8231
1.85982
1.89889
1.93572
1.96859
1.99498
2.01274
2.02376
2.03441
2.05044
2.07124
2.09073
2.10269
2.10471
2.09814
2.08608
2.07204
2.05972
2.05296
2.0538
2.0603
2.06639
2.06638
2.05954
2.05067
2.04653
2.05141
2.06468
2.08137
2.09456
2.09819
2.08991
2.07216
2.05087
2.03308
2.02441
2.02752
2.04046
2.05709
2.06993
2.07436
2.07007
2.05942
2.0438
2.02224
1.99469
1.96569
1.94472
1.9421
1.96324
2.00472
2.05523
2.10085
2.13012
2.1365
2.11876
2.08053
2.02894
1.9723
1.91777
1.86976
1.83132
1.80637
1.80078
1.82017
1.86596
1.93333
2.01297
2.0941
2.16665
2.22213
2.25431
2.26065
2.2425
2.20442
2.15266
2.09422
2.03726
1.99176
1.96778
1.96997
1.99166
2.01585
2.02441
2.00794
1.96955
1.92096
1.87615
1.84647
1.83873
1.85405
1.8875
1.92949
1.96979
2.00133
2.02184
2.03227
2.03506
2.0326
2.02694
2.01996
2.01375
2.0112
2.01565
2.02981
2.05423
2.08633
2.12094
2.15229
2.17664
2.19366
2.20486
2.21096
2.21181
2.20808
2.2015
2.19316
2.18241
2.16797
2.14894
2.12513
2.09678
2.06511
2.03409
2.00976
1.99726
1.99684
2.00359
2.01015
2.00989
2.08725
2.05876
2.0175
1.96968
1.92337
1.88634
1.86444
1.8609
1.876
1.90674
1.94737
1.98992
2.02538
2.04596
2.04868
2.03722
2.02045
2.00717
2.00161
2.00272
2.00687
2.01106
2.01469
2.01887
2.02425
2.02957
2.03258
2.032
2.02857
2.02398
2.01957
2.01685
2.01876
2.0291
2.0504
2.08213
2.12092
2.16192
2.20016
2.23117
2.25103
2.25598
2.2424
2.20779
2.15257
2.081
2.00149
1.92639
1.87063
1.84805
1.86609
1.92227
2.00467
2.09648
2.1811
2.24588
2.28373
2.2932
2.27769
2.24416
2.20165
2.15895
2.12199
2.09252
2.06988
2.05297
2.04047
2.03024
2.02007
2.00924
1.99911
1.99156
1.98631
1.98049
1.97041
1.9541
1.93329
1.91436
1.90563
1.91116
1.92729
1.94634
1.96408
1.98187
2.00292
2.02817
2.05598
2.08377
2.10867
2.12696
2.13402
2.12635
2.10418
2.07321
2.04339
2.0253
2.0257
2.04571
2.08188
2.12796
2.17578
2.21632
2.2424
2.25124
2.2436
2.22194
2.19103
2.15915
2.13478
2.12027
2.10985
2.09629
2.07898
2.06448
2.05729
2.05262
2.04225
2.0239
2.00367
1.99197
1.99718
2.02074
2.05633
2.09339
2.12133
2.13222
2.1227
2.09524
2.05833
2.02464
2.00695
2.01313
2.04247
2.08604
2.13091
2.16529
2.18205
2.18009
2.16395
2.14195
2.12366
2.11707
2.12544
2.14521
2.16739
2.18353
2.19034
2.18679
2.16957
2.13594
2.08828
2.034
1.98227
1.94154
1.91762
1.91242
1.92309
1.94259
1.96203
1.97367
1.97318
1.96036
1.93832
1.91228
1.88918
1.87759
1.88693
1.92162
1.97442
2.03105
2.08069
2.11969
2.14846
2.16797
2.17837
2.17871
2.16759
2.14375
2.10778
2.06295
2.01535
1.97218
1.93962
1.92124
1.91753
1.92658
1.94642
1.9766
2.01571
2.05842
2.09734
2.12757
2.14826
2.16031
2.16392
2.15883
2.1473
2.1373
2.14075
2.16498
2.20579
2.24997
2.28358
2.2976
2.28905
2.2599
2.21593
2.16491
2.11421
2.06818
2.02773
1.99186
1.96043
1.9352
1.9188
1.91241
1.91411
1.91971
1.9262
1.93471
1.95008
1.97597
2.01129
2.05164
2.09274
2.13139
2.16508
2.19173
2.21085
2.22407
2.23374
2.24099
2.24422
2.23951
2.22255
2.19082
2.14483
2.08808
2.02669
1.96839
1.9214
1.89293
1.88845
1.91079
1.95804
2.02192
2.08966
2.1481
2.18729
2.20197
2.19192
2.16151
2.11897
2.07463
2.03811
2.0151
2.00644
2.00952
2.02037
2.03521
2.05155
2.06879
2.08738
2.10773
2.12852
2.14604
2.15501
2.15067
2.13138
2.10075
2.06786
2.04411
2.03827
2.05213
2.07943
2.10912
2.13113
2.14001
2.13474
2.11677
2.089
2.05652
2.02705
2.00971
2.0109
2.03022
2.06058
2.09316
2.12242
2.14669
2.16535
2.17546
2.17176
2.14952
2.10773
2.04988
1.98276
1.91547
1.85845
1.82263
1.81655
1.84266
1.8946
1.95881
2.01999
2.06741
2.09758
2.11281
2.1172
2.11455
2.10918
2.10638
2.11035
2.12127
2.13488
2.14493
2.14674
2.13992
2.12886
2.12083
2.12176
2.13307
2.1512
2.16967
2.18145
2.18087
2.16572
2.1387
2.10762
2.08287
2.07264
2.07919
2.09823
2.11906
2.12789
2.11507
2.08047
2.03262
1.98359
1.94418
1.92111
1.91688
1.9313
1.96282
2.00828
2.06296
2.12085
2.17425
2.21341
2.22888
2.21547
2.1745
2.11492
2.05198
2.00323
1.98137
1.98803
2.01494
2.04982
2.08177
2.10355
2.11141
2.10372
2.08136
2.0482
2.01036
1.97442
1.94726
1.93611
1.9462
1.9767
2.01938
2.06156
2.09143
2.10265
2.09598
2.07796
2.05656
2.03663
2.01876
2.0007
1.98046
1.95848
1.93795
1.92412
1.92295
1.93858
1.97085
2.01491
2.06292
2.10697
2.14093
2.16171
2.16967
2.16866
2.16425
2.16057
2.15802
2.1536
2.14373
2.12655
2.10211
2.07144
2.03582
1.9971
1.9594
1.93138
1.92482
1.94659
1.99192
2.0501
2.1131
2.17616
2.23381
2.27897
2.3056
2.3113
2.29788
2.27018
2.2345
2.19651
2.15998
2.12692
2.09802
2.07212
2.04655
2.02055
1.99784
1.98407
1.98113
1.98607
1.99487
2.00477
2.01337
2.01921
2.02356
2.02951
2.03954
2.054
2.07087
2.08636
2.09672
2.10002
2.09637
2.08696
2.07496
2.06639
2.06822
2.0843
2.112
2.14337
2.16939
2.18337
2.18218
2.16591
2.13723
2.10042
2.05984
2.02047
1.9884
1.96908
1.96398
1.96979
1.98155
1.99683
2.01694
2.04492
2.08215
2.1267
2.17364
2.21707
2.25198
2.27507
2.28332
2.27272
2.23924
2.18157
2.10306
2.01204
1.92027
1.84033
1.78312
1.75594
1.76031
1.7919
1.84328
1.90668
1.97467
2.03997
2.0962
2.13872
2.16437
2.17135
2.16026
2.13538
2.10514
2.08065
2.07179
2.08242
2.10807
2.13842
2.16244
2.17236
2.16575
2.14533
2.11733
2.08893
2.06552
2.05058
2.04612
2.05236
2.06654
2.08291
2.09321
2.08824
2.06193
2.01667
1.96583
1.92818
1.91717
1.93495
1.97526
2.02843
2.08342
2.12858
2.15398
2.15417
2.13033
2.09021
2.04617
2.01036
1.99009
1.98689
1.99876
2.02198
2.05076
2.07772
2.09631
2.10324
2.09953
2.09034
2.08297
2.08361
2.09429
2.11167
2.12903
2.13991
2.14143
2.13531
2.12634
2.11823
2.11054
2.0985
2.07604
2.04081
1.99834
1.96108
1.94072
1.93995
1.95186
1.96578
1.9734
1.97147
1.96178
1.94974
1.9417
1.94229
1.9522
1.96796
1.98432
1.99901
2.01487
2.03671
2.06648
2.10188
2.13832
2.17182
2.20022
2.22265
2.23835
2.24546
2.24121
2.22293
2.18937
2.14223
2.08771
2.03628
1.9999
1.9875
2.00115
2.03546
2.08049
2.12546
2.16188
2.18485
2.19281
2.18656
2.16887
2.1442
2.11793
2.09465
2.0768
2.06375
2.05224
2.03895
2.02339
2.00803
1.99431
1.97942
1.95809
1.9276
1.89114
1.85741
1.83788
1.84196
1.87309
1.92694
1.99268
2.056
2.10281
2.12348
2.1157
2.08519
2.04414
2.00762
1.98883
1.99529
2.02703
2.07729
2.13445
2.18518
2.2181
2.22642
2.2092
2.1714
2.12379
2.08105
2.05758
2.06123
2.0897
2.13301
2.17977
2.22127
2.25212
2.2688
2.26955
2.25593
2.23317
2.20785
2.18333
2.15759
2.12559
2.08452
2.03722
1.99146
1.95726
1.94422
1.95863
1.99916
2.05525
2.11092
2.15175
2.16887
2.15881
2.12254
2.06542
1.99802
1.93503
1.89152
1.87758
1.89388
1.93187
1.97822
2.02123
2.05422
2.07552
2.08617
2.08792
2.08267
2.07263
2.06014
2.04734
2.03609
2.02822
2.02554
2.02885
2.03646
2.04432
2.04766
2.04383
2.03421
2.02422
2.02098
2.02948
2.05016
2.07948
2.11293
2.14653
2.17701
2.20196
2.21952
2.228
2.2257
2.21129
2.18571
2.15411
2.12516
2.1066
2.10108
2.10683
2.11926
2.13096
2.13283
2.11704
2.07996
2.02417
1.95943
1.90018
1.85991
1.8462
1.86017
1.89942
1.95846
2.02628
2.08834
2.13431
2.16274
2.17819
2.18566
2.18777
2.18595
2.18265
2.18175
2.18668
2.19785
2.21176
2.22229
2.22341
2.21215
2.19094
2.16535
2.13945
2.11326
2.08514
2.0558
2.0296
2.01195
2.00606
2.0105
2.01915
2.02474
2.02347
2.01632
2.00629
1.99403
1.97681
1.95242
1.92364
1.89896
1.88961
1.90514
1.9482
2.01137
2.07994
2.13913
2.17956
2.19823
2.19682
2.17993
2.15418
2.12738
2.10687
2.09706
2.09764
2.10393
2.11071
2.11726
2.12588
2.13265
2.12711
2.10612
2.07959
2.06128
2.05901
2.0736
2.10283
2.14359
2.19043
2.23507
2.2689
2.28597
2.28388
2.26298
2.22543
2.17484
2.11673
2.05883
2.00966
1.97545
1.9572
1.95132
1.95348
1.96211
1.97736
1.99808
2.02081
2.04131
2.05588
2.06116
2.05395
2.03251
1.9993
1.96311
1.93579
1.92565
1.93408
1.95784
1.99154
2.02838
2.06104
2.0838
2.09509
2.09816
2.0997
2.10719
2.12564
2.15516
2.19039
2.22309
2.24595
2.25518
2.25055
2.23351
2.20568
2.16867
2.12487
2.07755
2.03046
1.98681
1.94893
1.91872
1.89819
1.88943
1.89379
1.91085
1.93807
1.97143
2.00601
2.03616
2.05643
2.06316
2.0553
2.03482
2.00662
1.97805
1.95776
1.9526
1.96382
1.98562
2.008
2.02283
2.02828
2.02876
2.03099
2.03964
2.05549
2.07662
2.1002
2.1236
2.14449
2.16113
2.17228
2.17693
2.17432
2.16511
2.15261
2.14152
2.13401
2.12754
2.1177
2.10319
2.08876
2.08352
2.09537
2.12509
2.16478
2.20147
2.22251
2.21893
2.18633
2.12576
2.04586
1.96383
1.89949
1.864
1.85665
1.87232
1.90853
1.96536
2.04168
2.13273
2.23004
2.32277
2.39916
2.44766
2.45874
2.42669
2.35261
2.24736
2.13167
2.02907
1.95508
1.9123
1.89536
1.89819
1.91735
1.94968
1.98863
2.02484
2.05089
2.06448
2.06662
2.05835
2.04132
2.02009
2.00141
1.99052
1.98842
1.99228
1.99665
1.99663
1.99234
1.99041
2.00042
2.02899
2.07576
2.1333
2.19083
2.23837
2.2695
2.28194
2.27718
2.25953
2.23487
2.20874
2.18506
2.16579
2.1517
2.14252
2.13759
2.13715
2.14396
2.16135
2.18872
2.22014
2.24803
2.26598
2.26896
2.25374
2.21988
2.17072
2.11239
2.05186
1.99479
1.94501
1.90468
1.8751
1.85793
1.85493
1.86704
1.89323
1.92991
1.97031
2.00506
2.02431
2.02117
1.99415
1.94874
1.89754
1.85696
1.84089
1.85476
1.89414
1.94777
2.00255
2.04795
2.07847
2.09374
2.09695
2.09277
2.08542
2.07766
2.07053
2.06369
2.05636
2.04809
2.0394
2.03174
2.02685
2.0254
2.09926
2.09449
2.08343
2.06869
2.05885
2.06396
2.08825
2.12684
2.17078
2.21335
2.25105
2.28074
2.29889
2.30436
2.30125
2.29637
2.29276
2.28691
2.27193
2.24202
2.19497
2.13335
2.06576
2.00622
1.97028
1.96756
1.995
2.03856
2.08196
2.11348
2.12711
2.12045
2.09302
2.0461
1.98461
1.91906
1.8646
1.8357
1.8405
1.87917
1.94462
2.02413
2.10265
2.16723
2.21014
2.22933
2.22744
2.21057
2.18639
2.16233
2.14396
2.13417
2.13344
2.14019
2.15124
2.16176
2.1662
2.16045
2.14403
2.1216
2.10118
2.09045
2.09208
2.10194
2.11198
2.11534
2.10918
2.09475
2.07603
2.05772
2.0434
2.03469
2.03173
2.03399
2.04038
2.049
2.05735
2.0628
2.06325
2.05799
2.04766
2.03419
2.02102
2.01346
2.01853
2.04249
2.08694
2.1465
2.21059
2.26764
2.30851
2.32762
2.32323
2.29837
2.26007
2.21603
2.17225
2.13336
2.10325
2.08474
2.07887
2.08425
2.09788
2.11622
2.13605
2.15457
2.16907
2.17662
2.17469
2.16239
2.14128
2.11519
2.08835
2.06321
2.03946
2.01562
1.99233
1.97398
1.96721
1.97647
2.0004
2.0317
2.06007
2.07646
2.07624
2.06104
2.03846
2.0191
2.01144
2.01809
2.03569
2.05789
2.07875
2.09443
2.10324
2.10515
2.1015
2.0951
2.09029
2.09177
2.10267
2.12277
2.14816
2.17256
2.18976
2.19584
2.19004
2.1745
2.15368
2.133
2.11744
2.10923
2.10622
2.10265
2.09287
2.07491
2.0512
2.02696
2.00865
2.00236
2.01263
2.04118
2.08588
2.13963
2.1908
2.22697
2.2408
2.23373
2.2152
2.19825
2.19374
2.20619
2.23218
2.26353
2.29189
2.31121
2.31808
2.31113
2.29053
2.25792
2.21671
2.1726
2.13105
2.09289
2.05463
2.01482
1.97822
1.95347
1.94621
1.95476
1.97211
1.99161
2.01056
2.03023
2.05318
2.07979
2.10695
2.1296
2.14297
2.14516
2.13819
2.12674
2.11538
2.10646
2.10056
2.09863
2.10333
2.11825
2.1451
2.18093
2.21847
2.2495
2.26827
2.27188
2.25847
2.22631
2.17519
2.10847
2.03498
1.96889
1.92408
1.90619
1.9113
1.93205
1.96254
1.99821
2.03487
2.06905
2.09798
2.11972
2.13306
2.13727
2.13323
2.12457
2.11735
2.11691
2.1237
2.13241
2.13616
2.13246
2.12455
2.11666
2.11015
2.10436
2.09867
2.09371
2.09068
2.08994
2.0897
2.0873
2.08164
2.07436
2.06862
2.0672
2.07078
2.07757
2.08427
2.08774
2.08632
2.07997
2.06976
2.05741
2.04541
2.03671
2.03352
2.03587
2.04185
2.05021
2.06183
2.07843
2.09943
2.11966
2.13098
2.12629
2.10305
2.06529
2.02316
1.98993
1.97743
1.99262
2.03607
2.10274
2.18353
2.26707
2.34142
2.39563
2.42105
2.41293
2.37241
2.30793
2.23542
2.1742
2.13913
2.13369
2.15119
2.18126
2.21452
2.24343
2.26178
2.26466
2.24902
2.21471
2.16462
2.1039
2.03811
1.97221
1.91065
1.85853
1.82263
1.81048
1.82666
1.86898
1.92877
1.99456
2.05602
2.10585
2.14012
2.1579
2.16038
2.15022
2.13163
2.11087
2.0954
2.09077
2.09765
2.11158
2.12587
2.13599
2.14167
2.14501
2.14713
2.14651
2.13956
2.12311
2.09648
2.06281
2.02871
2.00267
1.99267
2.00297
2.03126
2.06886
2.10546
2.13438
2.15386
2.16522
2.172
2.18011
2.19511
2.21701
2.23857
2.24907
2.23987
2.2081
2.15763
2.09818
2.04277
2.00339
1.98597
1.98851
2.00465
2.0296
2.06202
2.10079
2.14274
2.18302
2.21688
2.24073
2.25251
2.25159
2.23918
2.21884
2.1967
2.18055
2.17662
2.18585
2.20286
2.21868
2.22534
2.21852
2.19794
2.1657
2.12532
2.08232
2.04475
2.02162
2.01851
2.03283
2.05397
2.06894
2.06885
2.05123
2.0188
1.97725
1.93445
1.89987
1.88165
1.88235
1.89741
1.91878
1.9406
1.9617
1.98355
2.0063
2.02694
2.04098
2.04529
2.04128
2.03513
2.03426
2.04365
2.06496
2.09748
2.13896
2.186
2.23415
2.27799
2.31109
2.32719
2.32225
2.29661
2.25616
2.21052
2.16925
2.13774
2.116
2.10095
2.09048
2.08467
2.08374
2.0857
2.08674
2.08469
2.08073
2.07758
2.0763
2.075
2.07056
2.06058
2.04439
2.02469
2.00861
2.00644
2.02625
2.06883
2.12682
2.18895
2.24537
2.29087
2.32435
2.34656
2.35792
2.35791
2.34564
2.32137
2.28771
2.24968
2.21289
2.18155
2.15793
2.14283
2.13516
2.13081
2.12329
2.10706
2.0811
2.05059
2.0245
2.00919
2.0052
2.01188
2.03037
2.05885
2.08819
2.10543
2.10076
2.07229
2.02837
1.98642
1.96603
1.97865
2.02111
2.07858
2.13388
2.17426
2.19344
2.19126
2.17308
2.14945
2.13412
2.13845
2.16423
2.20144
2.23414
2.24864
2.23847
2.2052
2.1574
2.10817
2.0713
2.05667
2.06677
2.09539
2.12982
2.15527
2.15976
2.1381
2.09313
2.03555
1.98256
1.9545
1.96698
2.0196
2.09347
2.16337
2.21226
2.2362
2.24066
2.23427
2.22529
2.22037
2.22494
2.24276
2.27425
2.31508
2.35651
2.3882
2.4022
2.39514
2.36752
2.32195
2.26116
2.18745
2.10447
2.0201
1.9471
1.89818
1.87922
1.88887
1.92321
1.97827
2.04872
2.12456
2.19043
2.23079
2.23729
2.21224
2.16546
2.10914
2.05506
2.01345
1.99142
1.99189
2.01377
2.05151
2.09533
2.13383
2.15799
2.16416
2.15465
2.13641
2.1191
2.11239
2.12145
2.14323
2.16767
2.1839
2.18655
2.17729
2.16199
2.14595
2.13149
2.11955
2.11217
2.11306
2.12533
2.14891
2.17939
2.20803
2.22448
2.22215
2.20138
2.16908
2.13604
2.11251
2.10346
2.106
2.11076
2.10714
2.08867
2.05587
2.01602
1.97987
1.95614
1.94656
1.94656
1.95145
1.96158
1.98136
2.01225
2.04926
2.0841
2.10937
2.12133
2.1209
2.11256
2.10152
2.09123
2.0821
2.07211
2.05908
2.04312
2.02747
2.01752
2.01789
2.03
2.05175
2.07898
2.10626
2.1272
2.13665
2.13368
2.12261
2.11143
2.10833
2.1183
2.14136
2.17299
2.2061
2.23338
2.24984
2.25426
2.24928
2.24007
2.23209
2.22881
2.23051
2.23413
2.23429
2.22495
2.20192
2.16584
2.12234
2.07973
2.04577
2.02504
2.01766
2.01988
2.02602
2.03052
2.02969
2.02246
2.01109
2.00162
2.0034
2.02503
2.06802
2.12398
2.17965
2.22349
2.24892
2.25395
2.24058
2.21452
2.18431
2.15898
2.14481
2.14319
2.15124
2.16394
2.17553
2.1805
2.17461
2.15622
2.12643
2.08793
2.04397
1.99789
1.95389
1.91795
1.89727
1.89635
1.91267
1.93831
1.96612
1.9941
2.02448
2.05986
2.09984
2.14015
2.17429
2.19614
2.20218
2.19225
2.1695
2.1394
2.10881
2.08395
2.06831
2.0626
2.06664
2.07996
2.09963
2.11954
2.1333
2.13764
2.13373
2.12599
2.11965
2.11882
2.12562
2.13994
2.15905
2.17803
2.19144
2.19532
2.18788
2.16847
2.13712
2.09625
2.05269
2.01706
2.00047
2.01124
2.0513
2.11268
2.17949
2.23536
2.26953
2.27788
2.26158
2.22606
2.18074
2.13743
2.10759
2.09858
2.11149
2.14135
2.17876
2.21342
2.23765
2.24847
2.24732
2.23839
2.22544
2.20884
2.18647
2.15675
2.12031
2.07988
2.03958
2.00461
1.98039
1.9709
1.97733
1.99804
2.02908
2.06439
2.09697
2.12116
2.1348
2.13905
2.13616
2.127
2.11168
2.09444
2.08725
2.1023
2.13911
2.18495
2.22596
2.25282
2.26052
2.24781
2.21767
2.17766
2.139
2.11345
2.10833
2.12306
2.14935
2.17474
2.18741
2.18024
2.15297
2.11272
2.07325
2.04989
2.04924
2.06451
2.08328
2.0968
2.10362
2.10841
2.11817
2.13669
2.16117
2.18404
2.19817
2.20142
2.19688
2.18931
2.18128
2.17152
2.15639
2.13209
2.09601
2.047
1.98598
1.91808
1.85507
1.81183
1.79586
1.80343
1.82793
1.86657
1.91849
1.98115
2.0495
2.11689
2.17719
2.22686
2.26514
2.29288
2.31101
2.32023
2.32192
2.31884
2.31477
2.31209
2.30958
2.30295
2.28873
2.26944
2.25339
2.24697
2.24896
2.25447
2.26087
2.26801
2.27547
2.28028
2.27636
2.25777
2.22324
2.17737
2.12761
2.08077
2.04099
2.00972
1.98704
1.97281
1.96681
1.96777
1.97413
1.98621
2.00581
2.03304
2.06464
2.09637
2.1261
2.15395
2.18028
2.20373
2.22147
2.23013
2.22771
2.2152
2.19627
2.17523
2.15593
2.14225
2.13833
2.14628
2.16422
2.18629
2.20502
2.21373
2.20798
2.18615
2.14916
2.10001
2.04321
1.98544
1.93647
1.90788
1.90529
1.92141
1.94276
1.96133
1.97809
1.99953
2.03187
2.07645
2.12953
2.18602
2.2414
2.2891
2.31847
2.3178
2.27996
2.20678
2.11013
2.00945
1.92539
1.87274
1.85708
1.87659
1.92529
1.99486
2.07502
2.15414
2.22168
2.27116
2.30102
2.31398
2.31478
2.30785
2.29507
2.27503
2.2443
2.2008
2.14778
2.09455
2.05331
2.03236
2.03112
2.04196
2.05588
2.0657
2.06646
2.05589
2.03529
2.00931
1.98348
1.96283
1.95217
1.95461
1.96911
1.99091
2.01437
2.03537
2.05234
2.06642
2.08094
2.09916
2.1215
2.14459
2.1627
2.17015
2.16335
2.14236
2.11184
2.0799
2.05476
2.04116
2.03914
2.04601
2.05896
2.07609
2.09553
2.11485
2.13157
2.14384
2.15002
2.14764
2.13359
2.1064
2.06851
2.02639
1.98861
1.96391
1.95987
1.98155
2.02975
2.09946
2.17977
2.25609
2.31465
2.34699
2.35173
2.33298
2.29805
2.25528
2.21281
2.17688
2.14951
2.12754
2.10592
2.08249
2.05971
2.04317
2.03892
2.04952
2.07146
2.09793
2.12314
2.14327
2.15591
2.15994
2.09713
2.09112
2.08533
2.08356
2.08867
2.10075
2.11566
2.12602
2.12519
2.11104
2.08707
2.06109
2.04242
2.03862
2.0521
2.0795
2.1146
2.1506
2.18003
2.19524
2.19106
2.16649
2.12489
2.07248
2.0164
1.96342
1.91947
1.89042
1.88162
1.89547
1.92863
1.97261
2.0178
2.05763
2.09025
2.11712
2.14077
2.16247
2.1819
2.19805
2.2105
2.21945
2.22415
2.22111
2.20493
2.17198
2.12329
2.06406
2.0014
1.94388
1.9016
1.88322
1.89146
1.92087
1.95983
1.99485
2.01632
2.02309
2.02168
2.02083
2.02728
2.04549
2.07727
2.11903
2.16194
2.19689
2.21888
2.22831
2.2296
2.22836
2.22846
2.23047
2.23196
2.22888
2.21733
2.19486
2.16157
2.12026
2.07575
2.03406
2.00057
1.97838
1.96744
1.96473
1.96588
1.96744
1.96884
1.97363
1.98694
2.01012
2.03728
2.05807
2.06369
2.05038
2.01878
1.97376
1.92549
1.88737
1.86836
1.86813
1.87945
1.8946
1.91109
1.9308
1.95433
1.97899
2.00219
2.02444
2.04961
2.0827
2.1255
2.17398
2.21971
2.25319
2.26698
2.25656
2.2212
2.16425
2.09385
2.02251
1.9642
1.92911
1.91892
1.92626
1.93921
1.94804
1.95024
1.95099
1.95906
1.98098
2.01791
2.06628
2.11988
2.17224
2.21803
2.25354
2.27592
2.28286
2.27295
2.24736
2.21159
2.17497
2.14741
2.13465
2.13623
2.14677
2.1585
2.16379
2.15738
2.13791
2.10799
2.07297
2.03991
2.01634
2.00785
2.01448
2.02969
2.04433
2.05197
2.05108
2.044
2.03486
2.02772
2.02535
2.02859
2.03531
2.04051
2.03809
2.02404
1.99947
1.97064
1.94524
1.92873
1.92323
1.92865
1.9437
1.96667
1.99643
2.0324
2.07296
2.11423
2.15014
2.17423
2.1825
2.17517
2.15608
2.13122
2.10822
2.09581
2.1005
2.12148
2.14986
2.17489
2.19018
2.19536
2.19401
2.19044
2.18775
2.18702
2.18741
2.18656
2.18125
2.16868
2.14838
2.12372
2.10006
2.08042
2.06305
2.04416
2.0217
1.99687
1.9737
1.9584
1.95749
1.97421
2.00611
2.04595
2.08408
2.11061
2.11841
2.10551
2.07547
2.03498
1.99106
1.95155
1.92632
1.92418
1.94674
1.98726
2.03595
2.08528
2.13091
2.17031
2.2007
2.21826
2.21928
2.20187
2.16729
2.11988
2.06605
2.0129
1.9674
1.93677
1.92832
1.9465
1.98743
2.03663
2.0757
2.09283
2.08761
2.06855
2.04628
2.0283
2.01851
2.01907
2.03077
2.05026
2.06988
2.08071
2.0773
2.06014
2.03474
2.00823
1.98614
1.97067
1.96125
1.95615
1.95408
1.95497
1.95973
1.96883
1.98069
1.99088
1.99345
1.98328
1.95813
1.92023
1.87635
1.83649
1.81059
1.80548
1.82313
1.86077
1.91261
1.97174
2.0322
2.09044
2.14603
2.20028
2.25311
2.30115
2.33821
2.35833
2.35912
2.34243
2.31251
2.2738
2.23007
2.18529
2.14452
2.11293
2.09421
2.08902
2.09404
2.10283
2.10834
2.10597
2.0948
2.07627
2.05182
2.02247
1.99103
1.96329
1.94628
1.94479
1.95891
1.98437
2.01545
2.04777
2.07912
2.10883
2.13673
2.16178
2.18126
2.19205
2.19333
2.18797
2.18092
2.17525
2.16938
2.15809
2.13663
2.10387
2.06258
2.01709
1.97238
1.93666
1.9213
1.93183
1.96056
1.99489
2.02849
2.0609
2.09107
2.11423
2.12431
2.11836
2.09891
2.0728
2.04803
2.03129
2.02642
2.03504
2.05637
2.08644
2.11783
2.14094
2.14566
2.1235
2.07264
2.00469
1.94588
1.92339
1.94642
2.00397
2.07755
2.15104
2.21335
2.25891
2.28827
2.30642
2.31751
2.32048
2.31086
2.28499
2.24272
2.1881
2.12984
2.07984
2.04911
2.04278
2.05881
2.09018
2.12738
2.16076
2.18279
2.18956
2.18058
2.1581
2.12586
2.08818
2.04891
2.01119
1.9775
1.94996
1.93049
1.92059
1.92047
1.92833
1.94015
1.95091
1.95657
1.95573
1.94989
1.94219
1.93634
1.93646
1.94668
1.96958
2.00391
2.04409
2.08164
2.10781
2.11587
2.10303
2.07144
2.02859
1.9865
1.95906
1.95797
1.98799
2.04523
2.11901
2.19586
2.26393
2.31572
2.34844
2.36211
2.35724
2.33346
2.29074
2.23106
2.15919
2.08223
2.0084
1.94567
1.89999
1.87405
1.86849
1.88359
1.91684
1.96039
2.00484
2.04463
2.07834
2.10609
2.12782
2.14269
2.14932
2.14697
2.13675
2.12209
2.10775
2.09763
2.09259
2.09045
2.08872
2.08823
2.09372
2.11066
2.13929
2.1721
2.1978
2.20727
2.19759
2.1725
2.14039
2.11095
2.09186
2.08681
2.09566
2.11556
2.14203
2.17014
2.19479
2.21069
2.21348
2.2011
2.17429
2.13604
2.09098
2.0452
2.00593
1.97964
1.96892
1.97137
1.9821
1.99726
2.01464
2.03176
2.04502
2.05163
2.05069
2.04336
2.03227
2.02046
2.01052
2.00429
2.00265
2.00595
2.01361
2.02363
2.03261
2.03746
2.03685
2.03089
2.01983
2.00418
1.98527
1.96539
1.94679
1.93044
1.91574
1.90162
1.88892
1.88123
1.88213
1.89234
1.91117
1.93952
1.97858
2.02639
2.07677
2.12179
2.15529
2.17549
2.18625
2.19576
2.21186
2.23544
2.2597
2.27588
2.27935
2.2708
2.25381
2.23198
2.20745
2.18145
2.15549
2.13233
2.11571
2.10844
2.1094
2.11316
2.11403
2.10911
2.09778
2.08053
2.06043
2.04461
2.04189
2.05657
2.08475
2.11644
2.14112
2.15158
2.14547
2.12598
2.10099
2.08025
2.0697
2.06801
2.06868
2.06608
2.05964
2.05389
2.0545
2.06348
2.07758
2.0905
2.09512
2.08515
2.05622
2.00751
1.94299
1.87181
1.80756
1.76524
1.75506
1.77733
1.82391
1.8842
1.94956
2.01408
2.07438
2.12868
2.17618
2.21637
2.24876
2.27346
2.29064
2.29945
2.29697
2.27968
2.24574
2.19688
2.13855
2.07882
2.02611
1.98699
1.96447
1.95709
1.96047
1.96993
1.98225
1.99554
2.00939
2.02492
2.04384
2.06726
2.09437
2.12226
2.14697
2.16536
2.17691
2.18428
2.19158
2.20147
2.21352
2.22477
2.23062
2.22642
2.20958
2.18123
2.14517
2.10606
2.06914
2.04071
2.02598
2.02664
2.0406
2.06354
2.08989
2.11279
2.12597
2.12683
2.11821
2.10655
2.09769
2.09287
2.08753
2.07407
2.04715
2.00809
1.96552
1.9318
1.91688
1.92344
1.94729
1.98054
2.01516
2.04546
2.06926
2.08667
2.09721
2.09904
2.09114
2.07563
2.05805
2.04497
2.04166
2.05084
2.07238
2.10358
2.1394
2.17318
2.19929
2.21586
2.22535
2.23196
2.23796
2.24212
2.24094
2.23025
2.20734
2.17388
2.13583
2.09956
2.06905
2.04652
2.03361
2.03128
2.03916
2.05476
2.07375
2.09117
2.10348
2.11033
2.11403
2.11686
2.11834
2.11627
2.11103
2.10691
2.10901
2.11866
2.13285
2.14671
2.15557
2.15561
2.1448
2.12375
2.09435
2.05692
2.01083
1.95935
1.91203
1.88116
1.87594
1.89847
1.94194
1.99246
2.03628
2.06815
2.09348
2.11897
2.14203
2.15392
2.154
2.15823
2.18453
2.22938
2.27436
2.30683
2.32334
2.32393
2.30885
2.27822
2.23288
2.17602
2.11481
2.05861
2.01383
1.981
1.95817
1.94592
1.9481
1.96739
2.00012
2.03626
2.06471
2.07938
2.08125
2.07678
2.07393
2.07776
2.08787
2.09879
2.10322
2.09564
2.07415
2.04087
2.00098
1.96118
1.92763
1.90417
1.89223
1.89296
1.90923
1.94517
2.0022
2.07535
2.15376
2.2253
2.28046
2.31385
2.3241
2.31385
2.28882
2.25523
2.21734
2.17746
2.13829
2.10415
2.0808
2.07374
2.08536
2.1125
2.14766
2.18295
2.2131
2.23582
2.25015
2.2538
2.24284
2.21397
2.16782
2.11067
2.05253
2.00203
1.96199
1.92963
1.90022
1.87
1.83855
1.81052
1.79452
1.79873
1.82683
1.87801
1.94835
2.03092
2.11666
2.19648
2.26269
2.30863
2.32912
2.32242
2.29226
2.2474
2.19882
2.15623
2.12542
2.10791
2.10171
2.10284
2.1071
2.11136
2.11282
2.10722
2.08905
2.05536
2.01118
1.97129
1.95381
1.96797
2.00787
2.05851
2.10642
2.14513
2.17342
2.19022
2.19135
2.17149
2.1287
2.06716
1.99771
1.94002
1.91965
1.949
2.01408
2.08981
2.15779
2.20959
2.24509
2.26945
2.28793
2.30104
2.30406
2.29158
2.2624
2.22072
2.1738
2.1279
2.08563
2.04617
2.00894
1.97683
1.95479
1.94484
1.94445
1.94981
1.95898
1.97224
1.99018
2.01203
2.0353
2.05709
2.0756
2.09001
2.09929
2.10228
2.09931
2.0938
2.09058
2.09164
2.09452
2.09515
2.09199
2.08719
2.08537
2.09129
2.10737
2.13232
2.16071
2.18469
2.19664
2.192
2.171
2.139
2.10478
2.07651
2.05815
2.0496
2.04877
2.05286
2.05764
2.05727
2.04631
2.02207
1.9849
1.93864
1.8914
1.85553
1.84362
1.86221
1.90753
1.96731
2.02686
2.07496
2.10612
2.12009
2.12107
2.11649
2.11391
2.11734
2.12539
2.13306
2.1357
2.13268
2.12863
2.13153
2.1478
2.17778
2.21436
2.24583
2.25949
2.24553
2.20044
2.12915
2.04434
1.96192
1.89646
1.85869
1.8543
1.88216
1.93464
2.00071
2.06961
2.13262
2.1832
2.21702
2.23199
2.22863
2.20999
2.1811
2.14768
2.11461
2.08483
2.06073
2.04463
2.03813
2.04085
2.05111
2.06727
2.08814
2.1124
2.13793
2.16178
2.18037
2.19023
2.18866
2.17447
2.14826
2.11264
2.07185
2.03003
1.98983
1.95249
1.92002
1.8977
1.8935
1.91279
1.95244
2.00098
2.04489
2.07439
2.08529
2.07786
2.05551
2.02444
1.99231
1.96589
1.94887
1.94096
1.93893
1.93873
1.93708
1.93228
1.92428
1.9154
1.91088
1.9171
1.9372
1.96806
2.00316
2.03781
2.07059
2.10114
2.12843
2.1217
2.14088
2.15696
2.17121
2.18472
2.19811
2.21118
2.22226
2.22872
2.22777
2.21739
2.19757
2.17027
2.13862
2.10585
2.07397
2.04328
2.01328
1.98324
1.9525
1.92143
1.89289
1.87283
1.86809
1.88278
1.91617
1.96377
2.02031
2.08133
2.1427
2.20016
2.24979
2.28856
2.31439
2.32573
2.32125
2.30017
2.26384
2.21619
2.16258
2.10775
2.05416
2.00182
1.94941
1.89683
1.84761
1.81011
1.7951
1.80979
1.85327
1.9163
1.98534
2.04732
2.09315
2.11878
2.12521
2.11725
2.10143
2.08384
2.06903
2.06008
2.05885
2.06584
2.07949
2.09582
2.10905
2.11394
2.10786
2.0923
2.07243
2.05492
2.04527
2.04511
2.05147
2.05817
2.05841
2.04768
2.02556
1.99586
1.96482
1.93875
1.92328
1.92412
1.94705
1.9948
2.06352
2.14254
2.21762
2.27532
2.30703
2.31078
2.29053
2.25285
2.20332
2.14565
2.08465
2.02946
1.99292
1.98612
2.01047
2.05504
2.10261
2.14005
2.16249
2.17057
2.16547
2.14729
2.11726
2.07997
2.04189
2.008
1.98008
1.95792
1.94132
1.9306
1.92616
1.92841
1.937
1.94991
1.96378
1.97538
1.98318
1.9881
1.993
2.00168
2.01796
2.04471
2.08233
2.12761
2.17404
2.21343
2.23884
2.24755
2.24222
2.22949
2.21674
2.20845
2.20524
2.20439
2.20155
2.19237
2.17466
2.14957
2.12053
2.09102
2.06286
2.03644
2.01236
1.99181
1.97562
1.96289
1.95075
1.93557
1.91484
1.8888
1.86122
1.83865
1.82759
1.83178
1.85093
1.88168
1.91986
1.96174
2.00434
2.04533
2.08267
2.11426
2.13734
2.14865
2.14567
2.12947
2.10828
2.09583
2.10076
2.11771
2.13235
2.13339
2.12019
2.10177
2.08957
2.08894
2.09727
2.10966
2.12255
2.13313
2.14044
2.14997
2.17226
2.2085
2.24386
2.26142
2.25328
2.22014
2.1691
2.11283
2.06575
2.03766
2.0302
2.0379
2.05111
2.05927
2.05425
2.03466
2.0097
1.99652
2.00491
2.02576
2.04192
2.04428
2.03474
2.0217
2.0139
2.01609
2.02727
2.04252
2.05559
2.06083
2.05506
2.03903
2.0181
2.0013
1.9984
2.01574
2.05315
2.10352
2.1555
2.19775
2.22238
2.22711
2.21501
2.19268
2.16733
2.144
2.12429
2.10699
2.0889
2.0661
2.03483
1.99265
1.94082
1.88662
1.8424
1.81951
1.82172
1.8444
1.8786
1.91507
1.94689
1.97135
1.99163
2.0149
2.04588
2.0815
2.11216
2.12759
2.12225
2.09773
2.06226
2.02798
2.00601
2.00185
2.01401
2.03596
2.05996
2.08037
2.09462
2.10221
2.10325
2.09739
2.08422
2.06463
2.04133
2.01833
1.99938
1.98694
1.98219
1.98515
1.99399
2.005
2.01373
2.01718
2.01576
2.01283
2.01181
2.01367
2.01706
2.02044
2.02368
2.02792
2.03499
2.04649
2.06314
2.08435
2.10816
2.13171
2.1518
2.16524
2.16935
2.16315
2.14792
2.12623
2.09997
2.0692
2.03327
1.99349
1.95563
1.9293
1.92307
1.93949
1.97577
2.0269
2.0859
2.14382
2.19175
2.22336
2.23638
2.23213
2.21393
2.18517
2.1489
2.10898
2.06994
2.03556
2.00723
1.98359
1.9612
1.93705
1.91116
1.88869
1.87858
1.88889
1.92078
1.96714
2.01684
2.06005
2.09026
2.10323
2.09684
2.07256
2.03706
2.00062
1.97327
1.96068
1.96295
1.97644
1.99693
2.0215
2.04858
2.07688
2.10457
2.12978
2.15132
2.16829
2.17933
2.18278
2.17746
2.16333
2.14272
2.1207
2.103
2.09312
2.09081
2.09224
2.09185
2.08492
2.07061
2.05309
2.03913
2.03295
2.03346
2.03595
2.03686
2.03655
2.03899
2.0494
2.0711
2.1024
2.13552
2.16022
2.16973
2.16367
2.1467
2.1253
2.10491
2.08804
2.07429
2.06313
2.05663
2.05925
2.0743
2.10029
2.1309
2.15738
2.17086
2.16446
2.13522
2.08608
2.02588
1.96666
1.92023
1.89542
1.89661
1.92176
1.96137
2.00128
2.02802
2.03371
2.01855
1.99044
1.96204
1.94597
1.95011
1.97431
2.01077
2.04781
2.07504
2.0871
2.08405
2.07007
2.05162
2.03524
2.02529
2.02268
2.02496
2.02921
2.03426
2.04073
2.04908
2.05787
2.06429
2.06553
2.06086
2.05239
2.04417
2.03982
2.04055
2.04466
2.04904
2.05132
2.05144
2.05193
2.05611
2.06522
2.07718
2.08832
2.09593
2.09968
2.10141
2.10416
2.11037
2.12076
2.13372
2.14609
2.15448
2.15634
2.15077
2.13831
2.12064
2.09973
2.07658
2.05041
2.02015
1.98771
1.95953
1.94426
1.94784
1.97019
2.0066
2.0509
2.09743
2.14106
2.1774
2.20346
2.21893
2.22566
2.22674
2.22506
2.2218
2.21483
2.1987
2.16729
2.11813
2.05443
1.98458
1.9197
1.87058
1.84467
1.8442
1.86595
1.90239
1.94359
1.98008
2.00506
2.01575
2.01348
2.00263
1.98887
1.97735
1.97163
1.97347
1.98252
1.99612
2.00996
2.01985
2.02344
2.02101
2.01508
2.00989
2.01053
2.02126
2.04379
2.07624
2.11253
2.14372
2.16095
2.15982
2.14319
2.1195
2.09797
2.08398
2.07783
2.07638
2.07646
2.07696
2.07911
2.08486
2.09527
2.1089
2.12136
2.1265
2.12
2.10232
2.07904
2.05753
2.04215
2.03197
2.02214
2.00944
1.99709
1.99435
2.0104
2.04665
2.09446
2.13982
2.16989
2.17693
2.15891
2.11926
2.06588
2.00986
1.96299
1.9336
1.9228
1.92517
1.93417
1.94656
1.96167
1.97781
1.99057
1.99435
1.98675
1.97204
1.96126
1.96702
1.99576
2.04498
2.10794
2.17881
2.25161
2.31756
2.36664
2.39132
2.38756
2.35412
2.29229
2.20645
2.10525
2.00253
1.91607
1.86346
1.8553
1.88981
1.95391
2.02932
2.0987
2.14923
2.17364
2.17029
2.14282
2.09993
2.05374
2.01631
1.99573
1.99396
2.0077
2.03074
2.05591
2.07641
2.08791
2.08999
2.08605
2.08181
2.08258
2.09078
2.10519
2.12141
2.13375
2.1385
2.13596
2.12884
2.11868
2.10427
2.08311
2.05411
2.01817
1.97701
1.93316
1.89204
1.86301
1.85452
1.8666
1.89189
1.92406
1.96125
2.00142
2.03846
2.06514
2.07854
2.08159
2.0794
2.0749
2.06912
2.06337
2.05957
2.05758
2.05518
2.05063
2.04473
2.03991
2.03978
2.04901
2.06933
2.09479
2.11565
2.12615
2.12698
2.12282
2.11936
2.12119
2.13068
2.14798
2.17092
2.19488
2.21332
2.21961
2.2094
2.18177
2.13948
2.0887
2.03894
2.00153
1.98595
1.99497
2.02337
2.06238
2.10532
2.14925
2.19202
2.2295
2.25539
2.2632
2.24845
2.21013
2.15165
2.08076
2.00779
1.94265
1.89327
1.86527
1.8616
1.88091
1.91649
1.95835
1.99757
2.02975
2.05493
2.07482
2.08983
2.09748
2.09342
2.07482
2.04326
2.00572
1.97275
1.95448
1.9564
1.97713
2.00895
2.04128
2.06452
2.07168
2.05961
2.03033
1.99206
1.95624
1.92958
1.91074
1.89533
1.87994
1.86178
1.83895
1.81374
1.79582
1.79969
1.83664
1.90709
1.99885
2.09166
2.16551
2.20841
2.22069
2.21338
2.19915
2.18446
2.17102
2.16081
2.15685
2.15978
2.16676
2.17302
2.17434
2.16882
2.15794
2.14566
2.13624
2.13254
2.13622
2.14803
2.16662
2.18638
2.19812
2.19346
2.169
2.12699
2.073
2.01304
1.95257
1.89729
1.85385
1.82879
1.82618
1.84598
1.88422
1.93422
1.98865
2.04092
2.08635
2.12234
2.14827
2.16478
2.17196
2.1673
2.14664
2.10744
2.05184
1.98687
1.9222
1.86761
1.8311
1.81824
1.83121
1.86845
1.92505
1.99473
2.07145
2.15014
2.22567
2.29125
2.33798
2.356
2.33792
2.28294
2.19983
2.10615
2.02211
1.96222
1.93104
1.92454
1.93452
1.95298
1.97483
1.99977
2.03179
2.07505
2.12767
2.18105
2.22505
2.25193
2.25688
2.23939
2.20498
2.16432
2.12715
2.09801
2.07676
2.0591
2.03771
2.0068
1.96676
1.92502
1.89251
1.87878
1.88838
1.91937
1.96379
2.01131
2.05397
2.08877
2.1172
2.14204
2.16406
2.18152
2.19258
2.1978
2.19987
2.20154
2.20348
2.20341
2.19724
2.18173
2.1567
2.12548
2.09332
2.06482
2.04235
2.0258
2.01501
2.01276
2.02477
2.05405
2.09561
2.13802
2.17034
2.18686
2.18648
2.17027
2.1399
2.09733
2.04553
1.98964
1.93726
1.89809
1.88111
1.88999
1.92048
1.96158
1.99994
2.02482
2.03179
2.02425
2.01102
2.00137
2.00081
2.01049
2.02923
2.05539
2.0869
2.12028
2.1494
2.16632
2.16385
2.13879
2.09419
2.03861
1.98303
1.93738
1.90959
1.90537
1.92642
1.96831
2.02117
2.07321
2.11461
2.13975
2.14692
2.138
2.11819
2.0963
2.08253
2.0835
2.09852
2.12035
2.13914
2.14591
2.13457
2.10386
2.0585
2.00899
1.9685
1.94713
1.94569
1.95338
1.95438
1.93774
1.90178
1.85257
1.8001
1.7553
1.72825
1.72737
1.75668
1.81271
1.88483
1.9602
2.02887
2.08511
2.12618
2.15124
2.16099
2.15779
2.14542
2.12823
2.10997
2.09299
2.07856
2.06755
2.06078
2.05877
2.06116
2.06604
2.07003
2.06899
2.0591
2.03829
2.00705
1.96823
1.92609
1.88493
1.84924
1.82485
1.82015
1.84407
1.89922
1.9767
2.06025
2.13566
2.19566
2.23883
2.26581
2.2767
2.27071
2.24774
2.20989
2.16264
2.11353
2.06936
2.03453
2.01165
2.00218
2.00581
2.02028
2.04225
2.06878
2.0976
2.1268
2.15385
2.17589
2.18995
2.19293
2.18289
2.16069
2.13133
2.10327
2.08553
2.08364
2.09589
2.11361
2.12561
2.12435
2.10966
2.08843
2.06984
2.0587
2.05268
2.04668
2.03825
2.02793
2.01648
2.00542
1.99858
2.00026
2.01097
2.02627
2.04063
2.05161
2.06126
2.07426
2.09466
2.12193
2.15057
