1	0
1.20709	0.207092
1.38212	0.211971
1.53702	0.215546
1.67715	0.217973
1.80621	0.219842
1.92666	0.221426
2.0397	0.222599
2.14697	0.223711
2.24878	0.224505
2.34586	0.225083
2.43892	0.225562
2.52871	0.226083
2.61542	0.226564
2.69932	0.226991
2.78072	0.227399
2.85966	0.227724
2.93637	0.227993
3.01102	0.228216
3.0838	0.228408
3.15491	0.228601
3.22443	0.228782
3.29242	0.228939
3.35913	0.229118
3.42454	0.229289
3.48894	0.229514
3.55209	0.229703
3.61419	0.229893
3.67516	0.23005
3.73512	0.230196
3.79414	0.230335
3.85227	0.230472
3.9095	0.230595
3.96584	0.230695
4.02141	0.230796
4.07612	0.230871
4.13015	0.230952
4.18352	0.23104
4.23619	0.231121
4.28828	0.231214
4.3397	0.231292
4.39047	0.231356
4.44061	0.231408
4.49021	0.231465
4.53937	0.231543
4.58798	0.231611
4.63613	0.231689
4.68375	0.231756
4.73086	0.231813
4.77744	0.231858
4.82359	0.231904
4.86931	0.231951
4.91462	0.232001
4.95944	0.232034
5.00383	0.23206
5.04781	0.232083
5.09133	0.232094
5.13454	0.232114
5.17744	0.232145
5.21997	0.232171
5.26215	0.232196
5.30397	0.232216
5.34543	0.232232
5.38656	0.232245
5.4274	0.232264
5.46793	0.232281
5.50818	0.232302
5.54813	0.23232
5.58779	0.232339
5.62716	0.232356
5.66628	0.232376
5.70512	0.232394
5.74372	0.232416
5.78206	0.232438
5.82016	0.232461
5.85804	0.232488
5.89569	0.232518
5.93309	0.232546
5.97025	0.232571
6.00718	0.232595
6.04388	0.232618
6.0804	0.232649
6.11671	0.232679
6.15277	0.232704
6.18863	0.232729
6.22425	0.232748
6.25968	0.23277
6.29493	0.232794
6.32996	0.232814
6.36479	0.232833
6.39944	0.232852
6.43388	0.232867
6.46813	0.232883
6.5022	0.232898
6.53613	0.232918
6.56987	0.232936
6.60343	0.232952
6.63681	0.232966
6.67007	0.232987
6.70315	0.233006
