0	0
1	0
2.00004	0.00422734
2.99726	0.00657015
3.99336	0.0090822
4.9973	0.0106785
5.9895	0.0130989
6.9895	0.0171397
7.98286	0.0189729
8.97772	0.0223662
9.98166	0.02339
10.9872	0.0263152
11.9966	0.0282317
12.9805	0.0312783
13.9747	0.0304824
14.9759	0.033267
15.982	0.035119
16.9921	0.0387629
17.9946	0.0415268
18.9952	0.0430169
20.014	0.0480371
21.0006	0.0521286
22.0032	0.0522643
22.9887	0.055367
24.0037	0.0587062
25.018	0.0615576
26.0076	0.0636738
26.983	0.0661627
27.9824	0.0673598
28.9633	0.0687166
29.9715	0.0693809
30.9499	0.0692574
31.9398	0.0713246
32.9459	0.0749745
33.954	0.0794836
34.9394	0.0847341
35.9749	0.090013
36.9587	0.0935607
37.9265	0.0975189
38.9165	0.100624
39.9292	0.104107
40.9257	0.108362
41.9278	0.109664
42.9463	0.111251
43.9266	0.114723
44.9098	0.117746
45.9146	0.121882
46.9347	0.125011
47.9417	0.124198
48.938	0.12321
49.9638	0.127682
50.9845	0.139252
51.9835	0.14419
52.9497	0.147638
54.0117	0.151985
55.019	0.153098
56.0179	0.15208
56.9808	0.151704
57.9896	0.152502
58.9752	0.154956
59.9157	0.158579
60.904	0.159405
61.8446	0.159939
62.8694	0.164787
63.8616	0.171371
64.8433	0.174787
65.8091	0.176515
66.7813	0.181467
67.7546	0.185826
68.7458	0.189611
69.7785	0.192138
70.7851	0.19215
71.7562	0.192515
72.7636	0.196428
73.7753	0.195492
74.7724	0.200487
75.7746	0.199599
76.7424	0.197516
77.7725	0.196313
78.7675	0.197206
79.7648	0.199559
80.7864	0.20264
81.7812	0.206435
82.7578	0.205721
83.7938	0.207489
84.7693	0.210198
85.7283	0.213193
86.6676	0.218542
87.7066	0.223551
88.6867	0.219373
89.7287	0.214834
90.7298	0.217808
91.7089	0.219481
92.7584	0.218204
93.7471	0.214293
94.692	0.221568
95.7269	0.227623
96.7493	0.22805
97.7409	0.227371
98.7211	0.23555
