-0.182631   0.32   -0.408586
0.124385   -0.308634   -0.0965897
-0.499195   -0.236641   0.119464
0.46442   0.0973891   0.187745
0.0244853   0.451339   -0.0852822
0.0179898   0.0212801   0.438614
-0.375883   -0.395274   -0.0240151
0.496567   0.429784   -0.246087
-0.193542   -0.499605   0.0262799
-0.14133   0.00293028   0.301994
-0.19668   -0.0779589   -0.483327
-0.215651   0.297078   0.36228
0.321756   0.320328   -0.211121
-0.371984   -0.368154   0.237528
-0.389678   -0.112315   0.436094
0.282804   0.0660598   0.134555
-0.121178   -0.380458   0.409051
-0.361409   0.428162   0.12592
-0.132837   0.323357   -0.017755
0.161933   -0.351808   -0.308635
0.37732   -0.136757   -0.00941573
0.335436   -0.317242   -0.437433
0.028203   -0.130561   0.246473
-0.419936   -0.021069   -0.0173908
0.484507   0.260082   -0.120016
-0.00254493   -0.465796   0.0982481
-0.0249213   -0.0911964   -0.10133
0.0281615   0.0891377   -0.208033
0.0129627   0.314024   -0.234432
0.44639   -0.486084   0.219324
0.321432   -0.492286   -0.313038
-0.229111   -0.31524   0.080943
-0.173947   0.498718   0.246142
0.360993   -0.360908   -0.0107787
-0.161281   0.430387   -0.183405
-0.219276   0.0965734   -0.326757
0.140503   -0.0966367   0.100406
-0.494028   -0.462786   -0.454435
0.278093   -0.000104831   -0.0942432
0.178731   -0.188232   -0.477588
0.231615   0.269393   0.422876
0.260326   0.483998   0.109935
0.00975023   -0.328513   0.255106
-0.271985   0.0985154   0.460003
-0.196489   -0.213217   0.291421
-0.197012   -0.320508   -0.367754
0.206787   0.0801116   0.452149
0.45744   0.458461   -0.0605485
0.4058   0.134966   -0.0111571
0.376431   -0.134967   -0.488039
0.0844943   -0.0125591   -0.376173
0.238736   0.322718   -0.0198381
-0.0314575   0.154991   -0.435305
0.276737   -0.164748   -0.204946
0.269099   0.0125739   -0.347843
-0.343671   0.0438935   -0.193498
0.163458   -0.309913   0.119064
-0.186193   -0.36456   -0.151671
-0.389627   0.318933   -0.443857
0.058529   0.263014   -0.0235345
0.350579   0.328358   -0.414643
-0.0544443   -0.293114   -0.0141379
0.239385   -0.474411   -0.125652
-0.235477   0.487311   -0.481788
-0.342338   -0.228212   -0.258056
-0.459259   -0.269219   -0.410792
-0.348498   0.408984   -0.0922108
0.438145   0.0329229   -0.185808
-0.0319107   -0.182059   0.487523
0.325169   0.398768   0.326033
0.093731   0.478762   0.318405
-0.314148   0.230603   0.173126
-0.0702604   -0.115713   -0.310793
0.0543395   0.0733913   0.189886
0.310668   -0.170545   0.174441
-0.322521   0.265173   -0.257539
-0.488089   0.245032   0.37488
-0.0450692   -0.449027   -0.304567
0.479777   -0.135406   -0.280142
-0.323984   -0.332111   0.458401
0.260671   0.278278   0.169409
0.484241   0.308921   0.185098
-0.318179   -0.138719   0.157363
0.217055   -0.284907   0.316728
0.000555089   0.247366   0.375446
0.432295   -0.342162   -0.220894
-0.0819565   0.106294   0.0178004
0.242503   -0.488762   0.468282
-0.358437   -0.429429   -0.272277
0.44797   0.156247   -0.364593
0.456798   -0.33362   0.364142
0.0819023   -0.372219   -0.480507
0.142763   0.244463   -0.372768
-0.248153   0.0252039   0.0685253
-0.229295   -0.155269   -0.0769922
-0.382403   0.423963   0.322265
-0.403977   0.00646449   -0.387244
0.125905   0.444491   -0.355179
0.10633   0.0753086   -0.00930401
0.20451   -0.068554   0.314462
-0.0251906   0.289033   0.173573
-0.348846   0.0577515   0.280471
-0.331211   0.20518   -0.0473674
-0.030888   0.418519   0.493473
-0.145301   0.188981   -0.1778
0.444324   -0.143241   0.301954
0.440505   0.0597562   0.458611
-0.103103   -0.112108   0.0921488
