	1	1.39365	1.39365	0
	2	1.282	1.33783	0.0558264
	3	1.47509	1.38358	0.0559679
	4	1.39563	1.3866	0.0396898
	5	1.33926	1.37713	0.032168
	6	1.51136	1.3995	0.0345012
	7	1.543	1.42	0.0356441
	8	1.51568	1.43196	0.0331047
	9	1.62898	1.45385	0.036491
	10	1.5313	1.4616	0.0335449
	11	1.43746	1.4594	0.0304218
	12	1.47173	1.46043	0.0277902
	13	1.41719	1.4571	0.0257787
	14	1.4418	1.45601	0.0238914
	15	1.2805	1.44431	0.0251317
	16	1.36951	1.43963	0.0239689
	17	1.33211	1.43331	0.0233864
	18	1.24572	1.42289	0.0243878
	19	1.43823	1.42369	0.0230827
	20	1.51449	1.42823	0.0223638
	21	1.32062	1.42311	0.0218808
	22	1.3299	1.41887	0.0212883
	23	1.49346	1.42212	0.0205986
	24	1.40942	1.42159	0.0197287
	25	1.35197	1.4188	0.0191269
	26	1.32715	1.41528	0.0187117
	27	1.37706	1.41386	0.0180608
	28	1.37812	1.41259	0.0174506
	29	1.19142	1.40496	0.0184847
	30	1.41158	1.40518	0.0178593
	31	1.39286	1.40478	0.0172781
	32	1.32846	1.4024	0.0168986
	33	1.14007	1.39445	0.0182057
	34	1.39643	1.39451	0.0176622
	35	1.30225	1.39187	0.0173515
	36	1.25685	1.38812	0.0172748
	37	1.22888	1.38382	0.0173438
	38	1.39367	1.38408	0.0168832
	39	1.32533	1.38257	0.0165135
	40	1.16689	1.37718	0.0169745
	41	1.45702	1.37913	0.0166695
	42	1.4731	1.38136	0.0164209
	43	1.34264	1.38046	0.0160597
	44	1.36573	1.38013	0.0156941
	45	1.39849	1.38054	0.0153468
	46	1.33783	1.37961	0.0150381
	47	1.42392	1.38055	0.0147448
	48	1.3735	1.3804	0.0144351
	49	1.30748	1.37891	0.0142156
	50	1.37566	1.37885	0.0139285
