0.0256496	0	0
0.0512993	0	0
0.0769489	0	0
0.102599	0	0
0.128248	0	0
0.153898	0	0
0.179547	0	0
0.205197	0	0
0.230847	0	0
0.256496	0	0
0.282146	0	0
0.307796	0	0
0.333445	0	0
0.359095	0	0
0.384745	0	0
0.410394	0	0
0.436044	0	0
0.461694	0	0
0.487343	0	0
0.512993	0	0
0.538642	0	0
0.564292	0	0
0.589942	0	0
0.615591	0	0
0.641241	0	0
0.666891	0	0
0.69254	0	0
0.71819	0	0
0.74384	0	0
0.769489	0	0
0.795139	0	0
0.820788	0	0
0.846438	0	0
0.872088	2.33427e-05	1.7256e-05
0.897737	0.00126186	0.00012649
0.923387	0.023309	0.000443977
0.949037	0.163495	0.00128676
0.974686	0.562103	0.00314127
1.00034	1.19206	0.00403903
1.02599	1.85921	0.00451275
1.05164	2.33783	0.00461196
1.07728	2.5598	0.00433875
1.10293	2.55421	0.00374738
1.12858	2.41322	0.0038636
1.15423	2.20838	0.00462714
1.17988	1.97903	0.00368919
1.20553	1.75496	0.00362297
1.23118	1.56366	0.00368499
1.25683	1.3895	0.00338971
1.28248	1.2448	0.00334284
1.30813	1.12022	0.00335422
1.33378	1.02313	0.00263019
1.35943	0.937094	0.00252048
1.38508	0.87256	0.00258615
1.41073	0.816888	0.00229799
1.43638	0.77155	0.00205077
1.46203	0.735351	0.00187196
1.48768	0.709504	0.00200915
1.51333	0.688986	0.00206121
1.53898	0.678139	0.00200872
1.56463	0.672147	0.00201957
1.59028	0.668036	0.00215153
1.61593	0.675149	0.00216957
1.64158	0.686384	0.00251142
1.66723	0.701245	0.00213348
1.69288	0.720815	0.0018878
1.71853	0.750307	0.0019433
1.74418	0.779365	0.00213041
1.76983	0.81673	0.00179213
1.79547	0.855415	0.00208836
1.82112	0.894058	0.00216183
1.84677	0.936116	0.00209834
1.87242	0.980727	0.00209503
1.89807	1.01904	0.00178434
1.92372	1.0583	0.00211744
1.94937	1.09876	0.00197527
1.97502	1.12897	0.0016792
2.00067	1.16274	0.00162164
2.02632	1.18697	0.0017494
2.05197	1.20471	0.00203485
2.07762	1.21388	0.00211237
2.10327	1.21438	0.00236197
2.12892	1.2087	0.00195152
2.15457	1.1934	0.00211762
2.18022	1.17357	0.00186149
2.20587	1.1507	0.00191363
2.23152	1.1224	0.00208407
2.25717	1.09491	0.00182769
2.28282	1.06454	0.00169215
2.30847	1.03801	0.00178527
2.33412	1.01313	0.00157999
2.35977	0.98919	0.00165422
2.38542	0.966281	0.00169658
2.41107	0.944942	0.00163856
2.43672	0.930227	0.00165756
2.46237	0.918978	0.00150091
2.48802	0.90792	0.00147452
2.51366	0.895462	0.00162054
2.53931	0.886436	0.00134034
2.56496	0.885478	0.00157714
