	1	-5.46844	-5.46844	0
	2	-5.48356	-5.476	0.00756202
	3	-5.44518	-5.46573	0.0111625
	4	-5.45848	-5.46392	0.00809851
	5	-5.48749	-5.46863	0.00784747
	6	-5.43735	-5.46342	0.00826004
	7	-5.44992	-5.46149	0.00724261
	8	-5.44061	-5.45888	0.00679354
	9	-5.43462	-5.45618	0.00656966
	10	-5.441	-5.45467	0.00606912
	11	-5.46074	-5.45522	0.00551744
	12	-5.46646	-5.45615	0.00512306
	13	-5.47166	-5.45735	0.00486115
	14	-5.46084	-5.4576	0.00450747
	15	-5.48817	-5.45963	0.00466495
	16	-5.46253	-5.45982	0.00436742
	17	-5.48141	-5.46109	0.00429455
	18	-5.49229	-5.46282	0.00440455
	19	-5.46172	-5.46276	0.00416669
	20	-5.44442	-5.46184	0.00405785
	21	-5.473	-5.46238	0.00389618
	22	-5.48453	-5.46338	0.00384889
	23	-5.4396	-5.46235	0.00382032
	24	-5.46339	-5.46239	0.00365793
	25	-5.49567	-5.46372	0.00375253
	26	-5.47626	-5.46421	0.0036374
	27	-5.47575	-5.46463	0.00352611
	28	-5.48085	-5.46521	0.00344682
	29	-5.50235	-5.46649	0.00356389
	30	-5.45432	-5.46609	0.00346689
	31	-5.46333	-5.466	0.00335436
	32	-5.48086	-5.46646	0.00328088
	33	-5.51577	-5.46796	0.0035135
	34	-5.4514	-5.46747	0.00344322
	35	-5.4826	-5.4679	0.00337121
	36	-5.48849	-5.46847	0.00332576
	37	-5.51105	-5.46962	0.00343317
	38	-5.46327	-5.46946	0.00334577
	39	-5.47705	-5.46965	0.00326467
	40	-5.50795	-5.47061	0.00332292
	41	-5.45549	-5.47024	0.00326176
	42	-5.45318	-5.46983	0.00320895
	43	-5.47299	-5.46991	0.0031343
	44	-5.47025	-5.46992	0.00306224
	45	-5.45305	-5.46954	0.00301679
	46	-5.48133	-5.4698	0.00296159
	47	-5.45989	-5.46959	0.00290555
	48	-5.47723	-5.46975	0.00284883
	49	-5.47663	-5.46989	0.00279363
	50	-5.46514	-5.46979	0.00273882
