0.0230664	0	0
0.0461329	0	0
0.0691993	0	0
0.0922657	0	0
0.115332	0	0
0.138399	0	0
0.161465	0	0
0.184531	0	0
0.207598	0	0
0.230664	0	0
0.253731	0	0
0.276797	0	0
0.299864	0	0
0.32293	0	0
0.345996	0	0
0.369063	0	0
0.392129	0	0
0.415196	0	0
0.438262	0	0
0.461329	0	0
0.484395	0	0
0.507461	0	0
0.530528	0	0
0.553594	0	0
0.576661	0	0
0.599727	0	0
0.622794	0	0
0.64586	0	0
0.668926	0	0
0.691993	0	0
0.715059	0	0
0.738126	0	0
0.761192	0	0
0.784259	0	0
0.807325	0	0
0.830391	0	0
0.853458	0	0
0.876524	0	0
0.899591	0.000365257	0.000159863
0.922657	0.005149	0.000663577
0.945724	0.0596876	0.00220841
0.96879	0.353252	0.0049114
0.991856	1.10371	0.0090765
1.01492	2.34991	0.0144794
1.03799	3.64191	0.0150331
1.06106	4.53994	0.0191914
1.08412	4.74537	0.019319
1.10719	4.36481	0.0216877
1.13026	3.56525	0.0190456
1.15332	2.66937	0.0140307
1.17639	1.84343	0.0124157
1.19945	1.17592	0.00889884
1.22252	0.694651	0.00781905
1.24559	0.377635	0.0059612
1.26865	0.196213	0.00447547
1.29172	0.100133	0.0040009
1.31479	0.0562059	0.00256598
1.33785	0.0476372	0.0025072
1.36092	0.0703785	0.00330026
1.38399	0.114471	0.00336715
1.40705	0.194382	0.00429857
1.43012	0.311284	0.00425138
1.45319	0.457306	0.00459199
1.47625	0.625773	0.00535352
1.49932	0.788354	0.00662809
1.52238	0.90735	0.00817935
1.54545	0.956128	0.00795037
1.56852	0.910083	0.00651429
1.59158	0.803662	0.00530759
1.61465	0.648822	0.00518247
1.63772	0.468075	0.00412875
1.66078	0.318292	0.00371841
1.68385	0.227496	0.0036546
1.70692	0.211585	0.00418322
1.72998	0.283934	0.0042367
1.75305	0.468324	0.00546791
1.77612	0.780618	0.0055309
1.79918	1.23233	0.00632888
1.82225	1.72643	0.00733784
1.84531	2.22253	0.00818491
1.86838	2.54508	0.0101977
1.89145	2.63318	0.0116776
1.91451	2.4891	0.0101957
1.93758	2.13568	0.00941673
1.96065	1.68797	0.00879758
1.98371	1.22238	0.0055205
2.00678	0.838316	0.00568116
2.02985	0.585379	0.00592312
2.05291	0.477986	0.00584752
2.07598	0.491644	0.00559904
2.09905	0.61045	0.00435926
2.12211	0.765448	0.00412055
2.14518	0.894633	0.00459387
2.16824	0.972883	0.00506735
2.19131	0.97135	0.00573353
2.21438	0.896833	0.00490702
2.23744	0.779867	0.00441498
2.26051	0.664165	0.00453342
2.28358	0.592428	0.0050054
2.30664	0.598442	0.00586945
