	1	-26.4076	-26.4076	0
	2	-26.4576	-26.4326	0.0250102
	3	-26.4607	-26.442	0.0172208
	4	-26.3743	-26.425	0.0208453
	5	-26.3794	-26.4159	0.0185431
	6	-26.4972	-26.4295	0.0203123
	7	-26.5661	-26.449	0.0259986
	8	-26.3777	-26.4401	0.0242123
	9	-26.4398	-26.44	0.0213532
	10	-26.412	-26.4372	0.0193039
	11	-26.5233	-26.4451	0.0191328
	12	-26.4096	-26.4421	0.0177135
	13	-26.4572	-26.4433	0.0163351
	14	-26.3965	-26.4399	0.0154875
	15	-26.4549	-26.4409	0.0144525
	16	-26.5204	-26.4459	0.0144026
	17	-26.417	-26.4442	0.0136351
	18	-26.402	-26.4418	0.0130677
	19	-26.4114	-26.4402	0.012464
	20	-26.5384	-26.4452	0.0128017
	21	-26.498	-26.4477	0.0124343
	22	-26.4583	-26.4482	0.0118655
	23	-26.3965	-26.4459	0.0115582
	24	-26.5223	-26.4491	0.011515
	25	-26.4538	-26.4493	0.0110464
	26	-26.3991	-26.4474	0.0107872
	27	-26.4993	-26.4493	0.0105568
	28	-26.4881	-26.4507	0.0102667
	29	-26.4448	-26.4505	0.00990845
	30	-26.519	-26.4527	0.00984159
	31	-26.3549	-26.4496	0.0100289
	32	-26.4196	-26.4486	0.0097557
	33	-26.5296	-26.4511	0.00976814
	34	-26.4603	-26.4514	0.00948039
	35	-26.4377	-26.451	0.00921385
	36	-26.4683	-26.4515	0.00896723
	37	-26.4816	-26.4523	0.00875952
	38	-26.4592	-26.4525	0.00852782
	39	-26.4184	-26.4516	0.00835203
	40	-26.5047	-26.4529	0.00824809
	41	-26.5501	-26.4553	0.00838648
	42	-26.4176	-26.4544	0.00823336
	43	-26.4218	-26.4536	0.0080752
	44	-26.4323	-26.4531	0.00790442
	45	-26.4723	-26.4536	0.00773851
	46	-26.3372	-26.451	0.00798016
	47	-26.4458	-26.4509	0.00780932
	48	-26.5216	-26.4524	0.00778531
	49	-26.4019	-26.4514	0.00769403
	50	-26.4387	-26.4511	0.00754287
