	1	0.196535	0.196535	0
	2	0.195966	0.196251	0.000201233
	3	0.203826	0.198776	0.00206602
	4	0.198745	0.198768	0.00154953
	5	0.198784	0.198771	0.00123963
	6	0.195922	0.198296	0.00112026
	7	0.199822	0.198514	0.000981206
	8	0.195113	0.198089	0.000946187
	9	0.196926	0.19796	0.000849842
	10	0.196526	0.197817	0.000776862
	11	0.19341	0.197416	0.000802911
	12	0.203101	0.19789	0.000864547
	13	0.19743	0.197854	0.000798766
	14	0.191728	0.197417	0.000853193
	15	0.195015	0.197257	0.000811197
	16	0.200548	0.197462	0.000786139
	17	0.202234	0.197743	0.00078842
	18	0.198596	0.19779	0.000746041
	19	0.19577	0.197684	0.000714313
	20	0.195586	0.197579	0.000686255
	1	0.196409	0.196409	0
	2	0.196903	0.196656	0.000174615
	3	0.199811	0.197707	0.000866603
	4	0.195177	0.197075	0.000850057
	5	0.198635	0.197387	0.00073513
	6	0.202687	0.19827	0.00101267
	7	0.197488	0.198158	0.000874144
	8	0.199523	0.198329	0.000781344
	9	0.196898	0.19817	0.000710513
	10	0.204985	0.198852	0.000909334
	11	0.199029	0.198868	0.00082681
	12	0.200721	0.199022	0.000772204
	13	0.200253	0.199117	0.000718587
	14	0.199968	0.199178	0.000669827
	15	0.201402	0.199326	0.000641376
	16	0.203339	0.199577	0.000648469
	17	0.194793	0.199295	0.000668592
	18	0.197837	0.199214	0.000636338
	19	0.194246	0.198953	0.000654363
	20	0.196425	0.198826	0.000633735
	1	0.195267	0.195267	0
	2	0.201361	0.198314	0.00215444
	3	0.200347	0.198992	0.00153915
	4	0.204534	0.200377	0.00166512
	5	0.197454	0.199793	0.00143106
	6	0.197229	0.199366	0.00125471
	7	0.194064	0.198608	0.00128388
	8	0.200992	0.198906	0.00115745
	9	0.197063	0.198701	0.0010468
	10	0.204865	0.199318	0.00110883
	11	0.197488	0.199151	0.00102043
	12	0.195945	0.198884	0.000969733
	13	0.201246	0.199066	0.000912002
	14	0.199036	0.199064	0.000846862
	15	0.196351	0.198883	0.000809486
	16	0.207037	0.199393	0.000905217
	17	0.194486	0.199104	0.000896793
	18	0.201799	0.199254	0.000859383
	19	0.199839	0.199285	0.000814703
	20	0.200465	0.199344	0.000776102
	1	0.204087	0.204087	0
	2	0.198684	0.201385	0.00191005
	3	0.205989	0.20292	0.00178644
	4	0.200387	0.202287	0.0014477
	5	0.203549	0.202539	0.00117997
	6	0.196896	0.201599	0.00130544
	7	0.201369	0.201566	0.00111936
	8	0.193489	0.200556	0.00136056
	9	0.19766	0.200235	0.00124686
	10	0.198666	0.200078	0.001132
	11	0.19653	0.199755	0.00107405
	12	0.199635	0.199745	0.00098459
	13	0.195642	0.199429	0.000958106
	14	0.202367	0.199639	0.000912357
	15	0.202299	0.199817	0.000868592
	16	0.192936	0.199387	0.000914581
	17	0.207443	0.19986	0.000975875
	18	0.19948	0.199839	0.000921889
	19	0.202068	0.199957	0.000880802
	20	0.203886	0.200153	0.000858388
	1	0.198292	0.198292	0
	2	0.206501	0.202397	0.00290246
	3	0.203088	0.202627	0.0019441
	4	0.209042	0.204231	0.0020136
	5	0.20163	0.203711	0.00167672
	6	0.204423	0.203829	0.00140147
	7	0.201708	0.203526	0.00123361
	8	0.199957	0.20308	0.00115727
	9	0.204351	0.203221	0.00103727
	10	0.196533	0.202553	0.00112875
	11	0.200823	0.202395	0.00103703
	12	0.201305	0.202305	0.000954588
	13	0.201539	0.202246	0.000882973
	14	0.20497	0.20244	0.000841071
	15	0.196951	0.202074	0.000860944
	16	0.205439	0.202285	0.000832418
	17	0.205747	0.202488	0.000807982
	18	0.200466	0.202376	0.000770861
	19	0.200955	0.202301	0.000733908
	20	0.206986	0.202535	0.00073364
	1	0.203289	0.203289	0
	2	0.20461	0.203949	0.000467116
	3	0.200958	0.202952	0.000871479
	4	0.210126	0.204746	0.00168517
	5	0.202883	0.204373	0.00138869
	6	0.20709	0.204826	0.00122882
	7	0.204762	0.204817	0.00105331
	8	0.207034	0.205094	0.000957412
	9	0.205406	0.205129	0.000851659
	10	0.201417	0.204757	0.000843494
	11	0.205336	0.20481	0.000768451
	12	0.207517	0.205036	0.000736783
	13	0.196681	0.204393	0.000918576
	14	0.203594	0.204336	0.000854737
	15	0.208261	0.204598	0.000836843
	16	0.200621	0.204349	0.000820611
	17	0.201673	0.204192	0.00078729
	18	0.20364	0.204161	0.000744147
	19	0.203023	0.204101	0.000707389
	20	0.200724	0.203932	0.000691879
	1	0.204862	0.204862	0
	2	0.207146	0.206004	0.000807538
	3	0.20349	0.205166	0.000870564
	4	0.206973	0.205618	0.000761233
	5	0.208598	0.206214	0.000809363
	6	0.203926	0.205833	0.000758959
	7	0.212224	0.206746	0.00106664
	8	0.203692	0.206364	0.000999284
	9	0.206762	0.206408	0.000889231
	10	0.208769	0.206644	0.000831046
	11	0.208808	0.206841	0.000778436
	12	0.202143	0.206449	0.000806035
	13	0.208705	0.206623	0.000762482
	14	0.206378	0.206605	0.000708219
	15	0.204478	0.206464	0.000675054
	16	0.2043	0.206328	0.000646266
	17	0.209869	0.206537	0.000640926
	18	0.201912	0.20628	0.000654785
	19	0.208186	0.20638	0.000627965
	20	0.20365	0.206244	0.00061122
	1	0.207006	0.207006	0
	2	0.207912	0.207459	0.000320566
	3	0.205998	0.206972	0.00045146
	4	0.206315	0.206808	0.000367264
	5	0.208449	0.207136	0.000415366
	6	0.206756	0.207072	0.00035094
	7	0.207236	0.207096	0.000301583
	8	0.207821	0.207186	0.000277158
	9	0.204453	0.206883	0.000377775
	10	0.204747	0.206669	0.000395797
	11	0.20082	0.206137	0.00062169
	12	0.209418	0.206411	0.000627121
	13	0.207847	0.206521	0.000588538
	14	0.207449	0.206588	0.000550221
	15	0.2021	0.206288	0.000589298
	16	0.210723	0.206566	0.00061421
	17	0.2083	0.206668	0.000586497
	18	0.201913	0.206403	0.000610494
	19	0.204819	0.20632	0.000584033
	20	0.210947	0.206551	0.000598898
	1	0.20647	0.20647	0
	2	0.205445	0.205958	0.000362506
	3	0.212644	0.208186	0.00183584
	4	0.211544	0.209026	0.00155703
	5	0.209869	0.209195	0.00125473
	6	0.206846	0.208803	0.00110498
	7	0.213639	0.209494	0.00114284
	8	0.208908	0.209421	0.00100233
	9	0.210085	0.209495	0.000893675
	10	0.206483	0.209193	0.000853544
	11	0.208466	0.209127	0.000778504
	12	0.214374	0.209565	0.000827357
	13	0.209224	0.209538	0.000764129
	14	0.205398	0.209243	0.000764645
	15	0.209621	0.209268	0.000714085
	16	0.214216	0.209577	0.000733362
	17	0.208048	0.209487	0.000695715
	18	0.212787	0.20967	0.000680788
	19	0.20484	0.209416	0.000690801
	20	0.206982	0.209294	0.000666894
	1	0.210683	0.210683	0
	2	0.214706	0.212694	0.00142225
	3	0.207368	0.210919	0.00173208
	4	0.210941	0.210925	0.00129907
	5	0.211009	0.210941	0.00103937
	6	0.213035	0.21129	0.000922869
	7	0.214447	0.211741	0.000894418
	8	0.209587	0.211472	0.000822161
	9	0.213109	0.211654	0.000750652
	10	0.213522	0.211841	0.00069844
	11	0.215201	0.212146	0.000698573
	12	0.207931	0.211795	0.000723314
	13	0.211125	0.211743	0.000669508
	14	0.212661	0.211809	0.000624885
	15	0.211696	0.211801	0.000583271
	16	0.214341	0.21196	0.000567997
	17	0.209063	0.21179	0.000559559
	18	0.210485	0.211717	0.000533147
	19	0.211339	0.211697	0.000505458
	20	0.207455	0.211485	0.000522792
	1	0.220277	0.220277	0
	2	0.217775	0.219026	0.00088462
	3	0.211925	0.216659	0.00202055
	4	0.212555	0.215633	0.00175663
	5	0.209647	0.214436	0.00176672
	6	0.206814	0.213166	0.00187411
	7	0.214379	0.213339	0.00161437
	8	0.212041	0.213177	0.00142071
	9	0.21088	0.212921	0.00128555
	10	0.206521	0.212281	0.00130664
	11	0.215102	0.212538	0.00121274
	12	0.20731	0.212102	0.00118736
	13	0.207731	0.211766	0.00114264
	14	0.211111	0.211719	0.00106198
	15	0.20727	0.211423	0.00103176
	16	0.210355	0.211356	0.000969436
	17	0.213339	0.211472	0.000919402
	18	0.217694	0.211818	0.000931029
	19	0.210792	0.211764	0.000883592
	20	0.206846	0.211518	0.000872957
	1	0.213313	0.213313	0
	2	0.215561	0.214437	0.000794775
	3	0.209811	0.212895	0.00136616
	4	0.215942	0.213657	0.00121857
	5	0.210087	0.212943	0.00116535
	6	0.211601	0.212719	0.000992344
	7	0.21736	0.213382	0.00104896
	8	0.208988	0.212833	0.00105186
	9	0.214041	0.212967	0.000943507
	10	0.213825	0.213053	0.000853044
	11	0.211947	0.212952	0.000781391
	12	0.211981	0.212871	0.000720459
	13	0.208835	0.212561	0.000728867
	14	0.209953	0.212375	0.000700206
	15	0.21396	0.21248	0.000661454
	16	0.22243	0.213102	0.000864347
	17	0.212223	0.21305	0.00081505
	18	0.208557	0.212801	0.000807102
	19	0.2138	0.212853	0.000766335
	20	0.222643	0.213343	0.000870421
	1	0.21756	0.21756	0
	2	0.214729	0.216144	0.00100092
	3	0.216639	0.216309	0.000680734
	4	0.212049	0.215244	0.00105427
	5	0.217092	0.215614	0.000905904
	6	0.218681	0.216125	0.000887487
	7	0.21728	0.21629	0.000775891
	8	0.218298	0.216541	0.000718359
	9	0.21887	0.2168	0.000683558
	10	0.220047	0.217124	0.000688035
	11	0.223987	0.217748	0.000863199
	12	0.216572	0.21765	0.000796811
	13	0.222611	0.218032	0.000821819
	14	0.212539	0.217639	0.000851644
	15	0.216988	0.217596	0.000795974
	16	0.21626	0.217513	0.000750593
	17	0.218366	0.217563	0.000708118
	18	0.220687	0.217736	0.000689722
	19	0.214197	0.21755	0.000678115
	20	0.218814	0.217613	0.000647148
	1	0.218064	0.218064	0
	2	0.22313	0.220597	0.0017912
	3	0.216688	0.219294	0.0015992
	4	0.220093	0.219494	0.00121182
	5	0.217346	0.219064	0.0010428
	6	0.216789	0.218685	0.000935416
	7	0.219922	0.218862	0.000818314
	8	0.216275	0.218538	0.0007773
	9	0.215497	0.2182	0.00076087
	10	0.215081	0.217888	0.000745995
	11	0.219111	0.218	0.000686412
	12	0.210714	0.217392	0.000856644
	13	0.223797	0.217885	0.000921605
	14	0.211118	0.217402	0.000974329
	15	0.216417	0.217336	0.000911583
	16	0.220023	0.217504	0.000869944
	17	0.218209	0.217546	0.000819759
	18	0.217104	0.217521	0.000774583
	19	0.221474	0.217729	0.000761249
	20	0.213819	0.217534	0.000747876
	1	0.219702	0.219702	0
	2	0.222857	0.221279	0.00111546
	3	0.217616	0.220058	0.00124388
	4	0.212385	0.21814	0.00190528
	5	0.215236	0.217559	0.00161029
	6	0.212756	0.216759	0.00152798
	7	0.220959	0.217359	0.00142268
	8	0.219904	0.217677	0.00127993
	9	0.219966	0.217931	0.00116271
	10	0.221704	0.218308	0.00110595
	11	0.216073	0.218105	0.0010239
	12	0.220425	0.218299	0.000956657
	13	0.218585	0.218321	0.000883322
	14	0.224714	0.218777	0.000930808
	15	0.221129	0.218934	0.000881857
	16	0.216896	0.218807	0.000835889
	17	0.220632	0.218914	0.000793588
	18	0.216154	0.218761	0.00076417
	19	0.217848	0.218713	0.000725458
	20	0.215342	0.218544	0.000708489
	1	0.222183	0.222183	0
	2	0.223216	0.222699	0.000365463
	3	0.224064	0.223154	0.000444087
	4	0.217942	0.221851	0.00117652
	5	0.219414	0.221364	0.00103726
	6	0.220799	0.22127	0.000868648
	7	0.217023	0.220663	0.000932638
	8	0.219339	0.220498	0.000830612
	9	0.226541	0.221169	0.000972598
	10	0.222696	0.221322	0.000887239
	11	0.214438	0.220696	0.0010033
	12	0.215415	0.220256	0.0010116
	13	0.220758	0.220294	0.00093452
	14	0.222449	0.220448	0.000880352
	15	0.222359	0.220576	0.000830824
	16	0.218829	0.220467	0.000786038
	17	0.225159	0.220743	0.000786775
	18	0.216563	0.22051	0.000776579
	19	0.216087	0.220278	0.000769816
	20	0.220995	0.220313	0.000732161
	1	0.219141	0.219141	0
	2	0.219619	0.21938	0.000168984
	3	0.220766	0.219842	0.000393835
	4	0.22309	0.220654	0.00076275
	5	0.218251	0.220173	0.000746413
	6	0.222669	0.220589	0.000728743
	7	0.221194	0.220675	0.000629737
	8	0.220761	0.220686	0.00055111
	9	0.226066	0.221284	0.00074676
	10	0.218013	0.220957	0.000740262
	11	0.219198	0.220797	0.000690011
	12	0.219524	0.220691	0.000640612
	13	0.222206	0.220807	0.000601846
	14	0.215402	0.220421	0.000671379
	15	0.219713	0.220374	0.000628281
	16	0.221514	0.220445	0.000593039
	17	0.228142	0.220898	0.000710244
	18	0.214656	0.220551	0.000750684
	19	0.223315	0.220697	0.000725134
	20	0.227863	0.221055	0.000772342
	1	0.217511	0.217511	0
	2	0.232309	0.22491	0.00523209
	3	0.225025	0.224948	0.0034882
	4	0.222046	0.224223	0.00269057
	5	0.224329	0.224244	0.00215254
	6	0.223336	0.224092	0.0017991
	7	0.219997	0.223507	0.00163447
	8	0.225438	0.223749	0.00144787
	9	0.225553	0.223949	0.00130079
	10	0.225242	0.224078	0.00117712
	11	0.227391	0.22438	0.00110796
	12	0.226464	0.224553	0.00102916
	13	0.229267	0.224916	0.00101184
	14	0.225292	0.224943	0.000939923
	15	0.222124	0.224755	0.000895848
	16	0.225439	0.224798	0.000840878
	17	0.226053	0.224871	0.000794653
	18	0.216707	0.224418	0.000870374
	19	0.224301	0.224412	0.000824586
	20	0.233192	0.224851	0.000892613
	1	0.220793	0.220793	0
	2	0.228638	0.224715	0.00277398
	3	0.23115	0.22686	0.00254685
	4	0.227387	0.226992	0.00191354
	5	0.226725	0.226939	0.00153157
	6	0.220767	0.22591	0.0015845
	7	0.228229	0.226241	0.00139235
	8	0.22555	0.226155	0.00122099
	9	0.225066	0.226034	0.0010913
	10	0.230216	0.226452	0.00105927
	11	0.221451	0.225997	0.00105604
	12	0.219116	0.225424	0.0011129
	13	0.219169	0.224943	0.00112653
	14	0.218776	0.224502	0.00112889
	15	0.227972	0.224734	0.00107707
	16	0.228335	0.224959	0.001033
	17	0.234216	0.225503	0.00110649
	18	0.229256	0.225712	0.00106448
	19	0.231644	0.226024	0.00105325
	20	0.223646	0.225905	0.00100728
	1	0.226391	0.226391	0
	2	0.225676	0.226033	0.000252853
	3	0.228213	0.22676	0.000616829
	4	0.223939	0.226055	0.000766215
	5	0.23026	0.226896	0.000970354
	6	0.229771	0.227375	0.00091937
	7	0.231153	0.227915	0.000933104
	8	0.228351	0.227969	0.000818063
	9	0.224256	0.227557	0.000824686
	10	0.226051	0.227406	0.000755834
	11	0.228248	0.227483	0.00069099
	12	0.227991	0.227525	0.000634703
	13	0.230929	0.227787	0.000637609
	14	0.226688	0.227708	0.000596875
	15	0.226545	0.227631	0.000562097
	16	0.227017	0.227592	0.000528274
	17	0.225931	0.227495	0.000506162
	18	0.229837	0.227625	0.000494489
	19	0.224584	0.227465	0.000493686
	20	0.229787	0.227581	0.000482466
	1	0.226614	0.226614	0
	2	0.223071	0.224843	0.00125289
	3	0.227984	0.22589	0.00119528
	4	0.227575	0.226311	0.000967858
	5	0.245119	0.230073	0.00345242
	6	0.230596	0.23016	0.00287812
	7	0.226369	0.229618	0.00251739
	8	0.232272	0.22995	0.00222447
	9	0.229337	0.229882	0.00197835
	10	0.230528	0.229947	0.00178157
	11	0.225874	0.229576	0.00165763
	12	0.233452	0.229899	0.00155063
	13	0.231515	0.230024	0.00143632
	14	0.232946	0.230232	0.00134881
	15	0.229695	0.230196	0.00125936
	16	0.227641	0.230037	0.00119074
	17	0.229258	0.229991	0.00112158
	18	0.234725	0.230254	0.00108967
	19	0.232722	0.230384	0.00104003
	20	0.232606	0.230495	0.000993951
	1	0.229384	0.229384	0
	2	0.230123	0.229753	0.000261364
	3	0.231882	0.230463	0.000604847
	4	0.226117	0.229376	0.00104457
	5	0.233551	0.230211	0.00112069
	6	0.230815	0.230312	0.000938407
	7	0.231808	0.230526	0.000828335
	8	0.230386	0.230508	0.000724976
	9	0.225063	0.229903	0.000860641
	10	0.233346	0.230247	0.000840618
	11	0.235829	0.230755	0.000904449
	12	0.240049	0.231529	0.0011123
	13	0.23403	0.231722	0.00104324
	14	0.227666	0.231432	0.00100814
	15	0.23175	0.231453	0.000941157
	16	0.231556	0.23146	0.000882357
	17	0.230988	0.231432	0.00083089
	18	0.232252	0.231477	0.000785977
	19	0.237244	0.231781	0.000801068
	20	0.230374	0.231711	0.000764097
	1	0.233739	0.233739	0
	2	0.236094	0.234917	0.000832561
	3	0.240922	0.236918	0.00172606
	4	0.2351	0.236464	0.0013531
	5	0.235694	0.23631	0.00109119
	6	0.226301	0.234642	0.00177356
	7	0.239803	0.235379	0.0016664
	8	0.230887	0.234817	0.0015498
	9	0.237762	0.235145	0.0014117
	10	0.228103	0.23444	0.00143545
	11	0.232669	0.234279	0.00131396
	12	0.230098	0.233931	0.00124981
	13	0.230591	0.233674	0.00117979
	14	0.23198	0.233553	0.00110171
	15	0.237695	0.233829	0.0010623
	16	0.23462	0.233879	0.000997059
	17	0.230589	0.233685	0.000956995
	18	0.230556	0.233511	0.000919481
	19	0.234837	0.233581	0.00087373
	20	0.23149	0.233476	0.000836277
	1	0.23342	0.23342	0
	2	0.228382	0.230901	0.00178143
	3	0.238677	0.233493	0.00242681
	4	0.244123	0.23615	0.00293416
	5	0.241128	0.237146	0.00251053
	6	0.236302	0.237005	0.00209605
	7	0.233751	0.23654	0.00184744
	8	0.234601	0.236298	0.00163233
	9	0.236405	0.23631	0.00145101
	10	0.230129	0.235692	0.00143149
	11	0.238971	0.23599	0.00133203
	12	0.228765	0.235388	0.00135027
	13	0.238536	0.23563	0.00126794
	14	0.223677	0.234776	0.00143636
	15	0.233748	0.234708	0.00134224
	16	0.237089	0.234856	0.00126657
	17	0.233107	0.234754	0.00119624
	18	0.232804	0.234645	0.00113468
	19	0.241109	0.234985	0.00112479
	20	0.231261	0.234799	0.00108386
	1	0.234639	0.234639	0
	2	0.238957	0.236798	0.00152653
	3	0.233245	0.235614	0.00140378
	4	0.235196	0.235509	0.00105672
	5	0.240522	0.236512	0.00123239
	6	0.233059	0.235936	0.00115359
	7	0.233542	0.235594	0.00103827
	8	0.235771	0.235616	0.000908722
	9	0.243339	0.236474	0.0011432
	10	0.248153	0.237642	0.001512
	11	0.23928	0.237791	0.00138186
	12	0.23622	0.23766	0.00127289
	13	0.238252	0.237706	0.00117579
	14	0.24116	0.237952	0.0011174
	15	0.233837	0.237678	0.00107607
	16	0.240232	0.237838	0.00102058
	17	0.236554	0.237762	0.000963339
	18	0.238671	0.237813	0.000911144
	19	0.240025	0.237929	0.000870599
	20	0.227616	0.237413	0.000967795
	1	0.238387	0.238387	0
	2	0.2394	0.238894	0.000358226
	3	0.241566	0.239784	0.000765519
	4	0.24092	0.240068	0.000624565
	5	0.240945	0.240244	0.000523679
	6	0.233413	0.239105	0.00112712
	7	0.23398	0.238373	0.00118016
	8	0.239862	0.238559	0.00104722
	9	0.232899	0.23793	0.00110367
	10	0.238391	0.237976	0.000994267
	11	0.239653	0.238129	0.000915481
	12	0.235656	0.237923	0.000862071
	13	0.240955	0.238156	0.000826719
	14	0.238819	0.238203	0.000769022
	15	0.240105	0.23833	0.000728133
	16	0.242992	0.238622	0.000738624
	17	0.237363	0.238548	0.000698876
	18	0.24128	0.238699	0.000676341
	19	0.244669	0.239014	0.000709984
	20	0.239564	0.239041	0.000675018
	1	0.246617	0.246617	0
	2	0.24281	0.244713	0.00134616
	3	0.243296	0.244241	0.000976899
	4	0.242543	0.243816	0.000819703
	5	0.241279	0.243309	0.000797495
	6	0.245747	0.243715	0.00076106
	7	0.244574	0.243838	0.000662154
	8	0.243548	0.243802	0.000580376
	9	0.248448	0.244318	0.000709269
	10	0.238011	0.243687	0.0008749
	11	0.240302	0.24338	0.000847767
	12	0.247098	0.243689	0.000831826
	13	0.239809	0.243391	0.000819642
	14	0.237076	0.24294	0.000876471
	15	0.238477	0.242642	0.000867075
	16	0.245575	0.242826	0.000832027
	17	0.23614	0.242432	0.000871089
	18	0.243713	0.242503	0.000825595
	19	0.236003	0.242161	0.000850075
	20	0.241826	0.242145	0.000807736
	1	0.245612	0.245612	0
	2	0.246364	0.245988	0.000265905
	3	0.238602	0.243526	0.00201791
	4	0.243797	0.243594	0.00151457
	5	0.237643	0.242403	0.00161282
	6	0.240865	0.242147	0.00136424
	7	0.244791	0.242525	0.00122053
	8	0.245984	0.242957	0.00114199
	9	0.241571	0.242803	0.00102544
	10	0.239985	0.242521	0.000960829
	11	0.239475	0.242245	0.000912519
	12	0.239778	0.242039	0.000859318
	13	0.240462	0.241918	0.00080173
	14	0.239962	0.241778	0.000756538
	15	0.24497	0.241991	0.00073542
	16	0.240735	0.241912	0.00069363
	17	0.2451	0.2421	0.000677707
	18	0.238518	0.241901	0.000668635
	19	0.242164	0.241915	0.000633586
	20	0.237231	0.241681	0.000643727
	1	0.239472	0.239472	0
	2	0.240125	0.239798	0.000231022
	3	0.243277	0.240958	0.000959112
	4	0.247961	0.242709	0.00167816
	5	0.252873	0.244741	0.00226021
	6	0.241494	0.2442	0.00194722
	7	0.236445	0.243092	0.00195905
	8	0.24465	0.243287	0.00172382
	9	0.24584	0.243571	0.00155545
	10	0.241591	0.243373	0.00141245
	11	0.245651	0.24358	0.00129914
	12	0.245571	0.243746	0.00120142
	13	0.245383	0.243872	0.00111559
	14	0.244336	0.243905	0.00103639
	15	0.250422	0.244339	0.00105445
	16	0.248318	0.244588	0.00101744
	17	0.246782	0.244717	0.000965745
	18	0.247488	0.244871	0.000924282
	19	0.251155	0.245202	0.000932926
	20	0.249477	0.245416	0.000910439
	1	0.249664	0.249664	0
	2	0.248082	0.248873	0.000559191
	3	0.249631	0.249126	0.00042601
	4	0.245461	0.24821	0.000855269
	5	0.250125	0.248593	0.000765242
	6	0.245757	0.24812	0.000769913
	7	0.245969	0.247813	0.000718635
	8	0.246994	0.247711	0.00063606
	9	0.258119	0.248867	0.00122818
	10	0.243413	0.248322	0.00122046
	11	0.252492	0.248701	0.0011669
	12	0.254944	0.249221	0.00117996
	13	0.253541	0.249553	0.00113502
	14	0.245496	0.249263	0.00109032
	15	0.249012	0.249247	0.00101776
	16	0.246451	0.249072	0.00096904
	17	0.247023	0.248951	0.0009195
	18	0.249796	0.248998	0.000869612
	19	0.25013	0.249058	0.000825882
	20	0.253269	0.249268	0.000810984
	1	0.244729	0.244729	0
	2	0.25112	0.247925	0.00225956
	3	0.248893	0.248248	0.00152926
	4	0.25123	0.248993	0.00131617
	5	0.243257	0.247846	0.00147027
	6	0.250219	0.248241	0.00127732
	7	0.239984	0.247062	0.00154643
	8	0.248343	0.247222	0.00136139
	9	0.249821	0.247511	0.00124037
	10	0.248006	0.24756	0.00111732
	11	0.248979	0.247689	0.00102317
	12	0.251844	0.248035	0.000994773
	13	0.255881	0.248639	0.00108599
	14	0.246779	0.248506	0.00101652
	15	0.24651	0.248373	0.000957425
	16	0.248468	0.248379	0.000897604
	17	0.255898	0.248821	0.000947532
	18	0.248646	0.248811	0.000894942
	19	0.255399	0.249158	0.000912528
	20	0.251842	0.249292	0.000876712
	1	0.250454	0.250454	0
	2	0.244551	0.247503	0.00208684
	3	0.243219	0.246075	0.00181518
	4	0.255229	0.248363	0.00240448
	5	0.257895	0.25027	0.00257046
	6	0.25064	0.250331	0.0021428
	7	0.247736	0.249961	0.00186849
	8	0.249724	0.249931	0.00163516
	9	0.248898	0.249816	0.0014575
	10	0.254423	0.250277	0.00138265
	11	0.249984	0.25025	0.00125721
	12	0.260094	0.251071	0.00139463
	13	0.244665	0.250578	0.00137164
	14	0.252459	0.250712	0.00128022
	15	0.254242	0.250948	0.00121631
	16	0.254501	0.25117	0.00116039
	17	0.246974	0.250923	0.00111808
	18	0.257673	0.251298	0.00111709
	19	0.248372	0.251144	0.00106885
	20	0.254537	0.251314	0.00102878
	1	0.258658	0.258658	0
	2	0.246678	0.252668	0.00423564
	3	0.259478	0.254938	0.00337769
	4	0.24967	0.253621	0.00277814
	5	0.252172	0.253331	0.00223758
	6	0.250102	0.252793	0.00192829
	7	0.259272	0.253719	0.00186172
	8	0.247947	0.252997	0.00176327
	9	0.254875	0.253206	0.00157966
	10	0.249799	0.252865	0.00145797
	11	0.259999	0.253514	0.00146258
	12	0.25385	0.253542	0.00134096
	13	0.251457	0.253381	0.00124736
	14	0.254704	0.253476	0.00116184
	15	0.258523	0.253812	0.00113207
	16	0.255472	0.253916	0.00106605
	17	0.255276	0.253996	0.00100634
	18	0.252092	0.25389	0.000955979
	19	0.254174	0.253905	0.000905781
	20	0.255962	0.254008	0.000866313
	1	0.248906	0.248906	0
	2	0.253078	0.250992	0.00147481
	3	0.257594	0.253193	0.0020481
	4	0.256335	0.253978	0.00168004
	5	0.254014	0.253985	0.00134405
	6	0.251212	0.253523	0.00119687
	7	0.256508	0.25395	0.00109924
	8	0.248406	0.253257	0.00115988
	9	0.25087	0.252992	0.0010609
	10	0.259068	0.253599	0.00111535
	11	0.249901	0.253263	0.00106341
	12	0.259782	0.253806	0.00110489
	13	0.265022	0.254669	0.00131424
	14	0.259207	0.254993	0.0012597
	15	0.25224	0.25481	0.00118902
	16	0.255505	0.254853	0.0011155
	17	0.262622	0.25531	0.00113965
	18	0.250601	0.255048	0.00110596
	19	0.256676	0.255134	0.00105106
	20	0.250923	0.254923	0.00101938
	1	0.256569	0.256569	0
	2	0.257717	0.257143	0.00040556
	3	0.250672	0.254986	0.0017818
	4	0.255624	0.255146	0.00134348
	5	0.263594	0.256835	0.00185448
	6	0.257946	0.25702	0.00155462
	7	0.258705	0.257261	0.00135104
	8	0.253842	0.256834	0.00124793
	9	0.24909	0.255973	0.00137422
	10	0.252884	0.255664	0.00127105
	11	0.257374	0.25582	0.00116496
	12	0.258064	0.256007	0.00108279
	13	0.256318	0.256031	0.000999762
	14	0.25744	0.256132	0.000933404
	15	0.251682	0.255835	0.000917093
	16	0.263391	0.256307	0.000973803
	17	0.2616	0.256618	0.000965011
	18	0.260179	0.256816	0.000931447
	19	0.257177	0.256835	0.000882617
	20	0.257985	0.256893	0.000840355
	1	0.264471	0.264471	0
	2	0.26494	0.264706	0.000165712
	3	0.265759	0.265057	0.000307086
	4	0.256949	0.26303	0.00177044
	5	0.252067	0.260837	0.00241907
	6	0.253696	0.259647	0.00229007
	7	0.250728	0.258373	0.0022901
	8	0.262235	0.258856	0.0020541
	9	0.262292	0.259237	0.00186102
	10	0.258288	0.259143	0.00167734
	11	0.257953	0.259034	0.00152833
	12	0.264304	0.259474	0.0014627
	13	0.25946	0.259473	0.00135019
	14	0.257038	0.259299	0.0012649
	15	0.260441	0.259375	0.00118286
	16	0.265818	0.259778	0.00117548
	17	0.26115	0.259858	0.0011091
	18	0.252634	0.259457	0.00111774
	19	0.267226	0.259866	0.00113124
	20	0.253386	0.259542	0.00112011
	1	0.260708	0.260708	0
	2	0.263665	0.262186	0.00104567
	3	0.264727	0.263033	0.000981884
	4	0.257029	0.261532	0.00149401
	5	0.265145	0.262255	0.00135874
	6	0.26787	0.263191	0.00141844
	7	0.256095	0.262177	0.00153591
	8	0.270265	0.263188	0.00164334
	9	0.261327	0.262981	0.00147369
	10	0.259463	0.262629	0.00136768
	11	0.262512	0.262619	0.00124339
	12	0.26516	0.262831	0.00115766
	13	0.258541	0.262501	0.00111465
	14	0.25225	0.261768	0.00125265
	15	0.256257	0.261401	0.00122183
	16	0.259118	0.261258	0.00115376
	17	0.256116	0.260956	0.00112484
	18	0.263491	0.261097	0.00107114
	19	0.268696	0.261497	0.00108688
	20	0.260597	0.261452	0.00103347
	1	0.267257	0.267257	0
	2	0.257641	0.262449	0.00339962
	3	0.267202	0.264033	0.00260959
	4	0.266557	0.264664	0.00203206
	5	0.265062	0.264744	0.00162721
	6	0.26731	0.265171	0.00141112
	7	0.263088	0.264874	0.00124054
	8	0.259997	0.264264	0.00122611
	9	0.263834	0.264216	0.0010908
	10	0.268208	0.264616	0.00105222
	11	0.258451	0.264055	0.00109568
	12	0.266793	0.264283	0.00102785
	13	0.260028	0.263956	0.000999537
	14	0.266863	0.264164	0.000949462
	15	0.265415	0.264247	0.000889822
	16	0.264343	0.264253	0.000834228
	17	0.261141	0.26407	0.000804992
	18	0.258852	0.26378	0.000810789
	19	0.264008	0.263792	0.000768204
	20	0.261216	0.263663	0.000740514
	1	0.267422	0.267422	0
	2	0.270877	0.269149	0.00122151
	3	0.262621	0.266973	0.0019546
	4	0.262773	0.265923	0.00172505
	5	0.26647	0.266033	0.0013835
	6	0.274493	0.267443	0.00172805
	7	0.270644	0.2679	0.00154053
	8	0.273937	0.268655	0.00152161
	9	0.256924	0.267351	0.00182742
	10	0.265233	0.267139	0.00165691
	11	0.273702	0.267736	0.00161011
	12	0.265685	0.267565	0.00148498
	13	0.262739	0.267194	0.00141639
	14	0.263919	0.26696	0.0013344
	15	0.274454	0.26746	0.00133569
	16	0.261183	0.267067	0.00130855
	17	0.276023	0.267594	0.00133341
	18	0.259066	0.26712	0.00134086
	19	0.264736	0.266995	0.00127615
	20	0.263864	0.266838	0.0012219
	1	0.270155	0.270155	0
	2	0.272119	0.271137	0.00069445
	3	0.267808	0.270027	0.00101754
	4	0.269177	0.269815	0.000785046
	5	0.269992	0.26985	0.000628833
	6	0.270666	0.269986	0.000538527
	7	0.264818	0.269248	0.000824787
	8	0.284584	0.271165	0.00193295
	9	0.271067	0.271154	0.00171821
	10	0.269854	0.271024	0.0015513
	11	0.27513	0.271397	0.00145449
	12	0.270989	0.271363	0.00133368
	13	0.269866	0.271248	0.00123605
	14	0.263917	0.270724	0.00125378
	15	0.268727	0.270591	0.00117724
	16	0.267476	0.270396	0.00111965
	17	0.273508	0.270579	0.00106864
	18	0.267604	0.270414	0.00102198
	19	0.267875	0.270281	0.000976892
	20	0.260413	0.269787	0.00104525
	1	0.278712	0.278712	0
	2	0.269036	0.273874	0.00342095
	3	0.266196	0.271315	0.00309314
	4	0.27046	0.271101	0.00232722
	5	0.273717	0.271624	0.00191968
	6	0.267773	0.270982	0.00170367
	7	0.272203	0.271157	0.00146919
	8	0.269555	0.270957	0.00129911
	9	0.268135	0.270643	0.001192
	10	0.265454	0.270124	0.00118033
	11	0.261349	0.269326	0.0013153
	12	0.275446	0.269836	0.0013008
	13	0.270262	0.269869	0.00120115
	14	0.265803	0.269579	0.00114993
	15	0.264936	0.269269	0.00111415
	16	0.274712	0.269609	0.00109521
	17	0.27207	0.269754	0.00104031
	18	0.268511	0.269685	0.000984805
	19	0.266836	0.269535	0.000944316
	20	0.261733	0.269145	0.000974358
	1	0.275792	0.275792	0
	2	0.272722	0.274257	0.00108555
	3	0.270865	0.273126	0.00117311
	4	0.279747	0.274782	0.00168183
	5	0.269763	0.273778	0.00161747
	6	0.268976	0.272977	0.00153317
	7	0.271242	0.272729	0.00133404
	8	0.279668	0.273597	0.00142153
	9	0.271955	0.273414	0.00127524
	10	0.276546	0.273727	0.00118553
	11	0.274312	0.273781	0.00107895
	12	0.268037	0.273302	0.00109002
	13	0.278827	0.273727	0.00108588
	14	0.2768	0.273947	0.00103026
	15	0.272494	0.27385	0.000966121
	16	0.264922	0.273292	0.00105465
	17	0.270397	0.273121	0.00100626
	18	0.274331	0.273189	0.000952595
	19	0.269534	0.272996	0.000921679
	20	0.270065	0.27285	0.00088717
	1	0.277183	0.277183	0
	2	0.268597	0.27289	0.00303571
	3	0.278057	0.274612	0.00246437
	4	0.272786	0.274156	0.0018901
	5	0.270645	0.273454	0.00163735
	6	0.278137	0.274234	0.00153929
	7	0.274264	0.274238	0.0013194
	8	0.277324	0.274624	0.00120955
	9	0.275319	0.274701	0.00107762
	10	0.27741	0.274972	0.00100331
	11	0.282438	0.275651	0.00111833
	12	0.271818	0.275331	0.00106977
	13	0.281753	0.275825	0.0010956
	14	0.277777	0.275965	0.00102617
	15	0.270572	0.275605	0.0010188
	16	0.274117	0.275512	0.000959356
	17	0.290667	0.276404	0.00125028
	18	0.278848	0.276539	0.00118817
	19	0.268232	0.276102	0.00120339
	20	0.270562	0.275825	0.00117467
	1	0.269247	0.269247	0
	2	0.272459	0.270853	0.0011357
	3	0.280031	0.273912	0.00261016
	4	0.274148	0.273971	0.00195828
	5	0.283919	0.275961	0.00237089
	6	0.275682	0.275914	0.0019762
	7	0.279723	0.276458	0.0017672
	8	0.278696	0.276738	0.00156829
	9	0.274651	0.276506	0.00141108
	10	0.27374	0.27623	0.00129681
	11	0.272159	0.27586	0.00123057
	12	0.271402	0.275488	0.00118276
	13	0.274254	0.275393	0.00109558
	14	0.276859	0.275498	0.00102232
	15	0.272366	0.275289	0.000975251
	16	0.277195	0.275408	0.000921544
	17	0.276802	0.27549	0.000870976
	18	0.269563	0.275161	0.000882638
	19	0.272036	0.274997	0.000851375
	20	0.273299	0.274912	0.000813027
	1	0.27681	0.27681	0
	2	0.283313	0.280062	0.00229902
	3	0.279736	0.279953	0.00153525
	4	0.285089	0.281237	0.00160069
	5	0.284466	0.281883	0.00140478
	6	0.290455	0.283311	0.00175256
	7	0.271847	0.281674	0.00213439
	8	0.278775	0.281311	0.0018981
	9	0.279625	0.281124	0.00169642
	10	0.278545	0.280866	0.00154626
	11	0.277763	0.280584	0.00143119
	12	0.275975	0.2802	0.00136249
	13	0.271311	0.279516	0.00141894
	14	0.282087	0.2797	0.00132941
	15	0.285384	0.280079	0.00129367
	16	0.27819	0.279961	0.00121819
	17	0.286684	0.280356	0.00120902
	18	0.289294	0.280853	0.00123962
	19	0.284145	0.281026	0.00118643
	20	0.269597	0.280455	0.00125723
	1	0.280019	0.280019	0
	2	0.275164	0.277592	0.00171622
	3	0.280764	0.278649	0.00143345
	4	0.277353	0.278325	0.00111112
	5	0.288127	0.280286	0.00196592
	6	0.281592	0.280503	0.00165028
	7	0.28164	0.280666	0.00142249
	8	0.287177	0.28148	0.0014591
	9	0.287633	0.282163	0.00144835
	10	0.279829	0.28193	0.0013222
	11	0.283033	0.28203	0.0012058
	12	0.274376	0.281392	0.0012628
	13	0.285007	0.28167	0.00119587
	14	0.27476	0.281177	0.00120804
	15	0.28005	0.281102	0.00112983
	16	0.278238	0.280923	0.0010733
	17	0.280184	0.280879	0.00101104
	18	0.284642	0.281088	0.000976246
	19	0.283558	0.281218	0.000933478
	20	0.281403	0.281228	0.00088685
	1	0.282922	0.282922	0
	2	0.291927	0.287424	0.00318372
	3	0.282447	0.285765	0.00251788
	4	0.280412	0.284427	0.00221568
	5	0.280308	0.283603	0.00191961
	6	0.283563	0.283597	0.00159968
	7	0.275277	0.282408	0.00175805
	8	0.289136	0.283249	0.00172776
	9	0.280408	0.282933	0.00156435
	10	0.275805	0.282221	0.00156191
	11	0.281928	0.282194	0.00142014
	12	0.287909	0.28267	0.00137935
	13	0.279487	0.282425	0.00129479
	14	0.28784	0.282812	0.00125873
	15	0.292141	0.283434	0.00131953
	16	0.282121	0.283352	0.00123961
	17	0.275233	0.282874	0.00125532
	18	0.27936	0.282679	0.00120066
	19	0.290172	0.283074	0.00120049
	20	0.278796	0.28286	0.00115937
	1	0.275943	0.275943	0
	2	0.291686	0.283815	0.00556604
	3	0.279361	0.28233	0.00390369
	4	0.282261	0.282313	0.00292781
	5	0.291039	0.284058	0.00281471
	6	0.276657	0.282824	0.00260189
	7	0.295466	0.28463	0.00278736
	8	0.282498	0.284364	0.00245165
	9	0.284124	0.284337	0.00217939
	10	0.285545	0.284458	0.00196479
	11	0.282881	0.284315	0.0017914
	12	0.281589	0.284088	0.00165645
	13	0.286144	0.284246	0.00153657
	14	0.290676	0.284705	0.00149389
	15	0.290741	0.285107	0.00144748
	16	0.284417	0.285064	0.00135766
	17	0.283613	0.284979	0.00128048
	18	0.287188	0.285102	0.00121521
	19	0.28455	0.285073	0.0011516
	20	0.28925	0.285282	0.0011128
	1	0.294134	0.294134	0
	2	0.298157	0.296145	0.00142226
	3	0.285143	0.292478	0.00314103
	4	0.286651	0.291021	0.00267235
	5	0.289287	0.290674	0.00216026
	6	0.290643	0.290669	0.00180022
	7	0.295689	0.291386	0.00167983
	8	0.286678	0.290798	0.00156956
	9	0.288464	0.290539	0.00141642
	10	0.293345	0.290819	0.00130229
	11	0.281601	0.289981	0.0014283
	12	0.277183	0.288915	0.00166041
	13	0.285026	0.288616	0.0015594
	14	0.283281	0.288235	0.00149383
	15	0.288653	0.288262	0.0013945
	16	0.28792	0.288241	0.00130751
	17	0.284279	0.288008	0.0012512
	18	0.283231	0.287743	0.00120951
	19	0.290706	0.287899	0.00115586
	20	0.286398	0.287824	0.0011005
	1	0.295429	0.295429	0
	2	0.290116	0.292773	0.00187827
	3	0.289756	0.291767	0.0014974
	4	0.28624	0.290385	0.00164109
	5	0.28909	0.290126	0.00133316
	6	0.288909	0.289923	0.0011263
	7	0.295014	0.29065	0.00117697
	8	0.296883	0.291429	0.00126162
	9	0.292	0.291493	0.00112303
	10	0.292572	0.291601	0.0010159
	11	0.288476	0.291317	0.000962433
	12	0.29882	0.291942	0.00106615
	13	0.304344	0.292896	0.00134485
	14	0.303659	0.293665	0.00145201
	15	0.286837	0.29321	0.00142478
	16	0.303934	0.29388	0.00148506
	17	0.292329	0.293789	0.0014005
	18	0.290315	0.293596	0.00133592
	19	0.288471	0.293326	0.00129256
	20	0.29142	0.293231	0.00123144
	1	0.287362	0.287362	0
	2	0.286176	0.286769	0.000419162
	3	0.29931	0.290949	0.00342463
	4	0.300762	0.293402	0.00333325
	5	0.290634	0.292849	0.0027122
	6	0.286202	0.291741	0.0024761
	7	0.289968	0.291488	0.00213529
	8	0.293879	0.291787	0.00188919
	9	0.292144	0.291826	0.00167969
	10	0.283924	0.291036	0.00168738
	11	0.293211	0.291234	0.00154552
	12	0.291896	0.291289	0.00141771
	13	0.287584	0.291004	0.001337
	14	0.295678	0.291338	0.0012825
	15	0.291648	0.291359	0.00119717
	16	0.295454	0.291615	0.00114939
	17	0.291839	0.291628	0.00108185
	18	0.295652	0.291851	0.00104459
	19	0.294899	0.292012	0.00100185
	20	0.292865	0.292054	0.000952664
	1	0.292432	0.292432	0
	2	0.291475	0.291954	0.000338499
	3	0.298874	0.294261	0.00189694
	4	0.277404	0.290046	0.0039171
	5	0.293175	0.290672	0.00318325
	6	0.299671	0.292172	0.00298524
	7	0.293602	0.292376	0.00256576
	8	0.295005	0.292705	0.00226598
	9	0.292816	0.292717	0.00201424
	10	0.295934	0.293039	0.00183832
	11	0.289298	0.292699	0.00170236
	12	0.286273	0.292163	0.00164256
	13	0.296328	0.292484	0.00154713
	14	0.29923	0.292966	0.0015098
	15	0.290457	0.292798	0.00141838
	16	0.303446	0.293464	0.00147761
	17	0.289177	0.293212	0.00141205
	18	0.288791	0.292966	0.00135479
	19	0.294824	0.293064	0.00128701
	20	0.289653	0.292893	0.00123391
	1	0.296137	0.296137	0
	2	0.290271	0.293204	0.00207391
	3	0.293517	0.293309	0.00138523
	4	0.297191	0.294279	0.00133631
	5	0.298947	0.295213	0.00135647
	6	0.297873	0.295656	0.00120066
	7	0.295498	0.295634	0.00102935
	8	0.296524	0.295745	0.000906686
	9	0.30381	0.296641	0.00116761
	10	0.299419	0.296919	0.0010834
	11	0.295205	0.296763	0.000996048
	12	0.29548	0.296656	0.000918766
	13	0.298808	0.296822	0.00086288
	14	0.298773	0.296961	0.000812427
	15	0.28957	0.296468	0.000895307
	16	0.292928	0.296247	0.000866259
	17	0.304367	0.296725	0.000937791
	18	0.304004	0.297129	0.000968974
	19	0.293973	0.296963	0.000932101
	20	0.296063	0.296918	0.000886581
	1	0.298785	0.298785	0
	2	0.29761	0.298198	0.00041534
	3	0.305376	0.30059	0.00197308
	4	0.295686	0.299364	0.00182137
	5	0.305547	0.300601	0.00182935
	6	0.299073	0.300346	0.00154208
	7	0.308073	0.30145	0.0016708
	8	0.307856	0.302251	0.00164266
	9	0.301861	0.302208	0.00146071
	10	0.297151	0.301702	0.00139942
	11	0.293529	0.300959	0.00145612
	12	0.299344	0.300824	0.00134098
	13	0.294943	0.300372	0.00131193
	14	0.303273	0.300579	0.00123449
	15	0.302172	0.300685	0.00115675
	16	0.304461	0.300921	0.00110826
	17	0.297687	0.300731	0.00105928
	18	0.310487	0.301273	0.00113062
	19	0.303105	0.30137	0.00107522
	20	0.296854	0.301144	0.00104489
	1	0.301467	0.301467	0
	2	0.310042	0.305754	0.00303176
	3	0.308187	0.306565	0.00212692
	4	0.301821	0.305379	0.0018973
	5	0.308368	0.305977	0.00160925
	6	0.298591	0.304746	0.00174963
	7	0.308947	0.305346	0.00159931
	8	0.29899	0.304552	0.0015845
	9	0.295983	0.303599	0.00167016
	10	0.309244	0.304164	0.00159567
	11	0.313665	0.305028	0.00166808
	12	0.296846	0.304346	0.00166258
	13	0.305546	0.304438	0.00153725
	14	0.305411	0.304508	0.00142902
	15	0.306981	0.304673	0.00134323
	16	0.30448	0.30466	0.00125933
	17	0.306796	0.304786	0.0011915
	18	0.295992	0.304298	0.00122138
	19	0.295377	0.303828	0.00124406
	20	0.299708	0.303622	0.00119879
	1	0.311232	0.311232	0
	2	0.306125	0.308679	0.00180552
	3	0.297919	0.305092	0.00316614
	4	0.31086	0.306534	0.00268298
	5	0.307289	0.306685	0.00215062
	6	0.296092	0.30492	0.00241024
	7	0.296492	0.303716	0.00234741
	8	0.306614	0.304078	0.00208175
	9	0.308833	0.304606	0.00191632
	10	0.305989	0.304745	0.00172966
	11	0.308314	0.305069	0.00160257
	12	0.312235	0.305666	0.00157637
	13	0.311773	0.306136	0.0015235
	14	0.308308	0.306291	0.00142255
	15	0.301236	0.305954	0.00136704
	16	0.303823	0.305821	0.00128808
	17	0.31008	0.306071	0.00123643
	18	0.315646	0.306603	0.00127705
	19	0.306069	0.306575	0.00121015
	20	0.299151	0.306204	0.00120523
	1	0.30421	0.30421	0
	2	0.306496	0.305353	0.000808076
	3	0.312827	0.307845	0.00210436
	4	0.312168	0.308925	0.00183492
	5	0.300848	0.30731	0.00205974
	6	0.310555	0.307851	0.00178607
	7	0.318451	0.309365	0.00207588
	8	0.311824	0.309673	0.00183902
	9	0.312267	0.309961	0.00165712
	10	0.312976	0.310262	0.00151859
	11	0.31846	0.311008	0.00155266
	12	0.313326	0.311201	0.00143525
	13	0.310793	0.311169	0.00132519
	14	0.309408	0.311044	0.00123649
	15	0.315138	0.311317	0.0011838
	16	0.302423	0.310761	0.00123342
	17	0.312568	0.310867	0.00116543
	18	0.310524	0.310848	0.00110084
	19	0.300027	0.310278	0.00118108
	20	0.310693	0.310299	0.0011222
	1	0.303183	0.303183	0
	2	0.31331	0.308246	0.00358054
	3	0.306103	0.307532	0.00245726
	4	0.314305	0.309225	0.00235525
	5	0.304508	0.308282	0.00206452
	6	0.322936	0.310724	0.00281613
	7	0.314955	0.311329	0.00247783
	8	0.309784	0.311135	0.00217561
	9	0.308132	0.310802	0.0019593
	10	0.293965	0.309118	0.00237922
	11	0.315584	0.309706	0.00223436
	12	0.310537	0.309775	0.00204923
	13	0.305164	0.30942	0.00192205
	14	0.313511	0.309713	0.00180684
	15	0.317863	0.310256	0.00176619
	16	0.309077	0.310182	0.00165734
	17	0.311005	0.310231	0.00156055
	18	0.306465	0.310022	0.00148782
	19	0.31849	0.310467	0.00147476
	20	0.311071	0.310497	0.00140133
	1	0.319972	0.319972	0
	2	0.306028	0.313	0.00492997
	3	0.299319	0.30844	0.00496653
	4	0.317373	0.310673	0.00419705
	5	0.314372	0.311413	0.00342222
	6	0.310661	0.311288	0.00285414
	7	0.310551	0.311182	0.00244834
	8	0.319852	0.312266	0.00237002
	9	0.311109	0.312137	0.00211017
	10	0.314001	0.312324	0.00190737
	11	0.309422	0.31206	0.00175212
	12	0.318475	0.312595	0.0016857
	13	0.31533	0.312805	0.00156911
	14	0.324338	0.313629	0.00165923
	15	0.324397	0.314347	0.00169681
	16	0.319422	0.314664	0.00162013
	17	0.311511	0.314478	0.00153541
	18	0.31143	0.314309	0.00145942
	19	0.314213	0.314304	0.00138262
	20	0.309872	0.314082	0.00133113
	1	0.326499	0.326499	0
	2	0.317867	0.322183	0.00305186
	3	0.30862	0.317662	0.00421493
	4	0.31311	0.316524	0.00331128
	5	0.313312	0.315882	0.00271063
	6	0.317596	0.316168	0.00227386
	7	0.324612	0.317374	0.00224634
	8	0.315825	0.31718	0.00197387
	9	0.311652	0.316566	0.00184766
	10	0.320278	0.316937	0.00169977
	11	0.319675	0.317186	0.00156336
	12	0.31668	0.317144	0.00143365
	13	0.323352	0.317621	0.00140065
	14	0.312488	0.317255	0.00134773
	15	0.321589	0.317544	0.00128849
	16	0.303849	0.316688	0.00146491
	17	0.304157	0.315951	0.00155317
	18	0.313054	0.31579	0.0014752
	19	0.314003	0.315696	0.00140055
	20	0.312843	0.315553	0.00133776
	1	0.325584	0.325584	0
	2	0.318609	0.322096	0.00246598
	3	0.314967	0.31972	0.00254308
	4	0.316782	0.318985	0.00201057
	5	0.31951	0.31909	0.00161118
	6	0.323705	0.31986	0.00151518
	7	0.313998	0.319022	0.00151251
	8	0.333664	0.320852	0.00216391
	9	0.315797	0.320291	0.00199505
	10	0.313848	0.319646	0.00189671
	11	0.318199	0.319515	0.00172884
	12	0.320106	0.319564	0.00158547
	13	0.312768	0.319041	0.00154732
	14	0.323423	0.319354	0.0014681
	15	0.313208	0.318944	0.00142627
	16	0.322256	0.319151	0.00135206
	17	0.332635	0.319945	0.00148707
	18	0.315029	0.319671	0.00142931
	19	0.325934	0.320001	0.00139158
	20	0.328058	0.320404	0.00137908
	1	0.327631	0.327631	0
	2	0.328439	0.328035	0.00028555
	3	0.32522	0.327097	0.000789538
	4	0.322546	0.325959	0.00114948
	5	0.323215	0.32541	0.00104241
	6	0.326202	0.325542	0.000876985
	7	0.321197	0.324921	0.000946179
	8	0.324683	0.324892	0.000828377
	9	0.320396	0.324392	0.000874065
	10	0.31408	0.323361	0.00125536
	11	0.325757	0.323579	0.00115998
	12	0.319505	0.323239	0.00111189
	13	0.312438	0.322408	0.00130023
	14	0.330334	0.322974	0.0013249
	15	0.30923	0.322058	0.00152076
	16	0.319156	0.321877	0.00143649
	17	0.326978	0.322177	0.00138298
	18	0.325862	0.322382	0.00132121
	19	0.317538	0.322127	0.00127603
	20	0.315944	0.321817	0.00124911
	1	0.31754	0.31754	0
	2	0.318879	0.318209	0.000473239
	3	0.331178	0.322532	0.00354377
	4	0.312706	0.320076	0.00340443
	5	0.314695	0.318999	0.00288865
	6	0.317768	0.318794	0.00241449
	7	0.325811	0.319797	0.00226814
	8	0.322159	0.320092	0.00200375
	9	0.328405	0.321016	0.00198259
	10	0.317475	0.320662	0.00181566
	11	0.33082	0.321585	0.00187077
	12	0.323511	0.321746	0.00172175
	13	0.334081	0.322694	0.00183223
	14	0.331057	0.323292	0.00179609
	15	0.325076	0.323411	0.00168028
	16	0.319365	0.323158	0.00159417
	17	0.325821	0.323315	0.00150808
	18	0.328241	0.323588	0.00144892
	19	0.333886	0.32413	0.00147053
	20	0.328582	0.324353	0.00141375
	1	0.323031	0.323031	0
	2	0.325499	0.324265	0.000872778
	3	0.325166	0.324565	0.00063147
	4	0.32806	0.325439	0.000892573
	5	0.321821	0.324715	0.000963684
	6	0.327011	0.325098	0.00087572
	7	0.33626	0.326693	0.00165611
	8	0.31729	0.325517	0.00181891
	9	0.32682	0.325662	0.00162257
	10	0.32612	0.325708	0.00146095
	11	0.324699	0.325616	0.00133101
	12	0.315627	0.324784	0.00145735
	13	0.334178	0.325506	0.00151384
	14	0.325298	0.325491	0.00140578
	15	0.317269	0.324943	0.00141492
	16	0.328783	0.325183	0.00134668
	17	0.335905	0.325814	0.00140743
	18	0.326594	0.325857	0.00132991
	19	0.338819	0.326539	0.00142417
	20	0.330311	0.326728	0.00136538
	1	0.323975	0.323975	0
	2	0.33277	0.328372	0.00310937
	3	0.335916	0.330887	0.00291767
	4	0.332311	0.331243	0.00220985
	5	0.336422	0.332279	0.00199596
	6	0.331818	0.332202	0.00166478
	7	0.337311	0.332932	0.00157885
	8	0.325258	0.331973	0.00164728
	9	0.337453	0.332582	0.00157278
	10	0.330607	0.332384	0.00142785
	11	0.321241	0.331371	0.00161795
	12	0.334869	0.331663	0.00150915
	13	0.337184	0.332087	0.0014516
	14	0.340229	0.332669	0.00145976
	15	0.334586	0.332797	0.00136803
	16	0.32924	0.332574	0.00130046
	17	0.334328	0.332678	0.00122805
	18	0.328708	0.332457	0.00117945
	19	0.327378	0.33219	0.00114727
	20	0.330056	0.332083	0.00109485
	1	0.325576	0.325576	0
	2	0.335218	0.330397	0.0034091
	3	0.339718	0.333504	0.00340609
	4	0.329046	0.33239	0.00273082
	5	0.316276	0.329167	0.00361683
	6	0.32144	0.327879	0.00323519
	7	0.324435	0.327387	0.00281018
	8	0.337635	0.328668	0.00273534
	9	0.337718	0.329674	0.0026097
	10	0.324742	0.329181	0.00239487
	11	0.32502	0.328802	0.00220682
	12	0.327369	0.328683	0.00202614
	13	0.332172	0.328951	0.00188798
	14	0.333298	0.329262	0.00177848
	15	0.339759	0.329962	0.00179231
	16	0.336645	0.330379	0.00172827
	17	0.321018	0.329829	0.0017121
	18	0.331817	0.329939	0.00162054
	19	0.33547	0.33023	0.00156117
	20	0.340495	0.330743	0.0015652
	1	0.340921	0.340921	0
	2	0.340849	0.340885	2.54432e-05
	3	0.341663	0.341144	0.000212401
	4	0.325538	0.337243	0.0033827
	5	0.349628	0.33972	0.00349745
	6	0.326458	0.33751	0.00354483
	7	0.334833	0.337127	0.00305898
	8	0.319959	0.334981	0.00334577
	9	0.320866	0.333413	0.0033213
	10	0.325772	0.332649	0.00307581
	11	0.317931	0.331311	0.00307343
	12	0.330166	0.331215	0.00281879
	13	0.337675	0.331712	0.00264539
	14	0.336627	0.332063	0.00247962
	15	0.329921	0.331921	0.00231842
	16	0.31922	0.331127	0.00230541
	17	0.332383	0.331201	0.00217098
	18	0.333616	0.331335	0.00205451
	19	0.333153	0.331431	0.00194861
	20	0.348382	0.332278	0.00202714
	1	0.342471	0.342471	0
	2	0.333959	0.338215	0.00300971
	3	0.330582	0.335671	0.00288827
	4	0.337441	0.336113	0.00219986
	5	0.328486	0.334588	0.00222686
	6	0.333821	0.33446	0.00185938
	7	0.323893	0.33295	0.00211977
	8	0.335574	0.333278	0.00188001
	9	0.335024	0.333472	0.00168109
	10	0.347999	0.334925	0.00204651
	11	0.334317	0.33487	0.00186121
	12	0.347996	0.335964	0.00200191
	13	0.327889	0.335342	0.00194188
	14	0.350551	0.336429	0.00208499
	15	0.33574	0.336383	0.0019465
	16	0.339384	0.33657	0.00183386
	17	0.339975	0.336771	0.00173689
	18	0.322832	0.335996	0.00180479
	19	0.337221	0.336061	0.00171095
	20	0.340614	0.336288	0.00164048
	1	0.335407	0.335407	0
	2	0.348359	0.341883	0.00457923
	3	0.337131	0.340299	0.00331545
	4	0.336025	0.33923	0.00265322
	5	0.335965	0.338577	0.0022015
	6	0.347221	0.340018	0.00225727
	7	0.327299	0.338201	0.00256382
	8	0.337825	0.338154	0.00224377
	9	0.335802	0.337893	0.00200962
	10	0.335283	0.337632	0.00182553
	11	0.330883	0.337018	0.00175964
	12	0.339942	0.337262	0.00162979
	13	0.340605	0.337519	0.00152457
	14	0.33854	0.337592	0.00141742
	15	0.34788	0.338278	0.0014796
	16	0.349259	0.338964	0.0015381
	17	0.340823	0.339073	0.0014515
	18	0.339676	0.339107	0.00137125
	19	0.341194	0.339217	0.00130347
	20	0.336102	0.339061	0.00124756
	1	0.343541	0.343541	0
	2	0.332451	0.337996	0.00392059
	3	0.334238	0.336743	0.00280672
	4	0.348524	0.339689	0.00330711
	5	0.334277	0.338606	0.00281723
	6	0.330634	0.337277	0.00264252
	7	0.354425	0.339727	0.00320528
	8	0.337938	0.339503	0.00281242
	9	0.345744	0.340197	0.00258399
	10	0.333602	0.339537	0.00240828
	11	0.331824	0.338836	0.00228915
	12	0.342102	0.339108	0.0021145
	13	0.339378	0.339129	0.00195195
	14	0.356848	0.340395	0.00218465
	15	0.324781	0.339354	0.00227351
	16	0.345611	0.339745	0.00216479
	17	0.341329	0.339838	0.00203946
	18	0.343184	0.340024	0.00193461
	19	0.326008	0.339286	0.00196841
	20	0.362322	0.340438	0.00218109
	1	0.333735	0.333735	0
	2	0.34783	0.340782	0.00498352
	3	0.349045	0.343537	0.00401188
	4	0.334497	0.341277	0.0035894
	5	0.350272	0.343076	0.00329162
	6	0.348478	0.343976	0.00286351
	7	0.353998	0.345408	0.00278946
	8	0.334364	0.344027	0.00276131
	9	0.33434	0.342951	0.00265601
	10	0.35094	0.34375	0.00250768
	11	0.350798	0.344391	0.00236015
	12	0.344091	0.344366	0.0021636
	13	0.338782	0.343936	0.00203936
	14	0.331336	0.343036	0.00208284
	15	0.339712	0.342815	0.00195573
	16	0.338415	0.34254	0.00185273
	17	0.349126	0.342927	0.00178379
	18	0.344592	0.34302	0.00168708
	19	0.355251	0.343663	0.00171673
	20	0.353497	0.344155	0.00169984
	1	0.354926	0.354926	0
	2	0.338597	0.346762	0.00577303
	3	0.352388	0.348637	0.00414209
	4	0.339753	0.346416	0.00365386
	5	0.338222	0.344777	0.00327
	6	0.340069	0.343993	0.00281756
	7	0.354454	0.345487	0.00278332
	8	0.351477	0.346236	0.00253412
	9	0.358539	0.347603	0.00259518
	10	0.349009	0.347743	0.00233947
	11	0.340937	0.347125	0.00220709
	12	0.361142	0.348293	0.0023117
	13	0.338097	0.347508	0.002263
	14	0.349806	0.347673	0.0021073
	15	0.337749	0.347011	0.00206806
	16	0.350211	0.347211	0.00194845
	17	0.336434	0.346577	0.00193422
	18	0.34502	0.34649	0.0018287
	19	0.347036	0.346519	0.00173267
	20	0.351145	0.34675	0.00166141
	1	0.353997	0.353997	0
	2	0.351974	0.352986	0.000715326
	3	0.349389	0.351787	0.00108887
	4	0.354223	0.352396	0.000972145
	5	0.352001	0.352317	0.000780918
	6	0.343097	0.35078	0.00154635
	7	0.357413	0.351728	0.00158948
	8	0.333445	0.349442	0.00255037
	9	0.346605	0.349127	0.00228639
	10	0.351829	0.349397	0.00207366
	11	0.340335	0.348573	0.00204224
	12	0.359367	0.349473	0.00206064
	13	0.344902	0.349121	0.00193189
	14	0.348546	0.34908	0.00179434
	15	0.353811	0.349396	0.00170221
	16	0.361256	0.350137	0.00174978
	17	0.358986	0.350657	0.00172254
	18	0.349951	0.350618	0.00162729
	19	0.345364	0.350342	0.00156496
	20	0.350325	0.350341	0.00148672
	1	0.341654	0.341654	0
	2	0.341982	0.341818	0.000116071
	3	0.349717	0.344451	0.00215114
	4	0.350954	0.346077	0.00214138
	5	0.343674	0.345596	0.00176618
	6	0.354378	0.34706	0.00198785
	7	0.362297	0.349237	0.00263904
	8	0.358746	0.350425	0.00256293
	9	0.363324	0.351859	0.00264873
	10	0.362645	0.352937	0.00259421
	11	0.353618	0.352999	0.00235911
	12	0.365606	0.35405	0.00238499
	13	0.337986	0.352814	0.00250122
	14	0.346014	0.352328	0.00236925
	15	0.348241	0.352056	0.00222691
	16	0.352303	0.352071	0.00208778
	17	0.354121	0.352192	0.00196845
	18	0.348154	0.351967	0.00187183
	19	0.355043	0.352129	0.0017803
	20	0.349495	0.351998	0.00169615
	1	0.359311	0.359311	0
	2	0.354205	0.356758	0.00180518
	3	0.35977	0.357762	0.0014562
	4	0.360269	0.358389	0.00121956
	5	0.349823	0.356676	0.00181659
	6	0.356253	0.356605	0.00151519
	7	0.351158	0.355827	0.00148517
	8	0.360749	0.356442	0.00142126
	9	0.344223	0.355084	0.00179852
	10	0.353914	0.354967	0.00162247
	11	0.357131	0.355164	0.00148684
	12	0.348835	0.354637	0.00145348
	13	0.348204	0.354142	0.00142342
	14	0.364858	0.354907	0.00151362
	15	0.351225	0.354662	0.00143247
	16	0.348808	0.354296	0.00138888
	17	0.349768	0.35403	0.00133247
	18	0.354307	0.354045	0.00125854
	19	0.346148	0.353629	0.00125906
	20	0.365179	0.354207	0.00132192
	1	0.368849	0.368849	0
	2	0.360112	0.364481	0.0030889
	3	0.358219	0.362394	0.00267299
	4	0.368565	0.363936	0.00240924
	5	0.353126	0.361774	0.00273031
	6	0.358639	0.361252	0.00232473
	7	0.360538	0.36115	0.00199486
	8	0.367345	0.361924	0.00188986
	9	0.361447	0.361871	0.00168062
	10	0.363177	0.362002	0.00151762
	11	0.366561	0.362416	0.00143514
	12	0.366875	0.362788	0.0013628
	13	0.362838	0.362792	0.00125797
	14	0.359789	0.362577	0.00118626
	15	0.354906	0.362066	0.0012124
	16	0.362038	0.362064	0.00113663
	17	0.359503	0.361914	0.0010797
	18	0.350289	0.361268	0.00119739
	19	0.363554	0.361388	0.00114041
	20	0.348017	0.36072	0.00126424
	1	0.366144	0.366144	0
	2	0.353373	0.359759	0.00451539
	3	0.377089	0.365535	0.00559553
	4	0.356104	0.363178	0.00466705
	5	0.347184	0.359979	0.00470372
	6	0.356925	0.35947	0.00394722
	7	0.34666	0.35764	0.00378385
	8	0.346423	0.356238	0.0035612
	9	0.363344	0.357027	0.00325187
	10	0.354782	0.356803	0.00293443
	11	0.35833	0.356942	0.00267094
	12	0.354838	0.356766	0.00245411
	13	0.367632	0.357602	0.00240344
	14	0.359267	0.357721	0.00223471
	15	0.358171	0.357751	0.00208593
	16	0.352888	0.357447	0.00197758
	17	0.366658	0.357989	0.00193405
	18	0.364342	0.358342	0.00185853
	19	0.365409	0.358714	0.00179755
	20	0.351509	0.358354	0.0017434
	1	0.358746	0.358746	0
	2	0.363452	0.361099	0.00166407
	3	0.365978	0.362725	0.00173022
	4	0.368423	0.36415	0.00179049
	5	0.355207	0.362361	0.00214729
	6	0.366402	0.363035	0.00189206
	7	0.375186	0.364771	0.00228317
	8	0.367913	0.365163	0.0020313
	9	0.376051	0.366373	0.00213566
	10	0.364879	0.366224	0.00192731
	11	0.369783	0.366547	0.00177906
	12	0.372246	0.367022	0.00169301
	13	0.357196	0.366266	0.00172326
	14	0.363841	0.366093	0.00160886
	15	0.353163	0.365231	0.00171706
	16	0.34146	0.363745	0.00215884
	17	0.366905	0.363931	0.00203984
	18	0.3516	0.363246	0.0020383
	19	0.353666	0.362742	0.00199242
	20	0.359024	0.362556	0.00190145
	1	0.378578	0.378578	0
	2	0.36725	0.372914	0.00400516
	3	0.363064	0.369631	0.0037837
	4	0.366685	0.368894	0.00290856
	5	0.348943	0.364904	0.00426054
	6	0.368087	0.365434	0.00358333
	7	0.372517	0.366446	0.00321111
	8	0.375008	0.367516	0.00298274
	9	0.359817	0.366661	0.00277129
	10	0.363735	0.366368	0.00250956
	11	0.364796	0.366225	0.00228548
	12	0.362032	0.365876	0.00212157
	13	0.37377	0.366483	0.00204343
	14	0.367587	0.366562	0.00189899
	15	0.369861	0.366782	0.00178508
	16	0.35392	0.365978	0.00184568
	17	0.355073	0.365337	0.00184522
	18	0.363357	0.365227	0.00174598
	19	0.37303	0.365637	0.00170171
	20	0.359382	0.365325	0.00164511
	1	0.364192	0.364192	0
	2	0.361788	0.36299	0.000849975
	3	0.371152	0.365711	0.00229234
	4	0.354814	0.362987	0.00291916
	5	0.375611	0.365512	0.00324866
	6	0.367359	0.365819	0.00272176
	7	0.358791	0.364815	0.00251132
	8	0.365496	0.3649	0.00219885
	9	0.373979	0.365909	0.00217363
	10	0.370015	0.36632	0.00199466
	11	0.373016	0.366928	0.00190395
	12	0.374013	0.367519	0.00183453
	13	0.365671	0.367377	0.00169891
	14	0.375701	0.367971	0.00167838
	15	0.366233	0.367855	0.00157049
	16	0.367154	0.367812	0.00147294
	17	0.364211	0.3676	0.00140144
	18	0.378157	0.368186	0.0014411
	19	0.365031	0.36802	0.00137478
	20	0.370394	0.368139	0.00131116
	1	0.361411	0.361411	0
	2	0.36961	0.36551	0.00289867
	3	0.370671	0.367231	0.00238901
	4	0.382871	0.371141	0.00383106
	5	0.378205	0.372554	0.00331517
	6	0.382518	0.374214	0.00315125
	7	0.365994	0.37304	0.00291165
	8	0.384794	0.374509	0.00289477
	9	0.376779	0.374762	0.00258409
	10	0.373436	0.374629	0.00232908
	11	0.38339	0.375425	0.0022494
	12	0.38751	0.376433	0.00227625
	13	0.371624	0.376063	0.002131
	14	0.377219	0.376145	0.00198039
	15	0.346544	0.374172	0.00265539
	16	0.373267	0.374115	0.00249003
	17	0.388866	0.374983	0.00249016
	18	0.376857	0.375087	0.00235399
	19	0.372879	0.374971	0.00223296
	20	0.365337	0.374489	0.00217265
	1	0.376253	0.376253	0
	2	0.376459	0.376356	7.30026e-05
	3	0.383292	0.378668	0.00188842
	4	0.387745	0.380937	0.00242244
	5	0.373271	0.379404	0.00237413
	6	0.372302	0.37822	0.00225431
	7	0.36783	0.376736	0.00237113
	8	0.374431	0.376448	0.00209218
	9	0.389955	0.377949	0.00233681
	10	0.372572	0.377411	0.00216409
	11	0.366226	0.376394	0.00219328
	12	0.377622	0.376496	0.00201289
	13	0.371031	0.376076	0.00190145
	14	0.381116	0.376436	0.00179939
	15	0.374879	0.376332	0.00168243
	16	0.361653	0.375415	0.00181021
	17	0.381591	0.375778	0.00173981
	18	0.371157	0.375521	0.00166199
	19	0.378665	0.375687	0.00158273
	20	0.381501	0.375978	0.00153006
	1	0.383845	0.383845	0
	2	0.390132	0.386989	0.00222248
	3	0.3702	0.381392	0.00480346
	4	0.381952	0.381532	0.00360463
	5	0.383282	0.381882	0.00290064
	6	0.360278	0.378282	0.00408003
	7	0.373659	0.377621	0.00355021
	8	0.393107	0.379557	0.00359564
	9	0.378842	0.379477	0.003197
	10	0.368258	0.378356	0.00306785
	11	0.387093	0.37915	0.00288995
	12	0.379096	0.379145	0.00264912
	13	0.37409	0.378756	0.00247372
	14	0.391679	0.37968	0.00246323
	15	0.376463	0.379465	0.00230833
	16	0.366309	0.378643	0.00230586
	17	0.367649	0.377996	0.00225908
	18	0.383462	0.3783	0.00215389
	19	0.372151	0.377976	0.00206469
	20	0.37946	0.37805	0.00196279
	1	0.37696	0.37696	0
	2	0.374198	0.375579	0.000976831
	3	0.368892	0.37335	0.00193296
	4	0.377379	0.374357	0.00169196
	5	0.367331	0.372952	0.00184711
	6	0.385408	0.375028	0.0024414
	7	0.370075	0.374321	0.00219277
	8	0.375928	0.374521	0.00192786
	9	0.368407	0.373842	0.00182946
	10	0.372644	0.373722	0.00165043
	11	0.383807	0.374639	0.00173647
	12	0.37441	0.37462	0.00159187
	13	0.386719	0.375551	0.00172012
	14	0.379876	0.37586	0.00162476
	15	0.390114	0.37681	0.00177269
	16	0.37463	0.376674	0.00166712
	17	0.382564	0.37702	0.00160465
	18	0.377409	0.377042	0.00151565
	19	0.39965	0.378232	0.00184474
	20	0.383603	0.3785	0.00177195
	1	0.397284	0.397284	0
	2	0.373591	0.385437	0.00837675
	3	0.381251	0.384042	0.00569956
	4	0.375348	0.381868	0.00467076
	5	0.382398	0.381974	0.00373781
	6	0.381737	0.381935	0.00311505
	7	0.379615	0.381603	0.00268762
	8	0.379518	0.381343	0.00236428
	9	0.398685	0.38327	0.00277796
	10	0.373691	0.382312	0.00266017
	11	0.388854	0.382906	0.00248395
	12	0.401108	0.384423	0.00270065
	13	0.389162	0.384788	0.00251738
	14	0.376124	0.384169	0.00241244
	15	0.390921	0.384619	0.00229322
	16	0.377096	0.384149	0.00219757
	17	0.378404	0.383811	0.00209412
	18	0.393713	0.384361	0.00204876
	19	0.38341	0.384311	0.00194154
	20	0.383311	0.384261	0.00184511
	1	0.378326	0.378326	0
	2	0.378077	0.378202	8.79706e-05
	3	0.37657	0.377658	0.000448048
	4	0.392037	0.381253	0.00313133
	5	0.397937	0.384589	0.00389653
	6	0.395926	0.386479	0.00367679
	7	0.386403	0.386468	0.00315155
	8	0.37752	0.385349	0.00294941
	9	0.391557	0.386039	0.00270114
	10	0.384107	0.385846	0.00243793
	11	0.388139	0.386054	0.00222519
	12	0.390738	0.386445	0.0020737
	13	0.383869	0.386247	0.00192363
	14	0.389442	0.386475	0.00179971
	15	0.378802	0.385963	0.00175092
	16	0.392831	0.386393	0.00169328
	17	0.372722	0.385588	0.00177437
	18	0.3801	0.385283	0.00170179
	19	0.384461	0.38524	0.00161278
	20	0.37623	0.38479	0.00159381
	1	0.405104	0.405104	0
	2	0.392297	0.398701	0.00452771
	3	0.378761	0.392054	0.00620994
	4	0.39377	0.392483	0.00467226
	5	0.393898	0.392766	0.00374637
	6	0.398012	0.39364	0.00322238
	7	0.384841	0.392383	0.00299723
	8	0.375983	0.390333	0.00324891
	9	0.377121	0.388865	0.00320245
	10	0.39251	0.38923	0.00290288
	11	0.393886	0.389653	0.00266967
	12	0.382479	0.389055	0.00251324
	13	0.370485	0.387627	0.00269547
	14	0.379576	0.387052	0.00256353
	15	0.377583	0.38642	0.00246913
	16	0.382711	0.386189	0.00232567
	17	0.37339	0.385436	0.0023075
	18	0.371041	0.384636	0.00231374
	19	0.397963	0.385337	0.00229582
	20	0.395194	0.38583	0.0022333
	1	0.385191	0.385191	0
	2	0.397053	0.391122	0.00419401
	3	0.400456	0.394233	0.0037777
	4	0.392224	0.393731	0.00286647
	5	0.383927	0.39177	0.00288689
	6	0.404682	0.393922	0.00310594
	7	0.396056	0.394227	0.00267715
	8	0.384031	0.392953	0.00262842
	9	0.3964	0.393336	0.00236411
	10	0.393621	0.393364	0.00212787
	11	0.395625	0.39357	0.00194433
	12	0.384814	0.39284	0.00191431
	13	0.377618	0.391669	0.00209479
	14	0.380949	0.390903	0.0020804
	15	0.382437	0.390339	0.00201682
	16	0.407422	0.391407	0.00215491
	17	0.38629	0.391106	0.00204907
	18	0.392429	0.391179	0.00193655
	19	0.387766	0.391	0.00184293
	20	0.382737	0.390586	0.0017965
	1	0.388788	0.388788	0
	2	0.405815	0.397301	0.00601983
	3	0.387375	0.393993	0.0048378
	4	0.404714	0.396673	0.00430738
	5	0.406855	0.39871	0.00389768
	6	0.393915	0.39791	0.00332898
	7	0.405845	0.399044	0.00304026
	8	0.39656	0.398733	0.00267604
	9	0.403734	0.399289	0.00243571
	10	0.401299	0.39949	0.00220042
	11	0.379279	0.397653	0.00265906
	12	0.397798	0.397665	0.0024375
	13	0.400358	0.397872	0.00225879
	14	0.385181	0.396966	0.00227207
	15	0.40371	0.397415	0.00216464
	16	0.386957	0.396762	0.00212575
	17	0.388247	0.396261	0.00205886
	18	0.390025	0.395914	0.0019734
	19	0.39462	0.395846	0.00187072
	20	0.402595	0.396184	0.00180736
	1	0.404096	0.404096	0
	2	0.411791	0.407944	0.00272065
	3	0.400828	0.405572	0.00265348
	4	0.395462	0.403044	0.00295826
	5	0.393177	0.401071	0.00295232
	6	0.397579	0.400489	0.00251696
	7	0.397763	0.4001	0.00218732
	8	0.380524	0.397653	0.00298361
	9	0.386448	0.396408	0.00290024
	10	0.402129	0.39698	0.00266604
	11	0.403519	0.397574	0.00248908
	12	0.41087	0.398682	0.00251618
	13	0.4172	0.400107	0.00269584
	14	0.395372	0.399768	0.0025244
	15	0.392365	0.399275	0.00240388
	16	0.393684	0.398925	0.00227889
	17	0.408273	0.399475	0.00221017
	18	0.401315	0.399578	0.00208975
	19	0.394419	0.399306	0.00199732
	20	0.379285	0.398305	0.00213362
	1	0.387429	0.387429	0
	2	0.387861	0.387645	0.000152891
	3	0.406022	0.393771	0.00500276
	4	0.409217	0.397632	0.00502605
	5	0.389564	0.396019	0.00427204
	6	0.390022	0.395019	0.00367507
	7	0.420164	0.398611	0.00458074
	8	0.402982	0.399158	0.00404059
	9	0.403636	0.399655	0.00362215
	10	0.395432	0.399233	0.00328446
	11	0.393649	0.398725	0.00302485
	12	0.378541	0.397043	0.00320653
	13	0.392513	0.396695	0.00297875
	14	0.388698	0.396124	0.00282022
	15	0.400154	0.396392	0.00264498
	16	0.393503	0.396212	0.00248582
	17	0.403574	0.396645	0.00237702
	18	0.416306	0.397737	0.00248328
	19	0.386486	0.397145	0.00242216
	20	0.384125	0.396494	0.00238693
	1	0.411316	0.411316	0
	2	0.39267	0.401993	0.00659223
	3	0.402122	0.402036	0.00439496
	4	0.400212	0.40158	0.0033198
	5	0.403759	0.402016	0.00268428
	6	0.402216	0.402049	0.00223711
	7	0.397682	0.401425	0.00200262
	8	0.408936	0.402364	0.00196004
	9	0.389833	0.400972	0.00218142
	10	0.389502	0.399825	0.00224462
	11	0.393081	0.399212	0.00212263
	12	0.387707	0.398253	0.00215138
	13	0.405602	0.398818	0.00205882
	14	0.398645	0.398806	0.0019118
	15	0.399314	0.39884	0.00178464
	16	0.388988	0.398224	0.00177615
	17	0.402792	0.398493	0.00169187
	18	0.402493	0.398715	0.00161241
	19	0.388299	0.398167	0.00161806
	20	0.382891	0.397403	0.00170795
	1	0.403363	0.403363	0
	2	0.404197	0.40378	0.000294823
	3	0.404766	0.404109	0.000332743
	4	0.401475	0.40345	0.000622456
	5	0.392505	0.401261	0.00202026
	6	0.391279	0.399598	0.00226742
	7	0.394747	0.398905	0.00204664
	8	0.422645	0.401872	0.00330338
	9	0.402498	0.401942	0.00293707
	10	0.410203	0.402768	0.00275711
	11	0.393174	0.401896	0.00264082
	12	0.407933	0.402399	0.00246821
	13	0.407133	0.402763	0.00230505
	14	0.410207	0.403295	0.00220088
	15	0.406512	0.403509	0.00206458
	16	0.402445	0.403443	0.00193661
	17	0.403317	0.403435	0.00182271
	18	0.407365	0.403654	0.00173447
	19	0.409951	0.403985	0.00167455
	20	0.400972	0.403834	0.00159759
	1	0.401003	0.401003	0
	2	0.403477	0.40224	0.000874921
	3	0.38488	0.396453	0.00476072
	4	0.414284	0.400911	0.00525851
	5	0.398762	0.400481	0.00422434
	6	0.404806	0.401202	0.00358124
	7	0.396527	0.400534	0.00313128
	8	0.386659	0.3988	0.00318418
	9	0.395708	0.398456	0.00284886
	10	0.40338	0.398949	0.00260618
	11	0.404957	0.399495	0.00242582
	12	0.403349	0.399816	0.00224484
	13	0.408599	0.400492	0.00217144
	14	0.406923	0.400951	0.00206436
	15	0.398572	0.400792	0.00193282
	16	0.404792	0.401042	0.00182811
	17	0.411031	0.40163	0.00181254
	18	0.406231	0.401886	0.00172977
	19	0.399484	0.401759	0.00164334
	20	0.399507	0.401647	0.00156503
	1	0.430431	0.430431	0
	2	0.394534	0.412482	0.0126917
	3	0.406474	0.41048	0.00861768
	4	0.414816	0.411564	0.00653109
	5	0.427537	0.414758	0.0059552
	6	0.404997	0.413132	0.00518011
	7	0.404833	0.411946	0.00457374
	8	0.389912	0.409192	0.00475964
	9	0.400062	0.408177	0.00433754
	10	0.422467	0.409606	0.00413248
	11	0.401994	0.408914	0.00381431
	12	0.420182	0.409853	0.00361018
	13	0.412143	0.410029	0.00333676
	14	0.409176	0.409968	0.00309898
	15	0.405304	0.409658	0.00290794
	16	0.433664	0.411158	0.00308913
	17	0.401573	0.410594	0.00295842
	18	0.401974	0.410115	0.00283256
	19	0.42503	0.4109	0.00279013
	20	0.403888	0.41055	0.00267257
	1	0.426797	0.426797	0
	2	0.385534	0.406166	0.0145888
	3	0.408069	0.4068	0.00973967
	4	0.401046	0.405362	0.00741022
	5	0.420053	0.4083	0.00648462
	6	0.417707	0.409868	0.00559018
	7	0.39982	0.408432	0.00497243
	8	0.41659	0.409452	0.00445421
	9	0.406236	0.409095	0.00397361
	10	0.403695	0.408555	0.00361276
	11	0.427238	0.410253	0.00366188
	12	0.424805	0.411466	0.00355183
	13	0.396124	0.410286	0.00346913
	14	0.420645	0.411026	0.00329931
	15	0.386363	0.409381	0.00346491
	16	0.401362	0.40888	0.0032844
	17	0.396129	0.40813	0.00317569
	18	0.402798	0.407834	0.00301305
	19	0.398955	0.407367	0.00289048
	20	0.423179	0.408157	0.00285203
	1	0.407136	0.407136	0
	2	0.419579	0.413357	0.00439935
	3	0.408447	0.411721	0.00322304
	4	0.423458	0.414655	0.0035072
	5	0.430915	0.417907	0.00404138
	6	0.431931	0.420244	0.00398681
	7	0.410296	0.418823	0.00366182
	8	0.399514	0.416409	0.00391963
	9	0.418021	0.416588	0.0034882
	10	0.402917	0.415221	0.00339674
	11	0.422178	0.415854	0.00314628
	12	0.411405	0.415483	0.00290585
	13	0.404861	0.414666	0.00279484
	14	0.397693	0.413454	0.00284604
	15	0.406235	0.412972	0.00269669
	16	0.417101	0.41323	0.00254046
	17	0.417322	0.413471	0.0024024
	18	0.412419	0.413413	0.00226964
	19	0.421603	0.413844	0.00219074
	20	0.410447	0.413674	0.00208778
	1	0.414523	0.414523	0
	2	0.388497	0.40151	0.00920161
	3	0.41596	0.406326	0.00728686
	4	0.411051	0.407508	0.00556006
	5	0.410003	0.408007	0.0044704
	6	0.422001	0.410339	0.00429082
	7	0.412657	0.41067	0.00369061
	8	0.415716	0.411301	0.00328274
	9	0.419053	0.412162	0.00302888
	10	0.400345	0.410981	0.00294752
	11	0.40679	0.4106	0.00270408
	12	0.409648	0.41052	0.0024799
	13	0.414894	0.410857	0.00231185
	14	0.404817	0.410425	0.0021866
	15	0.400855	0.409787	0.00213188
	16	0.421021	0.410489	0.0021111
	17	0.434637	0.41191	0.00241803
	18	0.427247	0.412762	0.00242918
	19	0.406002	0.412406	0.00232724
	20	0.434536	0.413513	0.00245989
	1	0.403745	0.403745	0
	2	0.420213	0.411979	0.00582214
	3	0.406099	0.410019	0.00419845
	4	0.411308	0.410341	0.00316117
	5	0.418428	0.411959	0.0029135
	6	0.414802	0.412432	0.00246615
	7	0.428543	0.414734	0.00300139
	8	0.429499	0.41658	0.00314289
	9	0.402549	0.415021	0.00315675
	10	0.41964	0.415483	0.00287467
	11	0.422823	0.41615	0.00268967
	12	0.406818	0.415372	0.00257549
	13	0.418068	0.41558	0.00238571
	14	0.410557	0.415221	0.00224211
	15	0.418509	0.41544	0.00210333
	16	0.410845	0.415153	0.00199138
	17	0.423122	0.415622	0.00192863
	18	0.405757	0.415074	0.00189776
	19	0.404671	0.414526	0.0018752
	20	0.42089	0.414844	0.00180823
	1	0.425682	0.425682	0
	2	0.425758	0.42572	2.70072e-05
	3	0.421034	0.424158	0.00127541
	4	0.395415	0.416972	0.00629625
	5	0.427641	0.419106	0.00538644
	6	0.431316	0.421141	0.0048579
	7	0.42037	0.421031	0.00416516
	8	0.441218	0.423554	0.00434212
	9	0.393078	0.420168	0.00500892
	10	0.398033	0.417955	0.00497312
	11	0.41686	0.417855	0.00452201
	12	0.426714	0.418593	0.004205
	13	0.453193	0.421255	0.00464812
	14	0.419555	0.421133	0.0043177
	15	0.430456	0.421755	0.00407434
	16	0.421107	0.421714	0.00381989
	17	0.409615	0.421003	0.0036609
	18	0.408687	0.420318	0.00352088
	19	0.431881	0.420927	0.00338776
	20	0.410667	0.420414	0.00325698
	1	0.434866	0.434866	0
	2	0.44966	0.442263	0.00523038
	3	0.422192	0.435573	0.00648055
	4	0.404406	0.427781	0.00831603
	5	0.411532	0.424531	0.00726007
	6	0.41806	0.423453	0.00612966
	7	0.410647	0.421623	0.00552023
	8	0.428886	0.422531	0.00490429
	9	0.426104	0.422928	0.0043754
	10	0.416881	0.422324	0.00397944
	11	0.405345	0.42078	0.00390556
	12	0.437654	0.422186	0.00382488
	13	0.417299	0.42181	0.00354909
	14	0.40879	0.42088	0.00341526
	15	0.425666	0.421199	0.00320245
	16	0.409173	0.420448	0.00308925
	17	0.420316	0.42044	0.00290754
	18	0.415465	0.420164	0.00275911
	19	0.44145	0.421284	0.00283223
	20	0.423571	0.421398	0.00269293
	1	0.416446	0.416446	0
	2	0.438681	0.427564	0.00786142
	3	0.415714	0.423614	0.00615375
	4	0.425424	0.424066	0.00463192
	5	0.440959	0.427445	0.0047815
	6	0.406358	0.42393	0.00511567
	7	0.417945	0.423075	0.00445574
	8	0.431585	0.424139	0.00402374
	9	0.428159	0.424586	0.00360136
	10	0.439191	0.426046	0.00352494
	11	0.421199	0.425606	0.00323192
	12	0.407447	0.424092	0.00329788
	13	0.433319	0.424802	0.00311964
	14	0.425194	0.42483	0.00289694
	15	0.415526	0.42421	0.00276942
	16	0.404631	0.422986	0.00285391
	17	0.414847	0.422507	0.00272589
	18	0.423684	0.422573	0.00257523
	19	0.422189	0.422553	0.00243977
	20	0.422917	0.422571	0.00231785
	1	0.419123	0.419123	0
	2	0.425105	0.422114	0.00211475
	3	0.419645	0.421291	0.00156176
	4	0.423448	0.42183	0.00126097
	5	0.419271	0.421318	0.00110783
	6	0.443253	0.424974	0.0034626
	7	0.434784	0.426376	0.00323915
	8	0.410641	0.424409	0.00337904
	9	0.433351	0.425402	0.00314627
	10	0.42192	0.425054	0.00285085
	11	0.453938	0.42768	0.00360346
	12	0.4243	0.427398	0.00331416
	13	0.414118	0.426377	0.00321281
	14	0.450778	0.42812	0.00342359
	15	0.432816	0.428433	0.00320963
	16	0.422502	0.428062	0.00303036
	17	0.43603	0.428531	0.00288812
	18	0.445342	0.429465	0.00287471
	19	0.40705	0.428285	0.00295558
	20	0.42884	0.428313	0.00280793
	1	0.399719	0.399719	0
	2	0.408437	0.404078	0.00308221
	3	0.426589	0.411582	0.00646197
	4	0.413665	0.412103	0.00486743
	5	0.438459	0.417374	0.00611488
	6	0.413776	0.416774	0.00512505
	7	0.441738	0.420341	0.00549534
	8	0.410155	0.419067	0.00495371
	9	0.414842	0.418598	0.00442549
	10	0.436284	0.420366	0.00432193
	11	0.423607	0.420661	0.00393905
	12	0.410424	0.419808	0.00370202
	13	0.412438	0.419241	0.00346039
	14	0.436246	0.420456	0.00341976
	15	0.420029	0.420427	0.00319189
	16	0.438634	0.421565	0.00318878
	17	0.406086	0.420655	0.00312851
	18	0.413543	0.420259	0.00297955
	19	0.424432	0.420479	0.00283081
	20	0.431164	0.421013	0.00273922
	1	0.442541	0.442541	0
	2	0.41305	0.427795	0.0104267
	3	0.444248	0.433279	0.00826853
	4	0.445175	0.436253	0.0067149
	5	0.442085	0.43742	0.00547228
	6	0.417111	0.434035	0.00550845
	7	0.439409	0.434803	0.00477472
	8	0.413194	0.432102	0.00488244
	9	0.42574	0.431395	0.00439082
	10	0.425795	0.430835	0.00398729
	11	0.449579	0.432539	0.00397228
	12	0.430169	0.432341	0.00364616
	13	0.425812	0.431839	0.0034001
	14	0.43105	0.431783	0.00315771
	15	0.431143	0.43174	0.00294748
	16	0.413907	0.430626	0.00296652
	17	0.442146	0.431303	0.00286838
	18	0.424042	0.4309	0.00273725
	19	0.40169	0.429362	0.00299395
	20	0.404778	0.428133	0.00308629
	1	0.436789	0.436789	0
	2	0.433532	0.43516	0.00115164
	3	0.418817	0.429713	0.0045138
	4	0.415135	0.426068	0.00462836
	5	0.439125	0.42868	0.00437783
	6	0.42272	0.427686	0.00375917
	7	0.427946	0.427723	0.00322232
	8	0.40431	0.424797	0.00392998
	9	0.44393	0.426923	0.00402748
	10	0.425526	0.426783	0.00362715
	11	0.421221	0.426277	0.00333246
	12	0.431047	0.426675	0.00307837
	13	0.446312	0.428185	0.00319072
	14	0.429528	0.428281	0.00296425
	15	0.409747	0.427045	0.00301318
	16	0.429921	0.427225	0.00283021
	17	0.42954	0.427361	0.002667
	18	0.443065	0.428234	0.0026577
	19	0.433129	0.428491	0.00253028
	20	0.433744	0.428754	0.00241736
	1	0.412283	0.412283	0
	2	0.449343	0.430813	0.0131026
	3	0.426484	0.42937	0.00881418
	4	0.418421	0.426633	0.00702283
	5	0.434112	0.428128	0.00577538
	6	0.438077	0.429787	0.00504522
	7	0.430934	0.42995	0.00432714
	8	0.439229	0.43111	0.0039386
	9	0.398874	0.427528	0.00486421
	10	0.430867	0.427862	0.00438923
	11	0.415	0.426693	0.00414303
	12	0.455751	0.429114	0.0044495
	13	0.445581	0.430381	0.00428372
	14	0.41747	0.429459	0.0040758
	15	0.427484	0.429327	0.00380621
	16	0.412298	0.428263	0.00371415
	17	0.424239	0.428026	0.00350321
	18	0.428825	0.428071	0.00330887
	19	0.432123	0.428284	0.00314158
	20	0.43234	0.428487	0.00299104
	1	0.420268	0.420268	0
	2	0.432509	0.426388	0.00432766
	3	0.421615	0.424797	0.00316407
	4	0.450183	0.431144	0.00598649
	5	0.421953	0.429305	0.00506354
	6	0.450211	0.43279	0.00528413
	7	0.414256	0.430142	0.00515003
	8	0.419664	0.428832	0.00466986
	9	0.408031	0.426521	0.00468817
	10	0.433603	0.427229	0.00427251
	11	0.434307	0.427873	0.00393224
	12	0.421307	0.427326	0.00364242
	13	0.424876	0.427137	0.0033671
	14	0.432363	0.42751	0.00314722
	15	0.437322	0.428165	0.00300461
	16	0.417834	0.427519	0.00288536
	17	0.424447	0.427338	0.00272129
	18	0.430794	0.42753	0.00257687
	19	0.431434	0.427736	0.00244942
	20	0.440639	0.428381	0.00241042
	1	0.411155	0.411155	0
	2	0.443452	0.427303	0.0114187
	3	0.435631	0.430079	0.0079427
	4	0.433473	0.430927	0.00600217
	5	0.439745	0.432691	0.00505415
	6	0.413572	0.429504	0.00511865
	7	0.424793	0.428831	0.00443145
	8	0.440816	0.430329	0.00412298
	9	0.441169	0.431534	0.00383677
	10	0.458124	0.434193	0.00427634
	11	0.41822	0.432741	0.00412675
	12	0.420743	0.431741	0.00390208
	13	0.426092	0.431306	0.00362604
	14	0.42947	0.431175	0.00336941
	15	0.434351	0.431387	0.00315142
	16	0.439478	0.431893	0.00299476
	17	0.434255	0.432032	0.00282182
	18	0.459752	0.433572	0.00305653
	19	0.449761	0.434424	0.00301209
	20	0.440958	0.43475	0.00287916
	1	0.419973	0.419973	0
	2	0.427986	0.42398	0.002833
	3	0.427059	0.425006	0.00206625
	4	0.431726	0.426686	0.00212569
	5	0.420046	0.425358	0.00207436
	6	0.445748	0.428756	0.00355133
	7	0.405206	0.425392	0.00435522
	8	0.431898	0.426205	0.00388599
	9	0.436293	0.427326	0.00361227
	10	0.430954	0.427689	0.00326921
	11	0.445181	0.429279	0.00333639
	12	0.452506	0.431215	0.00357599
	13	0.437909	0.43173	0.00333779
	14	0.434768	0.431947	0.00310642
	15	0.457668	0.433661	0.00333924
	16	0.44186	0.434174	0.00316961
	17	0.456978	0.435515	0.00325466
	18	0.439746	0.43575	0.00308232
	19	0.434178	0.435667	0.0029212
	20	0.419734	0.434871	0.00288173
	1	0.429166	0.429166	0
	2	0.431539	0.430352	0.000838807
	3	0.423323	0.428009	0.0019932
	4	0.420943	0.426243	0.00213906
	5	0.405308	0.422056	0.0041173
	6	0.441796	0.425346	0.00455991
	7	0.466563	0.431234	0.00670779
	8	0.439354	0.432249	0.00594561
	9	0.44658	0.433841	0.00549408
	10	0.430335	0.433491	0.00495585
	11	0.413585	0.431681	0.00482441
	12	0.410765	0.429938	0.00472676
	13	0.448463	0.431363	0.00457293
	14	0.428899	0.431187	0.00424968
	15	0.414405	0.430068	0.00411101
	16	0.434428	0.430341	0.00386309
	17	0.451395	0.431579	0.00382922
	18	0.444929	0.432321	0.00368762
	19	0.433442	0.43238	0.003494
	20	0.459325	0.433727	0.0035696
	1	0.433924	0.433924	0
	2	0.436533	0.435229	0.000922444
	3	0.435089	0.435182	0.000616127
	4	0.428186	0.433433	0.00158357
	5	0.444971	0.435741	0.00242179
	6	0.433218	0.43532	0.00205434
	7	0.416183	0.432587	0.00308332
	8	0.437827	0.433242	0.00276662
	9	0.433202	0.433237	0.00245922
	10	0.428819	0.432795	0.00225263
	11	0.418556	0.431501	0.00239105
	12	0.456993	0.433625	0.00299009
	13	0.443735	0.434403	0.00285942
	14	0.418125	0.43324	0.00288189
	15	0.443368	0.433915	0.00276772
	16	0.436725	0.434091	0.0026003
	17	0.451721	0.435128	0.00264607
	18	0.463876	0.436725	0.00294184
	19	0.424554	0.436085	0.0028559
	20	0.447504	0.436656	0.00276959
	1	0.440423	0.440423	0
	2	0.405889	0.423156	0.0122095
	3	0.428426	0.424913	0.00826509
	4	0.421357	0.424024	0.00624643
	5	0.449132	0.429045	0.00671903
	6	0.459183	0.434068	0.00723714
	7	0.422182	0.43237	0.00639938
	8	0.420486	0.430885	0.00576932
	9	0.407098	0.428242	0.00570164
	10	0.443421	0.42976	0.0053297
	11	0.428161	0.429614	0.00484717
	12	0.44669	0.431037	0.0046474
	13	0.443636	0.432006	0.00438979
	14	0.450032	0.433294	0.00426087
	15	0.44731	0.434228	0.00407799
	16	0.411967	0.432837	0.00405353
	17	0.453202	0.434035	0.00398818
	18	0.416982	0.433088	0.0038775
	19	0.459475	0.434476	0.00391425
	20	0.421224	0.433814	0.0037742
	1	0.420603	0.420603	0
	2	0.4477	0.434151	0.00958035
	3	0.426254	0.431519	0.00673888
	4	0.432596	0.431788	0.00505954
	5	0.464811	0.438393	0.00716094
	6	0.432351	0.437386	0.00603783
	7	0.434747	0.437009	0.00518704
	8	0.452422	0.438935	0.00488336
	9	0.456064	0.440839	0.00469703
	10	0.430239	0.439779	0.00434528
	11	0.451441	0.440839	0.00407755
	12	0.432646	0.440156	0.00379449
	13	0.443493	0.440413	0.00351127
	14	0.404178	0.437825	0.00410498
	15	0.429159	0.437247	0.00387175
	16	0.410657	0.435585	0.00397044
	17	0.451051	0.436495	0.0038397
	18	0.431094	0.436195	0.00363809
	19	0.442964	0.436551	0.00346401
	20	0.42254	0.43585	0.0033609
	1	0.432103	0.432103	0
	2	0.457681	0.444892	0.00904334
	3	0.413688	0.43449	0.0104151
	4	0.419724	0.430799	0.00844021
	5	0.407988	0.426237	0.00788942
	6	0.455809	0.431165	0.0079667
	7	0.454819	0.434544	0.0075111
	8	0.422785	0.433075	0.0067145
	9	0.456402	0.435667	0.00644934
	10	0.419964	0.434096	0.00599251
	11	0.457663	0.436239	0.00581812
	12	0.41683	0.434621	0.00555353
	13	0.435863	0.434717	0.00512716
	14	0.426887	0.434158	0.00479134
	15	0.446797	0.435	0.00454542
	16	0.438397	0.435212	0.00426628
	17	0.450018	0.436083	0.00410326
	18	0.467712	0.437841	0.00423486
	19	0.420662	0.436936	0.00410735
	20	0.431185	0.436649	0.00391203
	1	0.431763	0.431763	0
	2	0.437711	0.434737	0.00210314
	3	0.437749	0.435741	0.00162416
	4	0.448368	0.438898	0.0029929
	5	0.45164	0.441446	0.00330581
	6	0.445271	0.442083	0.00281563
	7	0.435321	0.441117	0.00257378
	8	0.43924	0.440883	0.00226273
	9	0.470215	0.444142	0.00367249
	10	0.448567	0.444584	0.00333179
	11	0.435581	0.443766	0.00312782
	12	0.446411	0.443986	0.00287493
	13	0.444034	0.44399	0.00265378
	14	0.459441	0.445094	0.00268392
	15	0.463842	0.446344	0.00278083
	16	0.425299	0.445028	0.00290147
	17	0.446041	0.445088	0.00273141
	18	0.45536	0.445659	0.00263861
	19	0.479545	0.447442	0.00304337
	20	0.450891	0.447614	0.00289608
	1	0.441781	0.441781	0
	2	0.439834	0.440808	0.000688405
	3	0.445822	0.442479	0.00143984
	4	0.447696	0.443783	0.00156263
	5	0.428451	0.440717	0.00301421
	6	0.42525	0.438139	0.00344195
	7	0.443025	0.438837	0.0030202
	8	0.440448	0.439038	0.00264938
	9	0.423667	0.437331	0.0028529
	10	0.427068	0.436304	0.00274601
	11	0.440119	0.436651	0.00251817
	12	0.425298	0.435705	0.0024797
	13	0.43238	0.435449	0.0023021
	14	0.450009	0.436489	0.00236093
	15	0.489851	0.440047	0.00408254
	16	0.428845	0.439346	0.00388695
	17	0.443135	0.439569	0.00366469
	18	0.455169	0.440436	0.0035621
	19	0.420753	0.4394	0.00352205
	20	0.444364	0.439648	0.00335468
	1	0.434445	0.434445	0
	2	0.459125	0.446785	0.00872579
	3	0.480449	0.458006	0.010853
	4	0.429834	0.450963	0.0101714
	5	0.442086	0.449188	0.00829064
	6	0.406312	0.442042	0.00950191
	7	0.416933	0.438455	0.0087955
	8	0.473341	0.442816	0.00871025
	9	0.415244	0.439752	0.00826364
	10	0.434128	0.43919	0.00745639
	11	0.426504	0.438036	0.00686714
	12	0.472853	0.440938	0.00688054
	13	0.461823	0.442544	0.00653613
	14	0.433754	0.441917	0.00609934
	15	0.439173	0.441734	0.00569546
	16	0.476613	0.443914	0.00574154
	17	0.463046	0.445039	0.00551301
	18	0.462483	0.446008	0.00529122
	19	0.449173	0.446175	0.00501536
	20	0.41335	0.444533	0.00502597
	1	0.459607	0.459607	0
	2	0.443807	0.451707	0.00558627
	3	0.405492	0.436302	0.013118
	4	0.444428	0.438334	0.00999458
	5	0.451001	0.440867	0.00831055
	6	0.442973	0.441218	0.00693287
	7	0.448076	0.442198	0.00601128
	8	0.434644	0.441254	0.00533351
	9	0.464594	0.443847	0.00533426
	10	0.415698	0.441032	0.00549355
	11	0.409057	0.438125	0.00571163
	12	0.450812	0.439183	0.00533261
	13	0.418213	0.437569	0.00516061
	14	0.460485	0.439206	0.0050449
	15	0.409559	0.43723	0.00508101
	16	0.416664	0.435944	0.00492334
	17	0.439768	0.436169	0.00463887
	18	0.437706	0.436255	0.00438194
	19	0.45102	0.437032	0.00421966
	20	0.421354	0.436248	0.00408084
	1	0.434146	0.434146	0
	2	0.414924	0.424535	0.00679612
	3	0.419028	0.422699	0.00477227
	4	0.441501	0.4274	0.00542045
	5	0.41966	0.425852	0.00455203
	6	0.416424	0.424281	0.0040555
	7	0.429115	0.424971	0.00353445
	8	0.45183	0.428329	0.00440764
	9	0.447212	0.430427	0.00438895
	10	0.448176	0.432202	0.00429397
	11	0.431722	0.432158	0.00390383
	12	0.431928	0.432139	0.00357856
	13	0.403278	0.429919	0.00393208
	14	0.431621	0.43004	0.00365309
	15	0.422876	0.429563	0.00344063
	16	0.432969	0.429776	0.00323217
	17	0.442315	0.430513	0.00312507
	18	0.416653	0.429743	0.00304485
	19	0.459505	0.43131	0.00326273
	20	0.407392	0.430114	0.00331151
	1	0.4287	0.4287	0
	2	0.428431	0.428566	9.50917e-05
	3	0.433182	0.430104	0.00125794
	4	0.424868	0.428795	0.00147481
	5	0.452326	0.433501	0.00437153
	6	0.439788	0.434549	0.00376639
	7	0.433824	0.434445	0.00322976
	8	0.447336	0.436057	0.00320288
	9	0.430656	0.435457	0.00290266
	10	0.438372	0.435748	0.00262699
	11	0.43199	0.435407	0.00241029
	12	0.410049	0.433294	0.00299582
	13	0.441669	0.433938	0.0028338
	14	0.461051	0.435874	0.00322597
	15	0.421262	0.4349	0.00315456
	16	0.443678	0.435449	0.00300473
	17	0.4425	0.435864	0.00285647
	18	0.43838	0.436003	0.00270119
	19	0.462295	0.437387	0.00289183
	20	0.44809	0.437922	0.00279631
	1	0.424395	0.424395	0
	2	0.477152	0.450774	0.0186523
	3	0.431444	0.44433	0.0135019
	4	0.462125	0.448779	0.0108345
	5	0.449262	0.448876	0.00866803
	6	0.445711	0.448348	0.00723939
	7	0.440017	0.447158	0.00630227
	8	0.441331	0.44643	0.00555642
	9	0.447031	0.446496	0.00493944
	10	0.46111	0.447958	0.00465664
	11	0.486049	0.451421	0.00536861
	12	0.436887	0.450209	0.00505599
	13	0.425263	0.44829	0.00501804
	14	0.454413	0.448728	0.00467863
	15	0.412056	0.446283	0.00496456
	16	0.440183	0.445902	0.00466889
	17	0.441123	0.445621	0.0044027
	18	0.464966	0.446695	0.00428727
	19	0.448761	0.446804	0.00406301
	20	0.446247	0.446776	0.00385995
	1	0.476805	0.476805	0
	2	0.434648	0.455726	0.0149045
	3	0.416035	0.442496	0.0146775
	4	0.447103	0.443648	0.0110533
	5	0.44383	0.443684	0.00884267
	6	0.428554	0.441162	0.00772009
	7	0.430514	0.439641	0.00676544
	8	0.440946	0.439804	0.00592173
	9	0.437285	0.439524	0.00527037
	10	0.428429	0.438415	0.00485872
	11	0.457209	0.440123	0.00470784
	12	0.433257	0.439551	0.00435015
	13	0.398604	0.436401	0.00502816
	14	0.490593	0.440272	0.00597602
	15	0.412208	0.438401	0.00586318
	16	0.44516	0.438824	0.00551192
	17	0.428019	0.438188	0.00522421
	18	0.488041	0.440958	0.00562038
	19	0.4362	0.440707	0.00533014
	20	0.458443	0.441594	0.00513687
	1	0.473939	0.473939	0
	2	0.419244	0.446592	0.0193377
	3	0.452602	0.448595	0.0129952
	4	0.412838	0.439656	0.0124469
	5	0.440417	0.439808	0.00995847
	6	0.430409	0.438242	0.00842102
	7	0.479781	0.444176	0.00907102
	8	0.425534	0.441846	0.008231
	9	0.446382	0.44235	0.00733186
	10	0.448456	0.44296	0.00662406
	11	0.432907	0.442046	0.00608458
	12	0.421049	0.440297	0.0058237
	13	0.463684	0.442096	0.00564677
	14	0.459715	0.443354	0.00538185
	15	0.417722	0.441645	0.00528738
	16	0.454411	0.442443	0.00501676
	17	0.453331	0.443084	0.00476236
	18	0.454785	0.443734	0.00454194
	19	0.489284	0.446131	0.00489487
	20	0.406965	0.444173	0.00502663
	1	0.435586	0.435586	0
	2	0.416859	0.426223	0.00662124
	3	0.446522	0.432989	0.00707157
	4	0.444137	0.435776	0.0058271
	5	0.471618	0.442944	0.00792718
	6	0.40364	0.436394	0.00891067
	7	0.447227	0.437941	0.00777094
	8	0.457991	0.440447	0.00719236
	9	0.462303	0.442876	0.0067908
	10	0.466176	0.445206	0.00649918
	11	0.486866	0.448993	0.00692444
	12	0.490449	0.452448	0.00715747
	13	0.466124	0.4535	0.00668376
	14	0.473764	0.454947	0.00636115
	15	0.436083	0.45369	0.00606011
	16	0.41476	0.451256	0.00615042
	17	0.460568	0.451804	0.00581297
	18	0.445094	0.451431	0.00550197
	19	0.432719	0.450447	0.0052998
	20	0.425794	0.449214	0.00517617
	1	0.448369	0.448369	0
	2	0.450731	0.44955	0.000834958
	3	0.450253	0.449784	0.000588546
	4	0.448637	0.449498	0.000506489
	5	0.434888	0.446576	0.00264475
	6	0.442134	0.445835	0.00230526
	7	0.44593	0.445849	0.00197597
	8	0.427013	0.443494	0.00280003
	9	0.422502	0.441162	0.00332123
	10	0.453188	0.442365	0.00319945
	11	0.418694	0.440213	0.00355942
	12	0.408963	0.437608	0.00410638
	13	0.434458	0.437366	0.00379765
	14	0.451411	0.438369	0.00365649
	15	0.45577	0.439529	0.00359203
	16	0.425513	0.438653	0.0034727
	17	0.404474	0.436643	0.0038062
	18	0.396585	0.434417	0.00419519
	19	0.413877	0.433336	0.00411133
	20	0.443091	0.433824	0.00393458
	1	0.408902	0.408902	0
	2	0.443649	0.426276	0.0122849
	3	0.453113	0.435221	0.0109739
	4	0.435422	0.435271	0.00823056
	5	0.409584	0.430134	0.00802933
	6	0.463529	0.4357	0.00840156
	7	0.440913	0.436445	0.00723427
	8	0.414337	0.433681	0.00683746
	9	0.415574	0.431669	0.00636686
	10	0.419913	0.430494	0.00583771
	11	0.39401	0.427177	0.00617776
	12	0.449705	0.429054	0.00594135
	13	0.411024	0.427667	0.00564389
	14	0.435259	0.42821	0.00526674
	15	0.417561	0.4275	0.00496324
	16	0.433624	0.427882	0.00466778
	17	0.426288	0.427789	0.00439414
	18	0.423685	0.427561	0.00415594
	19	0.39183	0.42568	0.00434188
	20	0.432525	0.426022	0.00413826
	1	0.410184	0.410184	0
	2	0.418202	0.414193	0.00283498
	3	0.42302	0.417135	0.00305663
	4	0.41077	0.415544	0.00267478
	5	0.442676	0.42097	0.00530431
	6	0.401265	0.417686	0.00534111
	7	0.423995	0.418587	0.00465352
	8	0.434392	0.420563	0.00447155
	9	0.407928	0.419159	0.0041893
	10	0.405232	0.417766	0.00399516
	11	0.383374	0.41464	0.0046987
	12	0.431981	0.416085	0.00452392
	13	0.464398	0.419801	0.00549432
	14	0.407	0.418887	0.00517739
	15	0.396567	0.417399	0.00504153
	16	0.409878	0.416929	0.0047483
	17	0.41559	0.41685	0.00446964
	18	0.454796	0.418958	0.00469221
	19	0.457544	0.420989	0.00486492
	20	0.456304	0.422755	0.00493171
	1	0.444404	0.444404	0
	2	0.427114	0.435759	0.00611275
	3	0.451282	0.440934	0.00586994
	4	0.451	0.44345	0.00491244
	5	0.420362	0.438833	0.00570113
	6	0.434944	0.438185	0.00478763
	7	0.417319	0.435204	0.00494534
	8	0.453401	0.437478	0.00482202
	9	0.385728	0.431728	0.00691096
	10	0.413685	0.429924	0.00645111
	11	0.420554	0.429072	0.00592062
	12	0.437002	0.429733	0.00546399
	13	0.459386	0.432014	0.00549922
	14	0.427096	0.431663	0.00511762
	15	0.462516	0.43372	0.0051733
	16	0.435602	0.433837	0.00485131
	17	0.365283	0.429805	0.00601273
	18	0.471918	0.432144	0.00611696
	19	0.474895	0.434394	0.00619503
	20	0.41577	0.433463	0.00595485
	1	0.429926	0.429926	0
	2	0.404796	0.417361	0.00888475
	3	0.439243	0.424655	0.0083996
	4	0.399375	0.418335	0.00834518
	5	0.375558	0.409779	0.0101551
	6	0.442429	0.415221	0.00981283
	7	0.42974	0.417295	0.00862742
	8	0.394984	0.414506	0.00798704
	9	0.392914	0.412107	0.00745121
	10	0.41792	0.412688	0.00672872
	11	0.458914	0.416891	0.00731246
	12	0.439501	0.418775	0.00694159
	13	0.438477	0.42029	0.00657097
	14	0.424169	0.420567	0.00610746
	15	0.416935	0.420325	0.00570509
	16	0.426257	0.420696	0.00536055
	17	0.433484	0.421448	0.00509774
	18	0.45523	0.423325	0.00514842
	19	0.416213	0.422951	0.00489104
	20	0.413008	0.422454	0.00467169
	1	0.419731	0.419731	0
	2	0.410383	0.415057	0.00330515
	3	0.447902	0.426005	0.00920668
	4	0.443568	0.430396	0.00788277
	5	0.457252	0.435767	0.00792768
	6	0.437538	0.436062	0.00661189
	7	0.371588	0.426852	0.0102389
	8	0.439549	0.428439	0.00908125
	9	0.444391	0.430211	0.00824338
	10	0.412829	0.428473	0.0076001
	11	0.41038	0.426828	0.00708493
	12	0.455298	0.429201	0.00688028
	13	0.439965	0.430029	0.00640066
	14	0.444244	0.431044	0.00602347
	15	0.404862	0.429299	0.00586937
	16	0.413877	0.428335	0.00558111
	17	0.38493	0.425782	0.00580754
	18	0.409289	0.424865	0.00555671
	19	0.450776	0.426229	0.00542902
	20	0.406046	0.42522	0.00525052
	1	0.419514	0.419514	0
	2	0.420334	0.419924	0.000289665
	3	0.459309	0.433053	0.0107211
	4	0.43737	0.434132	0.00809496
	5	0.459483	0.439202	0.00790595
	6	0.450985	0.441166	0.00682783
	7	0.388777	0.433682	0.0090698
	8	0.439446	0.434402	0.00796465
	9	0.438559	0.434864	0.00709306
	10	0.46497	0.437875	0.00699353
	11	0.443246	0.438363	0.00637478
	12	0.408162	0.435846	0.00632086
	13	0.391284	0.432419	0.00669994
	14	0.425941	0.431956	0.00623733
	15	0.388342	0.429048	0.00646379
	16	0.441336	0.429816	0.00610525
	17	0.40434	0.428318	0.00592719
	18	0.465623	0.43039	0.00594922
	19	0.420958	0.429894	0.00565678
	20	0.398454	0.428322	0.0055881
	1	0.436405	0.436405	0
	2	0.417634	0.427019	0.00663672
	3	0.450917	0.434985	0.00786642
	4	0.363953	0.417227	0.0164717
	5	0.412311	0.416244	0.0132067
	6	0.356165	0.406231	0.0143065
	7	0.429423	0.409544	0.0126405
	8	0.456364	0.415397	0.0123412
	9	0.449197	0.419152	0.0115272
	10	0.442794	0.421516	0.0106142
	11	0.398031	0.419381	0.00986163
	12	0.450836	0.422003	0.00938172
	13	0.393603	0.419818	0.00891077
	14	0.417881	0.41968	0.00827536
	15	0.484506	0.424001	0.00877995
	16	0.429225	0.424328	0.00823727
	17	0.440093	0.425255	0.00780475
	18	0.459458	0.427155	0.00759894
	19	0.426362	0.427114	0.00719911
	20	0.468405	0.429178	0.00712905
	1	0.453481	0.453481	0
	2	0.439674	0.446578	0.00488159
	3	0.45666	0.449938	0.00425681
	4	0.403334	0.438287	0.0105832
	5	0.464294	0.443489	0.00966054
	6	0.438865	0.442718	0.00808112
	7	0.434344	0.441522	0.00701466
	8	0.436021	0.440834	0.00617143
	9	0.468303	0.443886	0.00619462
	10	0.437164	0.443214	0.00561152
	11	0.427123	0.441751	0.0052886
	12	0.394382	0.437804	0.006147
	13	0.373982	0.432894	0.0073786
	14	0.437532	0.433226	0.00685899
	15	0.467575	0.435516	0.00677321
	16	0.453663	0.43665	0.00644415
	17	0.481689	0.439299	0.00658722
	18	0.40536	0.437414	0.00648551
	19	0.42146	0.436574	0.00619828
	20	0.432065	0.436349	0.00589246
	1	0.468249	0.468249	0
	2	0.448236	0.458243	0.00707566
	3	0.422381	0.446289	0.0108404
	4	0.466973	0.45146	0.00928207
	5	0.418608	0.44489	0.0094698
	6	0.480563	0.450835	0.00957778
	7	0.463606	0.452659	0.00838148
	8	0.496	0.458077	0.00891437
	9	0.455148	0.457752	0.00792982
	10	0.424059	0.454382	0.00781994
	11	0.403434	0.449751	0.00836901
	12	0.390836	0.444841	0.00899713
	13	0.473843	0.447072	0.00857717
	14	0.423957	0.445421	0.00812188
	15	0.405898	0.442786	0.0079964
	16	0.451532	0.443333	0.00751528
	17	0.37513	0.439321	0.00807335
	18	0.436155	0.439145	0.00762675
	19	0.420856	0.438182	0.00728583
	20	0.406006	0.436574	0.00709694
	1	0.457088	0.457088	0
	2	0.420965	0.439027	0.0127714
	3	0.430003	0.436019	0.00886139
	4	0.405596	0.428413	0.00935714
	5	0.49547	0.441824	0.0141396
	6	0.415131	0.437375	0.0124633
	7	0.383735	0.429712	0.012824
	8	0.418164	0.428269	0.0113019
	9	0.418682	0.427204	0.0100962
	10	0.427853	0.427269	0.00908683
	11	0.444819	0.428864	0.00839965
	12	0.403479	0.426749	0.00796161
	13	0.387389	0.423721	0.00790392
	14	0.381794	0.420726	0.00788632
	15	0.3965	0.419111	0.00752413
	16	0.427693	0.419648	0.00707296
	17	0.425075	0.419967	0.00666411
	18	0.436242	0.420871	0.00635492
	19	0.479279	0.423945	0.00672299
	20	0.404631	0.422979	0.00645583
	1	0.397218	0.397218	0
	2	0.426579	0.411898	0.0103806
	3	0.403372	0.409056	0.00729912
	4	0.4741	0.425317	0.015109
	5	0.467972	0.433848	0.0142941
	6	0.461152	0.438399	0.0126154
	7	0.431216	0.437373	0.0108548
	8	0.388887	0.431312	0.0110613
	9	0.358798	0.423255	0.0124249
	10	0.362687	0.417198	0.0125723
	11	0.459574	0.42105	0.0120051
	12	0.427409	0.42158	0.0110163
	13	0.439837	0.422985	0.010258
	14	0.453077	0.425134	0.00974791
	15	0.433269	0.425676	0.00911313
	16	0.399946	0.424068	0.00868429
	17	0.483056	0.427538	0.00883952
	18	0.436405	0.428031	0.00836215
	19	0.429714	0.428119	0.00792251
	20	0.383214	0.425874	0.00783809
	1	0.466483	0.466483	0
	2	0.440595	0.453539	0.00915292
	3	0.433175	0.446751	0.00824321
	4	0.393928	0.433545	0.0130006
	5	0.546278	0.456092	0.0226903
	6	0.415756	0.449369	0.0198795
	7	0.399069	0.442183	0.0182922
	8	0.436158	0.44143	0.0160212
	9	0.416401	0.438649	0.0144804
	10	0.427089	0.437493	0.0130785
	11	0.435968	0.437355	0.0118902
	12	0.465971	0.439739	0.011136
	13	0.382745	0.435355	0.0111089
	14	0.435999	0.435401	0.0103155
	15	0.431436	0.435137	0.00963117
	16	0.405644	0.433294	0.00920392
	17	0.437947	0.433567	0.00866658
	18	0.408669	0.432184	0.00829476
	19	0.434141	0.432287	0.00785884
	20	0.389573	0.430151	0.00775066
	1	0.372704	0.372704	0
	2	0.400068	0.386386	0.00967448
	3	0.339491	0.370754	0.0143002
	4	0.384886	0.374287	0.011153
	5	0.350748	0.369579	0.00986614
	6	0.402389	0.375047	0.00961854
	7	0.406786	0.379581	0.00925159
	8	0.357471	0.376818	0.00849795
	9	0.454048	0.385399	0.0110686
	10	0.438955	0.390754	0.0111826
	11	0.396391	0.391267	0.0101777
	12	0.424897	0.394069	0.00970777
	13	0.451899	0.398518	0.00992805
	14	0.445619	0.401882	0.00977234
	15	0.419107	0.403031	0.00918807
	16	0.465272	0.406921	0.00940131
	17	0.452961	0.409629	0.00923014
	18	0.379964	0.407981	0.00886326
	19	0.444	0.409877	0.00859712
	20	0.399384	0.409352	0.00818326
	1	0.421264	0.421264	0
	2	0.406777	0.414021	0.00512191
	3	0.413947	0.413996	0.00341466
	4	0.443748	0.421434	0.00693198
	5	0.39005	0.415157	0.00789131
	6	0.373517	0.408217	0.00913132
	7	0.486807	0.419444	0.0130116
	8	0.394526	0.41633	0.011752
	9	0.450826	0.420163	0.0110537
	10	0.416902	0.419836	0.0099531
	11	0.417175	0.419594	0.00905121
	12	0.417675	0.419435	0.00829836
	13	0.408965	0.418629	0.007699
	14	0.414481	0.418333	0.00715477
	15	0.479633	0.42242	0.0077576
	16	0.440401	0.423543	0.0073537
	17	0.386822	0.421383	0.00723143
	18	0.415473	0.421055	0.00683714
	19	0.428863	0.421466	0.00648962
	20	0.458762	0.423331	0.00642748
	1	0.375434	0.375434	0
	2	0.409039	0.392237	0.0118813
	3	0.418171	0.400882	0.0106096
	4	0.398023	0.400167	0.00798121
	5	0.426644	0.405462	0.00794986
	6	0.353424	0.396789	0.0103235
	7	0.401482	0.397459	0.00887046
	8	0.441207	0.402928	0.00929565
	9	0.416316	0.404416	0.00838099
	10	0.453424	0.409316	0.00886066
	11	0.395078	0.408022	0.00814914
	12	0.400407	0.407387	0.00749471
	13	0.408062	0.407439	0.00691837
	14	0.396301	0.406644	0.00646978
	15	0.412374	0.407026	0.00604973
	16	0.447306	0.409543	0.00617325
	17	0.394887	0.408681	0.00587001
	18	0.35237	0.405553	0.0063228
	19	0.412241	0.405905	0.00599981
	20	0.411889	0.406204	0.00570727
	1	0.411381	0.411381	0
	2	0.43221	0.421796	0.00736417
	3	0.377868	0.407153	0.0129244
	4	0.450464	0.417981	0.0134867
	5	0.394892	0.413363	0.0115529
	6	0.43524	0.417009	0.0101866
	7	0.536578	0.43409	0.0180644
	8	0.458642	0.437159	0.0160649
	9	0.384386	0.431295	0.0153127
	10	0.403301	0.428496	0.014035
	11	0.404537	0.426318	0.012927
	12	0.42693	0.426369	0.0118499
	13	0.40333	0.424597	0.0110701
	14	0.412606	0.42374	0.0103124
	15	0.403868	0.422415	0.00970965
	16	0.393059	0.420581	0.00927453
	17	0.424999	0.420841	0.00873261
	18	0.3748	0.418283	0.00861392
	19	0.399714	0.417305	0.00821581
	20	0.416354	0.417258	0.00780516
	1	0.395914	0.395914	0
	2	0.384655	0.390284	0.00398054
	3	0.391647	0.390739	0.00267947
	4	0.418668	0.397721	0.00637204
	5	0.453563	0.408889	0.0112148
	6	0.419852	0.410716	0.00949333
	7	0.452033	0.416619	0.00980176
	8	0.383609	0.412492	0.00940501
	9	0.381765	0.409078	0.00895829
	10	0.435188	0.411689	0.00843437
	11	0.435648	0.413867	0.00794386
	12	0.379422	0.410997	0.00778321
	13	0.401413	0.41026	0.00721933
	14	0.415866	0.41066	0.00671476
	15	0.455614	0.413657	0.00690358
	16	0.410421	0.413455	0.00647507
	17	0.500722	0.418588	0.00787021
	18	0.405626	0.417868	0.00746585
	19	0.418574	0.417905	0.007073
	20	0.419353	0.417978	0.00671972
	1	0.422082	0.422082	0
	2	0.385331	0.403706	0.0129936
	3	0.370505	0.392639	0.0125177
	4	0.435924	0.40346	0.0132651
	5	0.40293	0.403354	0.0106125
	6	0.389812	0.401097	0.00908062
	7	0.412992	0.402796	0.00794078
	8	0.474118	0.411712	0.0108546
	9	0.422333	0.412892	0.00971248
	10	0.42367	0.41397	0.00880084
	11	0.432822	0.415684	0.00816594
	12	0.415615	0.415678	0.00748545
	13	0.414236	0.415567	0.00691046
	14	0.42475	0.416223	0.00644791
	15	0.444671	0.418119	0.00629079
	16	0.440255	0.419503	0.00604782
	17	0.452175	0.421425	0.00598967
	18	0.408952	0.420732	0.00569685
	19	0.405593	0.419935	0.00545245
	20	0.473992	0.422638	0.00581125
	1	0.413702	0.413702	0
	2	0.369326	0.391514	0.0156892
	3	0.394142	0.39239	0.0104839
	4	0.393046	0.392554	0.0078642
	5	0.423311	0.398705	0.00835778
	6	0.404857	0.399731	0.00702742
	7	0.344981	0.391909	0.00941904
	8	0.375579	0.389868	0.00845995
	9	0.395528	0.390497	0.0075433
	10	0.389229	0.39037	0.00679003
	11	0.398123	0.391075	0.00620923
	12	0.415731	0.39313	0.00602215
	13	0.400443	0.393692	0.00558512
	14	0.4383	0.396878	0.00602693
	15	0.388461	0.396317	0.0056512
	16	0.334433	0.392449	0.00648796
	17	0.348645	0.389873	0.00659818
	18	0.422241	0.391671	0.00647202
	19	0.440616	0.394247	0.00662426
	20	0.384156	0.393743	0.00631223
	1	0.450703	0.450703	0
	2	0.362164	0.406434	0.0313036
	3	0.413751	0.408873	0.0209639
	4	0.356425	0.395761	0.0193947
	5	0.406358	0.39788	0.0156311
	6	0.331129	0.386755	0.0165171
	7	0.379829	0.385766	0.0141871
	8	0.385123	0.385685	0.012414
	9	0.355174	0.382295	0.0114882
	10	0.419675	0.386033	0.0109306
	11	0.333852	0.381289	0.0109179
	12	0.370972	0.38043	0.0100419
	13	0.385378	0.38081	0.00927662
	14	0.378057	0.380614	0.00861609
	15	0.375314	0.38026	0.00804892
	16	0.307063	0.375685	0.00874993
	17	0.355627	0.374506	0.0083144
	18	0.387194	0.37521	0.00788232
	19	0.395059	0.376255	0.00753637
	20	0.435239	0.379204	0.00771506
	1	0.374787	0.374787	0
	2	0.455425	0.415106	0.0285097
	3	0.39902	0.409744	0.0195042
	4	0.388292	0.404381	0.0153477
	5	0.367033	0.396911	0.0139782
	6	0.335552	0.386685	0.0149278
	7	0.374596	0.384958	0.0128948
	8	0.312699	0.375926	0.0140958
	9	0.373114	0.375613	0.012533
	10	0.376881	0.37574	0.0112804
	11	0.389161	0.37696	0.0103207
	12	0.31004	0.371383	0.0108633
	13	0.349618	0.369709	0.0101558
	14	0.357761	0.368856	0.00946621
	15	0.358368	0.368156	0.00886091
	16	0.405554	0.370494	0.00860986
	17	0.377563	0.37091	0.00811343
	18	0.457749	0.375734	0.00898325
	19	0.397993	0.376906	0.00858649
	20	0.364492	0.376285	0.00817957
	1	0.395207	0.395207	0
	2	0.386424	0.390815	0.00310514
	3	0.352394	0.378008	0.0106599
	4	0.334248	0.367068	0.0123969
	5	0.329295	0.359514	0.0120006
	6	0.361239	0.359801	0.010004
	7	0.38331	0.36316	0.00912115
	8	0.399489	0.367701	0.00904109
	9	0.411223	0.372537	0.00923971
	10	0.389875	0.374271	0.00847686
	11	0.425586	0.378936	0.00889778
	12	0.352405	0.376725	0.0084265
	13	0.332413	0.373316	0.0084396
	14	0.435862	0.377784	0.0089414
	15	0.32168	0.374043	0.009094
	16	0.386416	0.374817	0.00855844
	17	0.350375	0.373379	0.00817488
	18	0.450146	0.377644	0.00876286
	19	0.34423	0.375885	0.00847629
	20	0.314465	0.372814	0.0085908
	1	0.366652	0.366652	0
	2	0.361514	0.364083	0.0018167
	3	0.356956	0.361707	0.00228683
	4	0.413901	0.374756	0.0114298
	5	0.326241	0.365053	0.0126067
	6	0.36499	0.365042	0.0105056
	7	0.416833	0.372441	0.011314
	8	0.354215	0.370163	0.0101265
	9	0.342655	0.367106	0.00945132
	10	0.378925	0.368288	0.00857977
	11	0.314151	0.363367	0.00910255
	12	0.336213	0.361104	0.00862067
	13	0.27745	0.354669	0.010077
	14	0.359923	0.355044	0.00936416
	15	0.349383	0.354667	0.00874748
	16	0.340584	0.353787	0.00824493
	17	0.371609	0.354835	0.0078263
	18	0.392769	0.356942	0.00767
	19	0.358182	0.357008	0.00726659
	20	0.285057	0.35341	0.00774274
	1	0.302571	0.302571	0
	2	0.362131	0.332351	0.0210579
	3	0.336065	0.333589	0.0140749
	4	0.316972	0.329435	0.0111524
	5	0.338547	0.331257	0.00906958
	6	0.329446	0.330955	0.007563
	7	0.278492	0.323461	0.00949581
	8	0.381638	0.330733	0.0107383
	9	0.341232	0.331899	0.00960829
	10	0.437843	0.342494	0.0132588
	11	0.405049	0.348181	0.0132169
	12	0.392217	0.35185	0.0126146
	13	0.338927	0.350856	0.0116834
	14	0.325943	0.349077	0.0109835
	15	0.30624	0.346221	0.0106161
	16	0.331363	0.345292	0.0099931
	17	0.309326	0.343177	0.00962662
	18	0.39068	0.345816	0.00944663
	19	0.315058	0.344197	0.00908709
	20	0.41455	0.347715	0.00928868
