	1	1.32273	1.32273	0
	2	1.38436	1.35355	0.0217888
	3	1.36096	1.35602	0.0146652
	4	1.32233	1.34759	0.0131975
	5	1.3703	1.35213	0.0113121
	6	1.35467	1.35256	0.00943461
	7	1.34966	1.35214	0.00809588
	8	1.31426	1.34741	0.00835477
	9	1.3043	1.34262	0.00869165
	10	1.37001	1.34536	0.00824289
	11	1.33698	1.3446	0.00752867
	12	1.35817	1.34573	0.00698577
	13	1.36814	1.34745	0.00665776
	14	1.33346	1.34645	0.00625676
	15	1.36261	1.34753	0.00593163
	16	1.32027	1.34582	0.00580044
	17	1.38852	1.34834	0.00597837
	18	1.35933	1.34895	0.00567734
	19	1.36326	1.3497	0.00542825
	20	1.32296	1.34836	0.0053189
	1	1.33022	1.33022	0
	2	1.4086	1.36941	0.0277143
	3	1.40789	1.38224	0.0212383
	4	1.37762	1.38108	0.01596
	5	1.31087	1.36704	0.0179103
	6	1.33175	1.36116	0.0158614
	7	1.39722	1.36631	0.0144077
	8	1.3473	1.36394	0.0128011
	9	1.35593	1.36305	0.0114096
	10	1.38646	1.36539	0.0105063
	11	1.33358	1.3625	0.00994121
	12	1.40866	1.36634	0.00982886
	13	1.37856	1.36728	0.00911762
	14	1.34226	1.36549	0.00863983
	15	1.46574	1.37218	0.01033
	16	1.35234	1.37094	0.00975845
	17	1.29177	1.36628	0.0102355
	18	1.38986	1.36759	0.00975035
	19	1.37476	1.36797	0.00924448
	20	1.34767	1.36695	0.00883781
	1	1.37121	1.37121	0
	2	1.35151	1.36136	0.00696536
	3	1.31752	1.34675	0.0128051
	4	1.43328	1.36838	0.0210542
	5	1.46655	1.38801	0.0243328
	6	1.40811	1.39136	0.0205064
	7	1.26937	1.37393	0.02386
	8	1.4498	1.38342	0.022684
	9	1.42063	1.38755	0.020537
	10	1.39258	1.38806	0.0184894
	11	1.38373	1.38766	0.0168127
	12	1.44395	1.39235	0.0160527
	13	1.47154	1.39844	0.0159316
	14	1.33272	1.39375	0.0154699
	15	1.40686	1.39462	0.0144632
	16	1.36387	1.3927	0.0136864
	17	1.39464	1.39282	0.0128818
	18	1.41357	1.39397	0.0122176
	19	1.39109	1.39382	0.0115755
	20	1.45525	1.39689	0.011397
	1	1.40204	1.40204	0
	2	1.38281	1.39242	0.00680115
	3	1.41759	1.40081	0.00821351
	4	1.39004	1.39812	0.00658696
	5	1.41609	1.40171	0.00617234
	6	1.37408	1.39711	0.0066432
	7	1.33969	1.3889	0.00949193
	8	1.43956	1.39524	0.0102012
	9	1.48004	1.40466	0.0126944
	10	1.42316	1.40651	0.011559
	11	1.43812	1.40938	0.0108594
	12	1.46558	1.41407	0.0109175
	13	1.35256	1.40933	0.0110554
	14	1.44596	1.41195	0.0105707
	15	1.32677	1.40627	0.0112889
	16	1.37004	1.40401	0.010808
	17	1.42815	1.40543	0.0102651
	18	1.42902	1.40674	0.00977817
	19	1.44065	1.40852	0.00942506
	20	1.52118	1.41416	0.010503
	1	1.4092	1.4092	0
	2	1.45263	1.43091	0.0153572
	3	1.35648	1.4061	0.0226991
	4	1.39401	1.40308	0.0172244
	5	1.438	1.41006	0.0151297
	6	1.3638	1.40235	0.0144398
	7	1.4387	1.40755	0.0132777
	8	1.40351	1.40704	0.0116276
	9	1.50136	1.41752	0.0142983
	10	1.43594	1.41936	0.0129866
	11	1.46767	1.42375	0.0125265
	12	1.47711	1.4282	0.0122464
	13	1.41574	1.42724	0.0113418
	14	1.48343	1.43126	0.0112193
	15	1.41844	1.4304	0.0105038
	16	1.40742	1.42896	0.00994506
	17	1.39524	1.42698	0.00955581
	18	1.3855	1.42468	0.00929863
	19	1.42419	1.42465	0.00880926
	20	1.45618	1.42623	0.00850872
	1	1.47844	1.47844	0
	2	1.49348	1.48596	0.00531889
	3	1.37258	1.44817	0.0310602
	4	1.45168	1.44905	0.0233076
	5	1.44802	1.44884	0.018647
	6	1.42571	1.44499	0.0159327
	7	1.48259	1.45036	0.0145341
	8	1.42592	1.4473	0.0130344
	9	1.38927	1.44086	0.0130843
	10	1.4305	1.43982	0.0118168
	11	1.41472	1.43754	0.0109607
	12	1.40008	1.43442	0.0104823
	13	1.38363	1.43051	0.0103786
	14	1.47236	1.4335	0.0100585
	15	1.48744	1.4371	0.0100101
	16	1.36038	1.4323	0.01047
	17	1.36408	1.42829	0.0105952
	18	1.35537	1.42424	0.0107531
	19	1.39596	1.42275	0.0102897
	20	1.4176	1.42249	0.00977839
	1	1.48528	1.48528	0
	2	1.48894	1.48711	0.00129612
	3	1.44296	1.47239	0.0120473
	4	1.44108	1.46457	0.0112962
	5	1.44376	1.46041	0.00977304
	6	1.49318	1.46587	0.0095491
	7	1.45087	1.46372	0.00842186
	8	1.48639	1.46656	0.00783125
	9	1.57635	1.47876	0.013444
	10	1.45967	1.47685	0.0122343
	11	1.50098	1.47904	0.0113171
	12	1.42671	1.47468	0.0111828
	13	1.46918	1.47426	0.0103306
	14	1.3869	1.46802	0.0113213
	15	1.43757	1.46599	0.010747
	16	1.46345	1.46583	0.0100765
	17	1.42275	1.4633	0.00979722
	18	1.43099	1.4615	0.00941585
	19	1.47046	1.46197	0.00893208
	20	1.48183	1.46297	0.00854049
	1	1.43094	1.43094	0
	2	1.54574	1.48834	0.0405857
	3	1.46342	1.48003	0.027894
	4	1.41777	1.46447	0.0248882
	5	1.50966	1.47351	0.0214891
	6	1.44193	1.46824	0.0185407
	7	1.498	1.47249	0.0163722
	8	1.42817	1.46695	0.0152343
	9	1.45873	1.46604	0.013569
	10	1.41919	1.46136	0.0129957
	11	1.42318	1.45788	0.0122688
	12	1.49141	1.46068	0.0115601
	13	1.43264	1.45852	0.0108702
	14	1.46155	1.45874	0.0100959
	15	1.50791	1.46202	0.00994075
	16	1.52048	1.46567	0.00996845
	17	1.47335	1.46612	0.00939229
	18	1.48908	1.4674	0.0089567
	19	1.51195	1.46974	0.00878694
	20	1.41516	1.46701	0.00876118
	1	1.49762	1.49762	0
	2	1.49372	1.49567	0.00138033
	3	1.54465	1.512	0.0133627
	4	1.4966	1.50815	0.0105624
	5	1.5135	1.50922	0.00850397
	6	1.50395	1.50834	0.00713184
	7	1.48332	1.50477	0.00695122
	8	1.43941	1.4966	0.00976675
	9	1.50782	1.49784	0.00876075
	10	1.46398	1.49446	0.00851408
	11	1.38961	1.48493	0.0119372
	12	1.48269	1.48474	0.0109439
	13	1.5109	1.48675	0.0102855
	14	1.4499	1.48412	0.00988188
	15	1.41998	1.47984	0.010106
	16	1.46944	1.47919	0.00949525
	17	1.47613	1.47901	0.00893842
	18	1.44587	1.47717	0.0086294
	19	1.51404	1.47911	0.00839057
	20	1.41239	1.47578	0.00860873
	1	1.43314	1.43314	0
	2	1.53284	1.48299	0.0352502
	3	1.42194	1.46264	0.0287797
	4	1.46978	1.46443	0.0216402
	5	1.51564	1.47467	0.0195868
	6	1.44514	1.46975	0.0169295
	7	1.51518	1.47624	0.015706
	8	1.55074	1.48555	0.0162712
	9	1.49845	1.48698	0.0145263
	10	1.50517	1.4888	0.013187
	11	1.46916	1.48702	0.0121085
	12	1.52645	1.4903	0.0115367
	13	1.42157	1.48502	0.0117985
	14	1.50135	1.48618	0.0110133
	15	1.47745	1.4856	0.0102945
	16	1.50686	1.48693	0.00973641
	17	1.4427	1.48433	0.0095049
	18	1.59228	1.49032	0.0107032
	19	1.55341	1.49364	0.0106423
	20	1.50591	1.49426	0.0101279
	1	1.45254	1.45254	0
	2	1.55896	1.50575	0.0376255
	3	1.54923	1.52025	0.027735
	4	1.43462	1.49884	0.0278637
	5	1.41034	1.48114	0.0273407
	6	1.45812	1.4773	0.0230516
	7	1.57872	1.49179	0.0238816
	8	1.5131	1.49446	0.0210444
	9	1.53758	1.49925	0.0192439
	10	1.50721	1.50004	0.017336
	11	1.52771	1.50256	0.0159415
	12	1.51294	1.50342	0.0146365
	13	1.53265	1.50567	0.0136822
	14	1.53005	1.50741	0.0128152
	15	1.55819	1.5108	0.0123999
	16	1.52192	1.51149	0.0116444
	17	1.50173	1.51092	0.0109735
	18	1.4883	1.50966	0.0104356
	19	1.44931	1.50649	0.0103586
	20	1.50187	1.50626	0.00984324
	1	1.47497	1.47497	0
	2	1.44113	1.45805	0.0119662
	3	1.50336	1.47315	0.0146877
	4	1.54653	1.4915	0.0193316
	5	1.573	1.5078	0.0212547
	6	1.49594	1.50582	0.0178039
	7	1.50229	1.50532	0.0152676
	8	1.50691	1.50552	0.0133605
	9	1.56666	1.51231	0.0134933
	10	1.58936	1.52002	0.0141741
	11	1.42806	1.51166	0.0151513
	12	1.53432	1.51354	0.0140059
	13	1.51211	1.51343	0.0129289
	14	1.47374	1.5106	0.0123125
	15	1.50357	1.51013	0.0115006
	16	1.58453	1.51478	0.0116842
	17	1.52695	1.5155	0.0110188
	18	1.45586	1.51218	0.0108933
	19	1.5581	1.5146	0.0105846
	20	1.4989	1.51381	0.0100844
	1	1.51896	1.51896	0
	2	1.52117	1.52007	0.000780826
	3	1.54004	1.52672	0.00546065
	4	1.52204	1.52555	0.00421901
	5	1.57949	1.53634	0.0102224
	6	1.56888	1.54176	0.00985282
	7	1.46386	1.53064	0.0133225
	8	1.5501	1.53307	0.0118773
	9	1.54393	1.53428	0.0106187
	10	1.57736	1.53858	0.0103943
	11	1.51975	1.53687	0.00958931
	12	1.56963	1.5396	0.00917052
	13	1.51978	1.53808	0.00859094
	14	1.55106	1.539	0.00802716
	15	1.5374	1.5389	0.00749273
	16	1.52634	1.53811	0.00706544
	17	1.54777	1.53868	0.00667265
	18	1.50946	1.53706	0.00649642
	19	1.507	1.53548	0.00634413
	20	1.50663	1.53403	0.00618874
	1	1.5518	1.5518	0
	2	1.52003	1.53592	0.0112305
	3	1.66506	1.57896	0.0359372
	4	1.54619	1.57077	0.0278716
	5	1.56264	1.56914	0.0223446
	6	1.58891	1.57244	0.0188618
	7	1.59373	1.57548	0.0164107
	8	1.56391	1.57404	0.0144229
	9	1.53682	1.5699	0.0134001
	10	1.60646	1.57356	0.0125489
	11	1.53554	1.5701	0.0118745
	12	1.55299	1.56867	0.0109703
	13	1.6379	1.574	0.0113453
	14	1.57399	1.574	0.0105349
	15	1.57938	1.57436	0.00983869
	16	1.62876	1.57776	0.00979375
	17	1.58522	1.5782	0.00922749
	18	1.46169	1.57172	0.0107479
	19	1.53231	1.56965	0.0103805
	20	1.52183	1.56726	0.0101331
	1	1.59498	1.59498	0
	2	1.54318	1.56908	0.0183133
	3	1.53734	1.5585	0.0149553
	4	1.53474	1.55256	0.0123394
	5	1.59602	1.56125	0.0125654
	6	1.53298	1.55654	0.01132
	7	1.57277	1.55886	0.00993744
	8	1.60246	1.56431	0.0100796
	9	1.64794	1.5736	0.0125307
	10	1.61091	1.57733	0.0118199
	11	1.52566	1.57263	0.0116415
	12	1.59381	1.5744	0.0108043
	13	1.54535	1.57216	0.0102017
	14	1.64403	1.5773	0.0106867
	15	1.63898	1.58141	0.0107364
	16	1.60225	1.58271	0.0101441
	17	1.61634	1.58469	0.00973835
	18	1.4989	1.57992	0.0102978
	19	1.55136	1.57842	0.00986496
	20	1.52525	1.57576	0.00972339
	1	1.62655	1.62655	0
	2	1.55939	1.59297	0.023745
	3	1.57831	1.58809	0.0163249
	4	1.6426	1.60171	0.0170068
	5	1.63109	1.60759	0.0145851
	6	1.63722	1.61253	0.0129631
	7	1.6929	1.62401	0.0153775
	8	1.60437	1.62156	0.0136498
	9	1.576	1.61649	0.0130381
	10	1.55522	1.61037	0.0130951
	11	1.60021	1.60944	0.0119372
	12	1.57936	1.60694	0.0112026
	13	1.60627	1.60688	0.010341
	14	1.62683	1.60831	0.00970001
	15	1.5953	1.60744	0.00909206
	16	1.59536	1.60669	0.0085551
	17	1.64872	1.60916	0.00840154
	18	1.57987	1.60753	0.00809086
	19	1.63919	1.6092	0.0078347
	20	1.56709	1.60709	0.00772064
	1	1.57669	1.57669	0
	2	1.60465	1.59067	0.00988566
	3	1.6452	1.60885	0.0162393
	4	1.62833	1.61372	0.0128891
	5	1.56917	1.60481	0.0130325
	6	1.60135	1.60423	0.0108731
	7	1.69203	1.61678	0.0148896
	8	1.60431	1.61522	0.0131097
	9	1.57754	1.61103	0.0123032
	10	1.65978	1.61591	0.0119998
	11	1.56251	1.61105	0.01185
	12	1.63889	1.61337	0.0110872
	13	1.54969	1.60847	0.0112646
	14	1.61147	1.60869	0.010462
	15	1.54523	1.60446	0.0105853
	16	1.56693	1.60211	0.0101803
	17	1.60519	1.60229	0.00958305
	18	1.528	1.59817	0.00989956
	19	1.60503	1.59853	0.00938512
	20	1.6096	1.59908	0.00893219
	1	1.66298	1.66298	0
	2	1.5751	1.61904	0.031071
	3	1.59965	1.61258	0.0213754
	4	1.69448	1.63305	0.0239046
	5	1.64463	1.63537	0.0192355
	6	1.63409	1.63516	0.0160307
	7	1.61325	1.63203	0.0140428
	8	1.59018	1.6268	0.0132257
	9	1.66082	1.63058	0.0122847
	10	1.74051	1.64157	0.0151988
	11	1.54195	1.63251	0.0162935
	12	1.79446	1.64601	0.019749
	13	1.61667	1.64375	0.0183583
	14	1.6075	1.64116	0.0172286
	15	1.69808	1.64496	0.0164926
	16	1.65238	1.64542	0.0154683
	17	1.60231	1.64288	0.0147648
	18	1.71056	1.64664	0.0144153
	19	1.58591	1.64345	0.0140065
	20	1.65296	1.64392	0.0133142
	1	1.64351	1.64351	0
	2	1.68378	1.66365	0.01424
	3	1.66072	1.66267	0.00952679
	4	1.59704	1.64626	0.0159042
	5	1.59508	1.63603	0.0156756
	6	1.6524	1.63875	0.0132984
	7	1.65227	1.64069	0.011538
	8	1.62221	1.63838	0.0103243
	9	1.63579	1.63809	0.00918113
	10	1.65862	1.64014	0.00848938
	11	1.59237	1.6358	0.00875831
	12	1.60406	1.63315	0.00841831
	13	1.59667	1.63035	0.00822519
	14	1.66332	1.6327	0.00796771
	15	1.62755	1.63236	0.00744392
	16	1.59214	1.62985	0.00739091
	17	1.65365	1.63125	0.00708758
	18	1.65366	1.63249	0.00680235
	19	1.65396	1.63362	0.00653747
	20	1.59001	1.63144	0.00656414
	1	1.7371	1.7371	0
	2	1.65848	1.69779	0.0277998
	3	1.60396	1.66651	0.0315546
	4	1.65659	1.66403	0.0237632
	5	1.69953	1.67113	0.0200429
	6	1.69534	1.67517	0.0171036
	7	1.63511	1.66944	0.0155882
	8	1.64415	1.66628	0.0139566
	9	1.59328	1.65817	0.0145734
	10	1.66198	1.65855	0.0131211
	11	1.69216	1.66161	0.0122789
	12	1.66859	1.66219	0.0112695
	13	1.66228	1.6622	0.0104026
	14	1.76526	1.66956	0.0119844
	15	1.65594	1.66865	0.0112198
	16	1.60435	1.66463	0.0112151
	17	1.74787	1.66953	0.0115749
	18	1.62385	1.66699	0.0112066
	19	1.75737	1.67175	0.0115824
	20	1.72272	1.6743	0.0112802
	1	1.62046	1.62046	0
	2	1.62809	1.62428	0.00269643
	3	1.74685	1.66513	0.0334086
	4	1.66907	1.66612	0.0250709
	5	1.61137	1.65517	0.0223198
	6	1.69802	1.66231	0.0197095
	7	1.67251	1.66377	0.0169476
	8	1.69073	1.66714	0.0151607
	9	1.72185	1.67322	0.0146443
	10	1.63538	1.66943	0.0136598
	11	1.6833	1.67069	0.0124761
	12	1.69165	1.67244	0.011558
	13	1.75975	1.67916	0.0124683
	14	1.67787	1.67906	0.0115781
	15	1.6528	1.67731	0.0109378
	16	1.67358	1.67708	0.0102567
	17	1.66979	1.67665	0.00966233
	18	1.56232	1.6703	0.0110172
	19	1.67952	1.67078	0.010448
	20	1.63002	1.66875	0.0101225
	1	1.72312	1.72312	0
	2	1.71701	1.72006	0.00216161
	3	1.61967	1.6866	0.0273604
	4	1.71376	1.69339	0.021346
	5	1.60897	1.67651	0.0227957
	6	1.59419	1.66279	0.0227529
	7	1.754	1.67582	0.022932
	8	1.73508	1.68323	0.0212283
	9	1.74566	1.69016	0.0199709
	10	1.67495	1.68864	0.0180316
	11	1.71444	1.69099	0.0165443
	12	1.75427	1.69626	0.0159841
	13	1.75591	1.70085	0.015399
	14	1.73888	1.70357	0.0145367
	15	1.75816	1.7072	0.0140158
	16	1.78785	1.71225	0.0140169
	17	1.68285	1.71052	0.0132986
	18	1.71202	1.7106	0.01256
	19	1.72117	1.71116	0.0119113
	20	1.82724	1.71696	0.012651
	1	1.66049	1.66049	0
	2	1.67042	1.66546	0.00350852
	3	1.78484	1.70525	0.0325776
	4	1.76465	1.7201	0.0276106
	5	1.72909	1.7219	0.0221469
	6	1.73925	1.72479	0.0186436
	7	1.68411	1.71898	0.0168616
	8	1.5948	1.70346	0.0206999
	9	1.73201	1.70663	0.0186415
	10	1.79987	1.71595	0.0189666
	11	1.62689	1.70786	0.0188915
	12	1.71931	1.70881	0.0173413
	13	1.81441	1.71694	0.0178086
	14	1.78316	1.72167	0.0171534
	15	1.6732	1.71844	0.0163113
	16	1.73607	1.71954	0.015329
	17	1.68491	1.7175	0.014562
	18	1.76587	1.72019	0.0139987
	19	1.59284	1.71349	0.0147796
	20	1.78854	1.71724	0.0145093
	1	1.74486	1.74486	0
	2	1.69202	1.71844	0.0186836
	3	1.75275	1.72988	0.0155666
	4	1.73807	1.73193	0.0118091
	5	1.74728	1.735	0.00983855
	6	1.69679	1.72863	0.0100507
	7	1.79186	1.73766	0.0120061
	8	1.71331	1.73462	0.0108845
	9	1.81743	1.74382	0.0129951
	10	1.70427	1.73986	0.0122826
	11	1.70593	1.73678	0.0115469
	12	1.68814	1.73273	0.0112737
	13	1.78946	1.73709	0.0112195
	14	1.67227	1.73246	0.0113333
	15	1.72102	1.7317	0.0106034
	16	1.84847	1.73899	0.0121965
	17	1.68407	1.73576	0.0118993
	18	1.74876	1.73649	0.0112601
	19	1.74447	1.73691	0.0106753
	20	1.73688	1.7369	0.0101416
	1	1.7751	1.7751	0
	2	1.74298	1.75904	0.0113587
	3	1.77462	1.76423	0.00867911
	4	1.76388	1.76415	0.00650978
	5	1.89175	1.78967	0.0234121
	6	1.75716	1.78425	0.0201271
	7	1.76493	1.78149	0.0174399
	8	1.75144	1.77773	0.0156593
	9	1.82153	1.7826	0.0146561
	10	1.79162	1.7835	0.0132182
	11	1.78878	1.78398	0.0120253
	12	1.74901	1.78107	0.0113708
	13	1.77862	1.78088	0.0104977
	14	1.74519	1.77833	0.0100526
	15	1.76336	1.77733	0.00943185
	16	1.76354	1.77647	0.00888165
	17	1.73322	1.77393	0.00871592
	18	1.73293	1.77165	0.00852411
	19	1.81125	1.77373	0.00832641
	20	1.75275	1.77268	0.00797588
	1	1.82727	1.82727	0
	2	1.74592	1.78659	0.0287643
	3	1.78485	1.78601	0.0191821
	4	1.78672	1.78619	0.0143874
	5	1.80129	1.78921	0.0118227
	6	1.79827	1.79072	0.00994825
	7	1.83462	1.79699	0.0103163
	8	1.81777	1.79959	0.0093481
	9	1.79042	1.79857	0.00836479
	10	1.76891	1.79561	0.00803689
	11	1.79577	1.79562	0.00730627
	12	1.8209	1.79773	0.00699454
	13	1.75007	1.79406	0.00735468
	14	1.80108	1.79456	0.0068464
	15	1.89941	1.80155	0.00929712
	16	1.75819	1.79884	0.00910259
	17	1.79486	1.79861	0.00857016
	18	1.71065	1.79372	0.0093844
	19	1.76612	1.79227	0.00900224
	20	1.78037	1.79167	0.00857176
	1	1.90107	1.90107	0
	2	1.84701	1.87404	0.019113
	3	1.85333	1.86714	0.0139328
	4	1.75898	1.8401	0.0256429
	5	1.73188	1.81845	0.0282069
	6	1.81472	1.81783	0.0235126
	7	1.85624	1.82332	0.0207842
	8	1.79515	1.8198	0.0184819
	9	1.87776	1.82624	0.0175144
	10	1.77677	1.82129	0.0164468
	11	1.80438	1.81975	0.0150233
	12	1.77343	1.81589	0.0142586
	13	1.80084	1.81474	0.0132087
	14	1.84653	1.81701	0.012459
	15	1.84909	1.81915	0.0118105
	16	1.75037	1.81485	0.0118288
	17	1.75091	1.81109	0.0117156
	18	1.80899	1.81097	0.0110653
	19	1.7225	1.80631	0.0114207
	20	1.83485	1.80774	0.0109384
	1	1.86391	1.86391	0
	2	1.85644	1.86018	0.00264041
	3	1.81713	1.84583	0.0118481
	4	1.83548	1.84324	0.00916408
	5	1.84509	1.84361	0.00733873
	6	1.8251	1.84053	0.00673324
	7	1.86005	1.84331	0.00632276
	8	1.84926	1.84406	0.00557595
	9	1.81419	1.84074	0.00586129
	10	1.87637	1.8443	0.00626544
	11	1.83243	1.84322	0.00578809
	12	1.81714	1.84105	0.00569924
	13	1.69876	1.8301	0.0117588
	14	1.71863	1.82214	0.0133452
	15	1.82174	1.82212	0.0124555
	16	1.78975	1.82009	0.0118401
	17	1.92787	1.82643	0.0127283
	18	1.80474	1.82523	0.0120781
	19	1.80278	1.82405	0.0115001
	20	1.98701	1.83219	0.0135066
	1	1.8816	1.8816	0
	2	1.7754	1.8285	0.0375457
	3	1.81473	1.82391	0.0253092
	4	1.86539	1.83428	0.0209988
	5	1.93132	1.85369	0.0241569
	6	1.85045	1.85315	0.0201368
	7	1.9255	1.86348	0.0197354
	8	1.78811	1.85406	0.0193874
	9	1.8568	1.85437	0.0172356
	10	1.89025	1.85795	0.0158812
	11	1.82568	1.85502	0.014706
	12	1.79767	1.85024	0.014236
	13	1.82247	1.84811	0.0133003
	14	1.93585	1.85437	0.0137479
	15	1.86273	1.85493	0.0128427
	16	1.91007	1.85838	0.0124939
	17	1.80335	1.85514	0.012171
	18	1.93683	1.85968	0.012312
	19	1.86914	1.86018	0.011674
	20	1.83433	1.85888	0.0111616
	1	1.95353	1.95353	0
	2	1.8359	1.89472	0.0415878
	3	1.8712	1.88688	0.0284546
	4	1.93458	1.8988	0.0237087
	5	1.88083	1.89521	0.0192375
	6	1.91625	1.89871	0.0163479
	7	1.90648	1.89982	0.0140501
	8	1.90335	1.90026	0.0123007
	9	1.85087	1.89478	0.0120964
	10	1.83719	1.88902	0.0121807
	11	1.81479	1.88227	0.0128067
	12	1.9625	1.88896	0.0133712
	13	1.8937	1.88932	0.0123476
	14	1.8756	1.88834	0.0115045
	15	1.99479	1.89544	0.0127398
	16	1.84402	1.89222	0.0123421
	17	1.85208	1.88986	0.0118399
	18	1.93572	1.89241	0.0114529
	19	1.79909	1.8875	0.0118566
	20	1.8917	1.88771	0.0112656
	1	1.90363	1.90363	0
	2	2.02384	1.96373	0.0425013
	3	1.88543	1.93763	0.0354551
	4	1.88485	1.92444	0.028943
	5	1.84388	1.90832	0.0272721
	6	1.87852	1.90336	0.0231747
	7	1.83555	1.89367	0.0217945
	8	1.95669	1.90155	0.0204444
	9	1.89909	1.90128	0.0181746
	10	1.79069	1.89022	0.0194325
	11	1.80036	1.88205	0.0193068
	12	1.9359	1.88654	0.018212
	13	1.95873	1.89209	0.0176375
	14	1.84847	1.88897	0.0166505
	15	1.9241	1.89131	0.0157043
	16	1.88908	1.89118	0.0147234
	17	1.91705	1.8927	0.0139358
	18	1.90804	1.89355	0.0131876
	19	1.94688	1.89636	0.0127888
	20	2.00604	1.90184	0.0132732
	1	1.91793	1.91793	0
	2	1.95177	1.93485	0.0119647
	3	1.80805	1.89259	0.0354204
	4	1.98812	1.91647	0.0336678
	5	1.98282	1.92974	0.0294337
	6	2.05792	1.9511	0.0313364
	7	1.82512	1.93311	0.0316082
	8	1.90454	1.92953	0.0278581
	9	1.93319	1.92994	0.0247657
	10	1.82629	1.91958	0.024362
	11	2.06488	1.93278	0.0254778
	12	1.93919	1.93332	0.0233602
	13	1.95726	1.93516	0.0216358
	14	1.95482	1.93656	0.0201359
	15	1.9569	1.93792	0.0188391
	16	1.8965	1.93533	0.0178387
	17	1.9645	1.93705	0.0168716
	18	2.00217	1.94067	0.0163176
	19	1.99067	1.9433	0.0156696
	20	1.87013	1.93964	0.0153071
	1	2.09987	2.09987	0
	2	1.99275	2.04631	0.037874
	3	2.02503	2.03922	0.0259051
	4	1.89234	2.0025	0.0372646
	5	1.87485	1.97697	0.0375521
	6	1.94318	1.97134	0.031713
	7	1.94296	1.96728	0.0274404
	8	1.96138	1.96654	0.0240203
	9	1.9428	1.96391	0.0214957
	10	1.95672	1.96319	0.0193581
	11	1.87486	1.95516	0.0191917
	12	2.07608	1.96523	0.0200641
	13	1.92268	1.96196	0.0187858
	14	1.91632	1.9587	0.0177246
	15	1.8439	1.95105	0.0181201
	16	1.99731	1.95394	0.0172167
	17	1.93541	1.95285	0.0162384
	18	1.88416	1.94903	0.0157783
	19	1.95735	1.94947	0.014954
	20	1.8995	1.94697	0.0144135
	1	1.93925	1.93925	0
	2	2.0856	2.01242	0.0517433
	3	2.02675	2.0172	0.0347152
	4	1.9297	1.99532	0.0321995
	5	2.08581	2.01342	0.0304232
	6	1.96238	2.00491	0.0265155
	7	1.94663	1.99659	0.0239993
	8	1.94406	1.99002	0.021879
	9	2.04327	1.99594	0.0202322
	10	2.1057	2.00691	0.0209759
	11	1.98401	2.00483	0.019172
	12	2.13536	2.01571	0.0204284
	13	2.01576	2.01571	0.018857
	14	1.8779	2.00587	0.0199144
	15	1.87039	1.99684	0.0205331
	16	1.92191	1.99215	0.0197766
	17	1.93471	1.98878	0.0188997
	18	2.01248	1.99009	0.0178956
	19	1.98988	1.99008	0.0169537
	20	1.97622	1.98939	0.0161202
	1	1.99789	1.99789	0
	2	2.01734	2.00762	0.00687683
	3	2.0206	2.01195	0.00578748
	4	1.94901	1.99621	0.0143011
	5	1.99051	1.99507	0.0114863
	6	2.01714	1.99875	0.0101436
	7	1.99684	1.99848	0.00869818
	8	2.0426	2.00399	0.00919464
	9	1.94697	1.99766	0.0101233
	10	1.94728	1.99262	0.0102882
	11	2.0069	1.99392	0.00943441
	12	2.00338	1.9947	0.0086811
	13	2.04592	1.99864	0.00886224
	14	1.93982	1.99444	0.00917128
	15	2.06638	1.99924	0.00973337
	16	2.00394	1.99953	0.00912947
	17	1.94931	1.99658	0.0090579
	18	2.04667	1.99936	0.00897201
	19	2.05039	2.00205	0.00889271
	20	2.04456	2.00417	0.00869841
	1	1.93098	1.93098	0
	2	1.99412	1.96255	0.0223223
	3	2.08826	2.00445	0.0373106
	4	2.141	2.03859	0.0407071
	5	2.06946	2.04477	0.0330305
	6	1.99925	2.03718	0.028383
	7	2.05099	2.03915	0.0243968
	8	2.06634	2.04255	0.0215825
	9	1.96594	2.03404	0.0207953
	10	2.03667	2.0343	0.0187174
	11	2.07438	2.03795	0.0173668
	12	2.14268	2.04667	0.0179795
	13	2.05741	2.0475	0.0166154
	14	1.924	2.03868	0.0176152
	15	1.98466	2.03508	0.0168048
	16	2.08723	2.03834	0.0160676
	17	1.9134	2.03099	0.016719
	18	2.01535	2.03012	0.0158127
	19	2.15935	2.03692	0.016378
	20	2.02721	2.03643	0.0155663
	1	2.12509	2.12509	0
	2	1.95976	2.04242	0.0584553
	3	2.02595	2.03693	0.0392274
	4	2.09045	2.05031	0.0316204
	5	2.03475	2.0472	0.0254491
	6	2.08637	2.05373	0.0220291
	7	2.00268	2.04644	0.0200527
	8	2.0454	2.04631	0.0175465
	9	2.09377	2.05158	0.0163701
	10	2.06528	2.05295	0.0147903
	11	2.13127	2.06007	0.0150623
	12	2.01839	2.0566	0.0142019
	13	1.99553	2.0519	0.0138646
	14	2.06852	2.05309	0.012925
	15	2.0167	2.05066	0.0122889
	16	2.00463	2.04778	0.0118527
	17	1.99251	2.04453	0.0115928
	18	2.08542	2.0468	0.0111691
	19	2.06622	2.04783	0.0106279
	20	2.05613	2.04824	0.0101046
	1	2.06417	2.06417	0
	2	2.0672	2.06568	0.0010689
	3	2.1987	2.11002	0.0362107
	4	2.007	2.08427	0.0351433
	5	2.11992	2.0914	0.0288289
	6	2.19873	2.10929	0.0290489
	7	2.0734	2.10416	0.0253474
	8	2.06214	2.09891	0.0227167
	9	2.05376	2.09389	0.0207391
	10	1.99985	2.08449	0.0206879
	11	2.07704	2.08381	0.0188183
	12	2.02923	2.07926	0.0177912
	13	2.18934	2.08773	0.0183274
	14	2.01172	2.0823	0.0178044
	15	2.12345	2.08504	0.0168275
	16	2.05807	2.08336	0.01586
	17	2.00691	2.07886	0.0155515
	18	2.06184	2.07792	0.0147163
	19	2.19992	2.08434	0.0152786
	20	1.9784	2.07904	0.0154056
	1	2.11199	2.11199	0
	2	2.01918	2.06559	0.0328132
	3	2.20671	2.11263	0.0442022
	4	1.95647	2.07359	0.0473508
	5	2.23708	2.10629	0.0478572
	6	2.09162	2.10384	0.0399433
	7	2.02166	2.0921	0.0359211
	8	2.09275	2.09218	0.0314311
	9	2.11522	2.09474	0.0280428
	10	2.10173	2.09544	0.0252472
	11	2.1787	2.10301	0.0240597
	12	2.02299	2.09634	0.0229603
	13	2.12528	2.09857	0.0213018
	14	2.15384	2.10252	0.0201428
	15	2.19431	2.10864	0.0197077
	16	2.17888	2.11303	0.0189587
	17	2.12723	2.11386	0.0178619
	18	2.03619	2.10955	0.017383
	19	2.04638	2.10622	0.0167831
	20	2.1263	2.10723	0.0159739
	1	2.11739	2.11739	0
	2	2.0959	2.10664	0.0075981
	3	1.93267	2.04865	0.0476202
	4	2.21731	2.09081	0.0510779
	5	2.13372	2.09939	0.0415769
	6	2.1096	2.10109	0.0346821
	7	2.13999	2.10665	0.0301692
	8	2.20852	2.11938	0.028961
	9	2.17978	2.1261	0.0265093
	10	2.05492	2.11898	0.0247954
	11	2.34261	2.13931	0.0297296
	12	2.14686	2.13994	0.0272587
	13	2.21527	2.14573	0.0257706
	14	2.22988	2.15174	0.0246208
	15	2.25569	2.15867	0.0239348
	16	2.03138	2.15072	0.0237242
	17	2.10424	2.14798	0.0224856
	18	2.18551	2.15007	0.0213329
	19	2.23975	2.15479	0.0207257
	20	2.02519	2.14831	0.0206776
	1	2.16087	2.16087	0
	2	2.30209	2.23148	0.0499288
	3	2.29213	2.25169	0.0371547
	4	2.23875	2.24846	0.0280066
	5	2.28599	2.25596	0.0233893
	6	2.07749	2.22622	0.0334256
	7	2.16981	2.21816	0.0296059
	8	2.12739	2.20681	0.027995
	9	2.21212	2.2074	0.0248906
	10	2.22496	2.20916	0.0224634
	11	2.22462	2.21056	0.0204652
	12	2.14611	2.20519	0.0194519
	13	2.09121	2.19642	0.0198335
	14	2.36644	2.20857	0.0218203
	15	2.05447	2.19829	0.0226552
	16	2.25167	2.20163	0.0214834
	17	2.30186	2.20753	0.0210131
	18	2.03869	2.19815	0.021839
	19	2.14417	2.1953	0.0208736
	20	2.16526	2.1938	0.0198839
	1	2.34138	2.34138	0
	2	2.16641	2.2539	0.0618625
	3	2.3017	2.26983	0.0432448
	4	2.04989	2.21484	0.0576152
	5	2.14571	2.20102	0.0477224
	6	2.17716	2.19704	0.039934
	7	2.25114	2.20477	0.0349689
	8	2.1388	2.19652	0.0315551
	9	2.18792	2.19557	0.0280634
	10	2.19829	2.19584	0.0252584
	11	2.19609	2.19586	0.0229622
	12	2.26984	2.20203	0.0218606
	13	2.15264	2.19823	0.0205064
	14	2.1805	2.19696	0.0190807
	15	2.19233	2.19665	0.0178112
	16	2.23648	2.19914	0.016871
	17	2.23302	2.20114	0.0159959
	18	2.36826	2.21042	0.0175967
	19	2.24095	2.21203	0.0167438
	20	2.19885	2.21137	0.0159195
	1	2.25565	2.25565	0
	2	2.12919	2.19242	0.0447106
	3	2.24142	2.20875	0.0326542
	4	2.1811	2.20184	0.0252116
	5	2.3809	2.23765	0.0378525
	6	2.30479	2.24884	0.0331566
	7	2.26062	2.25053	0.0284626
	8	2.08216	2.22948	0.0317461
	9	2.17815	2.22378	0.0287264
	10	2.21219	2.22262	0.0258772
	11	2.34865	2.23408	0.0259376
	12	2.07296	2.22065	0.0270285
	13	2.40536	2.23486	0.02844
	14	2.25138	2.23604	0.026433
	15	2.17981	2.23229	0.0249352
	16	2.26592	2.23439	0.0234651
	17	2.17148	2.23069	0.0223748
	18	2.21561	2.22985	0.0211474
	19	2.25589	2.23122	0.0200787
	20	2.36426	2.23788	0.0201466
	1	2.13456	2.13456	0
	2	2.23024	2.1824	0.0338276
	3	2.26481	2.20987	0.031806
	4	2.37456	2.25104	0.0429003
	5	2.21753	2.24434	0.0348398
	6	2.41813	2.27331	0.0392689
	7	2.34082	2.28295	0.0348234
	8	2.09493	2.25945	0.0375737
	9	2.28272	2.26203	0.0334877
	10	2.33658	2.26949	0.0309574
	11	2.25143	2.26785	0.0281866
	12	2.19167	2.2615	0.026543
	13	2.32764	2.26659	0.0249841
	14	2.28507	2.26791	0.0232344
	15	2.22767	2.26522	0.0218397
	16	2.30161	2.2675	0.0205928
	17	2.36145	2.27303	0.0201094
	18	2.28605	2.27375	0.0190052
	19	2.16208	2.26787	0.0188919
	20	2.23734	2.26634	0.0180089
	1	2.26909	2.26909	0
	2	2.39219	2.33064	0.0435251
	3	2.39065	2.35064	0.0332976
	4	2.21433	2.31657	0.0386613
	5	2.42839	2.33893	0.0368342
	6	2.39582	2.34841	0.031892
	7	2.25382	2.3349	0.030063
	8	2.14406	2.31104	0.0344945
	9	2.34348	2.31465	0.0308495
	10	2.28365	2.31155	0.0279199
	11	2.30509	2.31096	0.0253879
	12	2.25226	2.30607	0.0237389
	13	2.42909	2.31553	0.0237241
	14	2.52033	2.33016	0.0261534
	15	2.45717	2.33863	0.0257441
	16	2.28416	2.33522	0.0243591
	17	2.33492	2.33521	0.0229262
	18	2.18854	2.32706	0.023055
	19	2.20815	2.3208	0.0226751
	20	2.2169	2.3156	0.0221284
	1	2.29374	2.29374	0
	2	2.26205	2.2779	0.0112042
	3	2.35489	2.30356	0.0222458
	4	2.3171	2.30695	0.0169398
	5	2.36829	2.31922	0.0174374
	6	2.4602	2.34271	0.0259082
	7	2.28521	2.3345	0.0234733
	8	2.44769	2.34865	0.0244342
	9	2.353	2.34913	0.0217241
	10	2.26511	2.34073	0.021114
	11	2.38977	2.34519	0.0196596
	12	2.23437	2.33595	0.0200732
	13	2.46497	2.34588	0.0208384
	14	2.36858	2.3475	0.0194129
	15	2.53126	2.35975	0.0216417
	16	2.29867	2.35593	0.020623
	17	2.35134	2.35566	0.0194117
	18	2.39254	2.35771	0.018441
	19	2.36796	2.35825	0.0174784
	20	2.38357	2.35952	0.0166502
	1	2.36494	2.36494	0
	2	2.40706	2.386	0.0148952
	3	2.51102	2.42767	0.035445
	4	2.40376	2.42169	0.0270832
	5	2.41312	2.41998	0.0217208
	6	2.43171	2.42194	0.0181885
	7	2.29124	2.40326	0.023278
	8	2.40702	2.40373	0.020373
	9	2.38688	2.40186	0.0181952
	10	2.34647	2.39632	0.0171981
	11	2.43429	2.39977	0.0159771
	12	2.56161	2.41326	0.019525
	13	2.31606	2.40578	0.0194018
	14	2.41681	2.40657	0.018032
	15	2.29499	2.39913	0.0183
	16	2.30226	2.39308	0.0181302
	17	2.37059	2.39175	0.0171119
	18	2.43132	2.39395	0.0163018
	19	2.31493	2.38979	0.0159655
	20	2.19704	2.38016	0.0178405
	1	2.17534	2.17534	0
	2	2.41798	2.29666	0.0857864
	3	2.5248	2.37271	0.0844165
	4	2.43269	2.3877	0.0646306
	5	2.34987	2.38014	0.0521456
	6	2.43575	2.38941	0.0442709
	7	2.40067	2.39101	0.0379757
	8	2.45476	2.39898	0.0340543
	9	2.36899	2.39565	0.0304331
	10	2.4884	2.40492	0.0287684
	11	2.44772	2.40882	0.0264148
	12	2.44144	2.41153	0.024353
	13	2.3736	2.40862	0.0226539
	14	2.41948	2.40939	0.021049
	15	2.471	2.4135	0.0200424
	16	2.49179	2.41839	0.0193778
	17	2.3596	2.41493	0.018544
	18	2.50055	2.41969	0.0181136
	19	2.30086	2.41344	0.018208
	20	2.45245	2.41539	0.0174018
	1	2.45513	2.45513	0
	2	2.5735	2.51432	0.0418496
	3	2.59041	2.53968	0.0347456
	4	2.36624	2.49632	0.0457066
	5	2.55038	2.50713	0.0378225
	6	2.46207	2.49962	0.0322556
	7	2.26376	2.46593	0.0416834
	8	2.47318	2.46683	0.0364828
	9	2.39445	2.45879	0.0333038
	10	2.39708	2.45262	0.0305399
	11	2.41088	2.44883	0.0279982
	12	2.33134	2.43904	0.0273232
	13	2.36435	2.43329	0.0258184
	14	2.34683	2.42712	0.0247018
	15	2.37523	2.42366	0.023296
	16	2.45422	2.42557	0.0219181
	17	2.40607	2.42442	0.0206588
	18	2.35153	2.42037	0.0199041
	19	2.43892	2.42135	0.0188804
	20	2.53998	2.42728	0.0188451
	1	2.5031	2.5031	0
	2	2.45992	2.48151	0.0152679
	3	2.68449	2.54917	0.0561741
	4	2.60549	2.56325	0.04386
	5	2.45873	2.54234	0.0397587
	6	2.59182	2.55059	0.0339766
	7	2.40826	2.53026	0.0346772
	8	2.64975	2.54519	0.033405
	9	2.57883	2.54893	0.0299017
	10	2.52992	2.54703	0.0269719
	11	2.38456	2.53226	0.0282765
	12	2.31802	2.51441	0.0310487
	13	2.59548	2.52064	0.02928
	14	2.48838	2.51834	0.0272791
	15	2.44946	2.51375	0.0258441
	16	2.55251	2.51617	0.0243421
	17	2.56425	2.519	0.023074
	18	2.4935	2.51758	0.0218355
	19	2.34517	2.50851	0.022493
	20	2.61148	2.51366	0.0219497
	1	2.54057	2.54057	0
	2	2.51614	2.52835	0.00863613
	3	2.61788	2.5582	0.0250381
	4	2.47317	2.53694	0.0262969
	5	2.50072	2.52969	0.0220126
	6	2.47442	2.52048	0.02018
	7	2.55731	2.52574	0.0179699
	8	2.54938	2.5287	0.0159647
	9	2.3953	2.51388	0.0199162
	10	2.54989	2.51748	0.0182474
	11	2.56	2.52134	0.016993
	12	2.56481	2.52496	0.0159583
	13	2.3972	2.51514	0.0174973
	14	2.45841	2.51108	0.01671
	15	2.5659	2.51474	0.0159906
	16	2.50964	2.51442	0.0149944
	17	2.57169	2.51779	0.0144858
	18	2.52151	2.518	0.0136825
	19	2.63961	2.5244	0.0143817
	20	2.54505	2.52543	0.0136996
	1	2.57424	2.57424	0
	2	2.52325	2.54875	0.018026
	3	2.58253	2.56001	0.0151312
	4	2.58688	2.56672	0.0127527
	5	2.73551	2.60048	0.0318696
	6	2.75601	2.6264	0.0355706
	7	2.57062	2.61843	0.0313691
	8	2.669	2.62476	0.0280776
	9	2.43475	2.60364	0.031923
	10	2.66232	2.60951	0.029265
	11	2.61179	2.60972	0.0266053
	12	2.54102	2.60399	0.0249965
	13	2.6507	2.60759	0.0233304
	14	2.52079	2.60139	0.0224726
	15	2.52334	2.59618	0.0215683
	16	2.52515	2.59174	0.0206721
	17	2.39994	2.58046	0.0223237
	18	2.53107	2.57772	0.0212515
	19	2.62188	2.58004	0.0202597
	20	2.68047	2.58506	0.0198593
	1	2.44912	2.44912	0
	2	2.59507	2.52209	0.0516016
	3	2.51479	2.51966	0.0344585
	4	2.63596	2.54873	0.0360817
	5	2.5693	2.55285	0.029099
	6	2.57931	2.55726	0.024581
	7	2.59549	2.56272	0.0216678
	8	2.65569	2.57434	0.0218548
	9	2.76654	2.5957	0.0279781
	10	2.67865	2.60399	0.0263815
	11	2.68415	2.61128	0.0249692
	12	2.67176	2.61632	0.0233916
	13	2.72464	2.62465	0.0230285
	14	2.74524	2.63326	0.0229379
	15	2.52606	2.62612	0.0224946
	16	2.5194	2.61945	0.0220554
	17	2.70201	2.6243	0.021286
	18	2.39499	2.61156	0.0236098
	19	2.55956	2.60883	0.0225253
	20	2.67845	2.61231	0.0216664
	1	2.61779	2.61779	0
	2	2.71754	2.66766	0.0352688
	3	2.6623	2.66587	0.0235578
	4	2.48748	2.62128	0.0424722
	5	2.80468	2.65796	0.0472321
	6	2.70147	2.66521	0.039913
	7	2.7412	2.67607	0.035657
	8	2.70472	2.67965	0.0313792
	9	2.70419	2.68237	0.0280109
	10	2.54296	2.66843	0.0284688
	11	2.82395	2.68257	0.0291807
	12	2.67398	2.68185	0.0267578
	13	2.47044	2.66559	0.0292264
	14	2.73221	2.67035	0.0275234
	15	2.64488	2.66865	0.0257409
	16	2.72094	2.67192	0.0243386
	17	2.75515	2.67681	0.0233941
	18	2.56449	2.67057	0.0229116
	19	2.45375	2.65916	0.0243827
	20	2.67651	2.66003	0.023179
	1	2.72962	2.72962	0
	2	2.57015	2.64988	0.0563787
	3	2.63977	2.64651	0.0376865
	4	2.81614	2.68892	0.0463431
	5	2.60017	2.67117	0.0403308
	6	2.59845	2.65905	0.0353833
	7	2.79052	2.67783	0.0349596
	8	2.66722	2.67651	0.0306148
	9	2.67015	2.6758	0.0272213
	10	2.89115	2.69733	0.0318997
	11	2.70469	2.698	0.0290068
	12	2.66492	2.69525	0.0267203
	13	2.77579	2.70144	0.0253729
	14	2.65231	2.69793	0.0238021
	15	2.53729	2.68722	0.0245063
	16	2.73035	2.68992	0.0231224
	17	2.61534	2.68553	0.0221745
	18	2.67614	2.68501	0.0209487
	19	2.72061	2.68688	0.0199298
	20	2.6653	2.6858	0.0189625
	1	2.78223	2.78223	0
	2	3.05811	2.92017	0.0975378
	3	2.74148	2.86061	0.0812001
	4	2.6738	2.81391	0.0731068
	5	2.71604	2.79434	0.0610494
	6	2.7766	2.79138	0.050946
	7	2.75616	2.78635	0.0439158
	8	2.83124	2.79196	0.0387831
	9	2.71886	2.78384	0.0353141
	10	2.81385	2.78684	0.03191
	11	2.69758	2.77872	0.0300231
	12	2.81732	2.78194	0.027693
	13	2.55457	2.76445	0.0305914
	14	2.70621	2.76029	0.0286878
	15	2.74227	2.75909	0.0268005
	16	2.67478	2.75382	0.0256382
	17	2.72821	2.75231	0.0241743
	18	2.79595	2.75474	0.0229525
	19	2.88647	2.76167	0.0227675
	20	2.82705	2.76494	0.0218625
	1	2.85777	2.85777	0
	2	2.82085	2.83931	0.013054
	3	2.87728	2.85197	0.0135108
	4	2.64421	2.80003	0.0461092
	5	2.88188	2.8164	0.039687
	6	2.72022	2.80037	0.0361653
	7	2.88972	2.81313	0.033175
	8	2.70194	2.79923	0.0318067
	9	2.74906	2.79366	0.0287571
	10	2.99526	2.81382	0.0321811
	11	2.89758	2.82143	0.030143
	12	2.64116	2.80641	0.0311504
	13	2.93593	2.81637	0.0303056
	14	2.69623	2.80779	0.0293307
	15	2.87801	2.81247	0.0277464
	16	2.64709	2.80214	0.027871
	17	2.80549	2.80233	0.0262323
	18	2.85076	2.80502	0.0249125
	19	2.73063	2.80111	0.023907
	20	2.83758	2.80293	0.0227811
	1	2.78592	2.78592	0
	2	2.889	2.83746	0.0364452
	3	2.76549	2.81347	0.0312095
	4	2.79046	2.80772	0.0239313
	5	2.57536	2.76125	0.0457622
	6	2.69958	2.75097	0.0392723
	7	2.69083	2.74238	0.0345889
	8	2.92972	2.7658	0.0373607
	9	2.78123	2.76751	0.0332488
	10	2.85659	2.77642	0.0310943
	11	2.76269	2.77517	0.0282926
	12	2.86971	2.78305	0.0270095
	13	2.84971	2.78818	0.0254139
	14	2.98749	2.80241	0.0272966
	15	2.81554	2.80329	0.0254909
	16	2.72847	2.79861	0.0243228
	17	2.98982	2.80986	0.0253598
	18	2.77844	2.80811	0.0240109
	19	2.89649	2.81277	0.0231933
	20	3.02935	2.82359	0.0244314
	1	3.09128	3.09128	0
	2	2.83541	2.96335	0.0904658
	3	2.7995	2.90873	0.0750055
	4	2.85163	2.89446	0.0575967
	5	2.70576	2.85672	0.0571182
	6	3.18469	2.91138	0.0689603
	7	3.00632	2.92494	0.0604279
	8	2.84225	2.91461	0.0537511
	9	3.08894	2.93398	0.0511502
	10	2.84875	2.92545	0.0467398
	11	2.68279	2.90339	0.0474116
	12	2.95618	2.90779	0.0436643
	13	2.65869	2.88863	0.0443109
	14	2.81504	2.88337	0.0414564
	15	2.7454	2.87418	0.0397001
	16	2.90139	2.87588	0.0372552
	17	2.79391	2.87106	0.0353744
	18	2.84789	2.86977	0.0334325
	19	2.97553	2.87533	0.032133
	20	2.71239	2.86719	0.0315423
	1	3.06546	3.06546	0
	2	2.91572	2.99059	0.0529417
	3	2.99908	2.99342	0.03537
	4	2.68365	2.91598	0.0721214
	5	3.01674	2.93613	0.0604474
	6	3.05765	2.95638	0.0536588
	7	2.91474	2.95043	0.0463218
	8	3.01116	2.95802	0.0411489
	9	2.82769	2.94354	0.0390418
	10	3.04892	2.95408	0.0365321
	11	2.84835	2.94447	0.0344522
	12	2.92967	2.94324	0.0316033
	13	2.87329	2.93786	0.0296267
	14	2.94559	2.93841	0.0275156
	15	2.85965	2.93316	0.0261774
	16	3.04814	2.94034	0.0255087
	17	3.02385	2.94526	0.0244765
	18	3.05502	2.95135	0.0238643
	19	3.14738	2.96167	0.024738
	20	2.92723	2.95995	0.023561
	1	2.93594	2.93594	0
	2	3.08489	3.01041	0.0526613
	3	2.96567	2.9955	0.0371595
	4	2.98413	2.99266	0.027978
	5	2.95841	2.98581	0.0232059
	6	2.78153	2.95176	0.0366045
	7	2.86546	2.93943	0.0333871
	8	2.93966	2.93946	0.0292137
	9	3.13785	2.9615	0.0332604
	10	2.79045	2.9444	0.0340501
	11	3.06281	2.95516	0.0326119
	12	3.08664	2.96612	0.0316814
	13	3.08629	2.97536	0.0305631
	14	2.93885	2.97275	0.0284911
	15	2.89813	2.96778	0.0270226
	16	2.79811	2.95717	0.0273353
	17	3.06983	2.9638	0.0265185
	18	2.92753	2.96179	0.0251217
	19	3.13227	2.97076	0.0253513
	20	3.02739	2.97359	0.0242414
	1	2.9725	2.9725	0
	2	2.97168	2.97209	0.000288947
	3	3.0999	3.01469	0.0347845
	4	3.14809	3.04804	0.0389198
	5	2.99694	3.03782	0.0324499
	6	3.13705	3.05436	0.0309706
	7	2.97129	3.04249	0.02873
	8	2.94701	3.03056	0.0275065
	9	2.86641	3.01232	0.0298914
	10	2.88892	2.99998	0.0293391
	11	3.10121	3.00918	0.0280782
	12	2.94363	3.00372	0.0262645
	13	3.19582	3.0185	0.028095
	14	3.08375	3.02316	0.026472
	15	2.73458	3.00392	0.0309174
	16	3.25802	3.0198	0.0328113
	17	2.96873	3.0168	0.0310185
	18	3.11069	3.02201	0.0297306
	19	2.95422	3.01845	0.0283791
	20	2.91946	3.0135	0.0273883
	1	3.14885	3.14885	0
	2	3.1149	3.13188	0.0120044
	3	2.8961	3.05329	0.0646659
	4	2.9316	3.02286	0.0551931
	5	3.0364	3.02557	0.0442208
	6	3.07632	3.03403	0.0376511
	7	2.98493	3.02702	0.0329191
	8	3.05061	3.02997	0.028936
	9	3.03809	3.03087	0.025735
	10	3.00809	3.02859	0.0232621
	11	3.18746	3.04303	0.0252355
	12	3.16866	3.0535	0.0252105
	13	3.03727	3.05225	0.0233022
	14	3.3414	3.07291	0.0293986
	15	3.39628	3.09446	0.0344481
	16	2.95876	3.08598	0.0333228
	17	3.1145	3.08766	0.0314049
	18	3.28499	3.09862	0.0315156
	19	3.28456	3.10841	0.0313394
	20	3.07974	3.10698	0.0298052
	1	2.98872	2.98872	0
	2	2.98081	2.98476	0.00279539
	3	3.11144	3.02699	0.0345268
	4	3.15292	3.05847	0.0376025
	5	3.07737	3.06225	0.0302713
	6	3.12907	3.07339	0.0271974
	7	3.39696	3.11961	0.0487336
	8	2.98606	3.10292	0.0454112
	9	3.11839	3.10464	0.0403981
	10	3.05375	3.09955	0.0366773
	11	3.00792	3.09122	0.0342758
	12	2.97761	3.08175	0.032701
	13	3.21481	3.09199	0.031747
	14	2.9426	3.08132	0.0312211
	15	3.00027	3.07591	0.0296035
	16	3.48526	3.1015	0.0372004
	17	3.04948	3.09844	0.0351377
	18	3.08686	3.09779	0.0331915
	19	3.05051	3.09531	0.0315377
	20	3.00961	3.09102	0.0302506
	1	3.20469	3.20469	0
	2	3.26085	3.23277	0.0198531
	3	3.33598	3.26717	0.0310526
	4	3.11974	3.23031	0.0395143
	5	3.07271	3.19879	0.0423571
	6	3.27994	3.21232	0.0373945
	7	3.17265	3.20665	0.032479
	8	3.24189	3.21106	0.0287162
	9	3.28348	3.2191	0.0266293
	10	3.01554	3.19875	0.0307786
	11	3.32023	3.20979	0.0298963
	12	2.98241	3.19084	0.0328659
	13	3.29386	3.19877	0.0312785
	14	3.37276	3.21119	0.0314166
	15	3.20221	3.2106	0.0293279
	16	3.22924	3.21176	0.027518
	17	3.09887	3.20512	0.0266886
	18	3.18715	3.20412	0.0252245
	19	3.36075	3.21237	0.0252079
	20	3.19921	3.21171	0.0239561
	1	3.26037	3.26037	0
	2	3.29129	3.27583	0.0109324
	3	3.39161	3.31442	0.032345
	4	3.15926	3.27563	0.0414373
	5	3.24563	3.26963	0.0335815
	6	3.27113	3.26988	0.0279855
	7	3.36777	3.28387	0.0272587
	8	3.30462	3.28646	0.0239745
	9	3.19639	3.27645	0.0233062
	10	3.4277	3.29158	0.025414
	11	3.29239	3.29165	0.0231037
	12	3.14352	3.27931	0.024253
	13	3.19467	3.2728	0.0232447
	14	3.38341	3.2807	0.0228878
	15	3.3055	3.28235	0.0214216
	16	3.46478	3.29375	0.0229171
	17	3.25083	3.29123	0.0217077
	18	3.21959	3.28725	0.0208633
	19	3.34691	3.29039	0.0200002
	20	3.07194	3.27947	0.0217793
	1	3.37935	3.37935	0
	2	3.35478	3.36706	0.00868791
	3	3.40053	3.37822	0.0107945
	4	3.39684	3.38287	0.00904432
	5	3.55595	3.41749	0.0317953
	6	3.30671	3.39903	0.0314025
	7	3.49151	3.41224	0.0295654
	8	3.30694	3.39908	0.0286504
	9	3.31178	3.38938	0.0270591
	10	3.18347	3.36879	0.0312196
	11	3.40904	3.37245	0.0285951
	12	3.16213	3.35492	0.0311231
	13	3.39306	3.35785	0.0288669
	14	3.14447	3.34261	0.0305652
	15	3.36807	3.34431	0.0285746
	16	3.35334	3.34487	0.0267942
	17	3.55432	3.35719	0.0279072
	18	3.31426	3.35481	0.0264585
	19	3.10497	3.34166	0.0281443
	20	3.42613	3.34588	0.0270522
	1	3.84922	3.84922	0
	2	3.34968	3.59945	0.176613
	3	3.17995	3.45962	0.164009
	4	3.3366	3.42886	0.125857
	5	3.24606	3.3923	0.105863
	6	3.0939	3.34257	0.0992158
	7	3.46017	3.35937	0.0864529
	8	3.34294	3.35732	0.0756707
	9	3.25367	3.3458	0.0681335
	10	3.5589	3.36711	0.0645667
	11	3.42202	3.3721	0.0588896
	12	3.38066	3.37282	0.0539865
	13	3.2069	3.36005	0.0513201
	14	3.53391	3.37247	0.049134
	15	3.58134	3.3864	0.0477908
	16	3.32079	3.3823	0.0449794
	17	3.36973	3.38156	0.0423397
	18	3.29428	3.37671	0.0402641
	19	3.21993	3.36846	0.0389813
	20	3.43886	3.37198	0.0371908
	1	3.33076	3.33076	0
	2	3.39834	3.36455	0.0238916
	3	3.58338	3.43749	0.0616495
	4	3.43986	3.43808	0.04624
	5	3.19035	3.38854	0.0577261
	6	3.38335	3.38767	0.0481116
	7	3.31157	3.3768	0.0424491
	8	3.4085	3.38076	0.0373275
	9	3.50309	3.39436	0.0355686
	10	3.24882	3.3798	0.0348621
	11	3.2657	3.36943	0.0332002
	12	3.24321	3.35891	0.0320564
	13	3.70848	3.3858	0.0392818
	14	3.58265	3.39986	0.0389113
	15	3.7415	3.42264	0.0424628
	16	3.33323	3.41705	0.0401748
	17	3.34859	3.41302	0.0380129
	18	3.21002	3.40174	0.0375369
	19	3.46453	3.40505	0.0357064
	20	3.56683	3.41314	0.0348253
	1	3.46594	3.46594	0
	2	3.49395	3.47995	0.00990381
	3	3.39936	3.45308	0.0229058
	4	3.54876	3.477	0.0269107
	5	3.6252	3.50664	0.0341512
	6	3.36747	3.48345	0.035472
	7	3.67492	3.5108	0.0395694
	8	3.4808	3.50705	0.0348005
	9	3.53284	3.50992	0.0310515
	10	3.74934	3.53386	0.0360129
	11	3.53665	3.53411	0.0327399
	12	3.49609	3.53094	0.0301645
	13	3.74265	3.54723	0.031939
	14	3.61832	3.55231	0.0300586
	15	3.41488	3.54315	0.0294179
	16	3.71018	3.55358	0.0293734
	17	3.4991	3.55038	0.0278198
	18	3.59314	3.55276	0.0263755
	19	3.38122	3.54373	0.0264875
	20	3.77922	3.5555	0.0276567
	1	3.66158	3.66158	0
	2	3.77767	3.71962	0.0410448
	3	3.68747	3.7089	0.0287283
	4	3.4454	3.64303	0.0609829
	5	3.63958	3.64234	0.0487902
	6	3.80758	3.66988	0.047803
	7	3.63227	3.66451	0.0412748
	8	3.37511	3.62833	0.0494906
	9	3.63984	3.62961	0.0440081
	10	3.55178	3.62183	0.0402897
	11	3.66358	3.62562	0.0368053
	12	3.36404	3.60382	0.0396719
	13	3.34501	3.58392	0.0413148
	14	3.7214	3.59374	0.0395136
	15	3.66563	3.59853	0.0371689
	16	3.49199	3.59187	0.0354373
	17	3.6423	3.59484	0.0334766
	18	3.52451	3.59093	0.031844
	19	3.45806	3.58394	0.0309263
	20	3.48335	3.57891	0.0297861
	1	3.78892	3.78892	0
	2	3.57944	3.68418	0.0740653
	3	3.74339	3.70392	0.0519397
	4	3.49341	3.65129	0.0599545
	5	3.5909	3.63921	0.0491653
	6	3.50608	3.61702	0.0457047
	7	3.75263	3.63639	0.0430857
	8	3.47928	3.61676	0.0419378
	9	3.76023	3.6327	0.0401939
	10	3.4848	3.61791	0.0388002
	11	3.40198	3.59828	0.0399307
	12	3.59552	3.59805	0.0366038
	13	3.64032	3.6013	0.0339323
	14	3.61773	3.60247	0.0315288
	15	3.48589	3.5947	0.0303698
	16	3.56421	3.59279	0.0285314
	17	3.99255	3.61631	0.035235
	18	3.66737	3.61915	0.0333915
	19	3.4524	3.61037	0.0327671
	20	3.65138	3.61242	0.0311928
	1	3.79794	3.79794	0
	2	3.78883	3.79339	0.00322176
	3	3.68182	3.7562	0.030441
	4	3.77746	3.76151	0.0232903
	5	3.72493	3.7542	0.0197481
	6	3.61413	3.73085	0.026925
	7	3.89822	3.75476	0.0319783
	8	3.82668	3.76375	0.0292174
	9	3.48053	3.73228	0.0394304
	10	3.70941	3.73	0.0355537
	11	3.87943	3.74358	0.0348204
	12	4.00581	3.76543	0.0381647
	13	3.49221	3.74442	0.0406058
	14	3.76948	3.74621	0.0377449
	15	3.75325	3.74668	0.0352315
	16	3.81746	3.7511	0.0333061
	17	3.84281	3.75649	0.0317808
	18	3.81077	3.75951	0.0301579
	19	3.90442	3.76714	0.0295192
	20	3.56343	3.75695	0.0297487
	1	3.69975	3.69975	0
	2	3.87788	3.78881	0.0629782
	3	4.09674	3.89145	0.0937352
	4	3.85662	3.88274	0.0707049
	5	4.01912	3.91002	0.0616003
	6	3.82422	3.89572	0.0529674
	7	3.63151	3.85798	0.0572912
	8	3.97408	3.87249	0.0519354
	9	3.93477	3.87941	0.0466236
	10	3.97975	3.88944	0.0430274
	11	3.69639	3.87189	0.0425448
	12	3.79215	3.86525	0.0395149
	13	3.80587	3.86068	0.0367383
	14	3.57723	3.84043	0.0392989
	15	3.71438	3.83203	0.0375667
	16	3.76354	3.82775	0.0354618
	17	3.86801	3.83012	0.0334548
	18	3.79868	3.82837	0.0316418
	19	4.2268	3.84934	0.0362655
	20	3.82835	3.84829	0.0344674
	1	3.977	3.977	0
	2	3.90832	3.94266	0.0242818
	3	3.9971	3.96081	0.0219464
	4	4.02156	3.97599	0.0210693
	5	3.76922	3.93464	0.0406484
	6	3.87193	3.92419	0.0351916
	7	3.71592	3.89443	0.0408491
	8	3.99411	3.90689	0.0375953
	9	3.64476	3.87777	0.043253
	10	3.68812	3.8588	0.0428843
	11	3.66908	3.84156	0.0423122
	12	3.46932	3.81054	0.0488508
	13	3.65201	3.79834	0.0465903
	14	4.17845	3.82549	0.0505583
	15	3.80787	3.82432	0.0472014
	16	3.9446	3.83184	0.044846
	17	3.522	3.81361	0.0457619
	18	3.86869	3.81667	0.0433217
	19	3.97371	3.82494	0.0418227
	20	3.84987	3.82618	0.0397501
	1	4.25984	4.25984	0
	2	4.09466	4.17725	0.0583991
	3	3.69313	4.01588	0.137392
	4	4.14799	4.04891	0.10694
	5	4.19809	4.07874	0.0896175
	6	3.6586	4.00872	0.098302
	7	4.08959	4.02027	0.084935
	8	3.88568	4.00345	0.075966
	9	4.0686	4.01069	0.0678693
	10	3.94412	4.00403	0.061408
	11	4.27101	4.0283	0.0604318
	12	3.99265	4.02533	0.0554688
	13	3.8349	4.01068	0.053101
	14	4.30053	4.03138	0.0531912
	15	4.26239	4.04678	0.0518266
	16	3.75598	4.02861	0.0516762
	17	3.97012	4.02517	0.0487508
	18	4.03813	4.02589	0.0460478
	19	3.88461	4.01845	0.0442204
	20	4.06629	4.02085	0.0420741
	1	4.15636	4.15636	0
	2	4.02472	4.09054	0.0465436
	3	4.12665	4.10258	0.0325485
	4	3.84368	4.03785	0.0611382
	5	4.36554	4.10339	0.0763433
	6	4.42129	4.15637	0.0799176
	7	4.0505	4.14125	0.0699174
	8	4.13252	4.14016	0.0611862
	9	3.9509	4.11913	0.0578885
	10	4.15385	4.1226	0.0522037
	11	3.93562	4.1056	0.050149
	12	3.67867	4.07002	0.0572147
	13	4.21783	4.08139	0.0539313
	14	3.80141	4.06139	0.053659
	15	3.97603	4.0557	0.0503827
	16	4.14061	4.06101	0.0475124
	17	3.93095	4.05336	0.0453293
	18	4.40748	4.07303	0.0468863
	19	3.82686	4.06008	0.0461741
	20	3.87756	4.05095	0.0447581
	1	4.17172	4.17172	0
	2	4.07979	4.12575	0.0325039
	3	4.05912	4.10354	0.0282575
	4	4.32749	4.15953	0.0529164
	5	4.0831	4.14424	0.0444864
	6	4.11285	4.13901	0.0373783
	7	4.30274	4.1624	0.0386708
	8	4.04429	4.14764	0.0365466
	9	3.77873	4.10665	0.0504856
	10	4.15263	4.11125	0.0456459
	11	4.08521	4.10888	0.0415576
	12	4.1977	4.11628	0.0387481
	13	4.31662	4.13169	0.0387108
	14	3.841	4.11093	0.0411392
	15	4.1598	4.11419	0.0385253
	16	4.12585	4.11492	0.0361244
	17	4.05266	4.11125	0.0341845
	18	4.38727	4.12659	0.0355588
	19	3.99182	4.11949	0.0343874
	20	3.9793	4.11249	0.0333748
	1	4.63162	4.63162	0
	2	4.06328	4.34745	0.200939
	3	3.97595	4.22362	0.167833
	4	3.6341	4.07624	0.179263
	5	3.92726	4.04644	0.145865
	6	4.13734	4.06159	0.122339
	7	4.06323	4.06183	0.104862
	8	4.17847	4.07641	0.0927624
	9	4.30142	4.10141	0.0857586
	10	4.32295	4.12356	0.0799931
	11	4.26358	4.13629	0.0737268
	12	4.23859	4.14482	0.068074
	13	4.10957	4.1421	0.0628915
	14	4.88817	4.1954	0.0777656
	15	4.55145	4.21913	0.0761178
	16	4.63097	4.24487	0.0755873
	17	4.22847	4.24391	0.0711472
	18	4.10687	4.23629	0.0676007
	19	4.15422	4.23197	0.0641806
	20	3.75602	4.20818	0.0652346
	1	4.17519	4.17519	0
	2	4.23519	4.20519	0.0212132
	3	4.8109	4.40709	0.165457
	4	4.16108	4.34559	0.13504
	5	4.16239	4.30895	0.112894
	6	4.35962	4.3174	0.0943936
	7	4.57162	4.35371	0.0876174
	8	3.9447	4.30259	0.090359
	9	4.36461	4.30948	0.0805815
	10	4.53765	4.3323	0.0756849
	11	4.07364	4.30878	0.0723651
	12	4.33375	4.31086	0.0663646
	13	3.89445	4.27883	0.0685556
	14	4.83275	4.3184	0.0742027
	15	4.16333	4.30806	0.0699723
	16	4.17991	4.30005	0.0660559
	17	4.49071	4.31126	0.0631152
	18	4.42789	4.31774	0.0599404
	19	4.13248	4.30799	0.0575733
	20	4.05428	4.29531	0.0560748
	1	4.57225	4.57225	0
	2	4.56481	4.56853	0.00263044
	3	4.23652	4.45786	0.0903778
	4	4.36949	4.43577	0.0704315
	5	4.38927	4.42647	0.0569559
	6	4.54521	4.44626	0.0507851
	7	4.38704	4.4378	0.0442291
	8	4.49187	4.44456	0.0392134
	9	4.33723	4.43263	0.0366249
	10	4.45652	4.43502	0.0330402
	11	4.62212	4.45203	0.0341351
	12	4.25893	4.43594	0.0348776
	13	3.99035	4.40166	0.0460538
	14	4.60596	4.41625	0.0450169
	15	4.13367	4.39742	0.0457882
	16	4.38206	4.39646	0.0429365
	17	4.65481	4.41165	0.0430163
	18	4.30546	4.40575	0.0410291
	19	4.47909	4.40961	0.0390508
	20	4.31621	4.40494	0.0373764
	1	4.36475	4.36475	0
	2	4.41566	4.39021	0.0180021
	3	4.65613	4.47885	0.0733651
	4	4.5656	4.50054	0.0581412
	5	4.53288	4.50701	0.0468714
	6	4.59501	4.52167	0.0412905
	7	4.1619	4.47028	0.0593028
	8	4.78901	4.51012	0.0638866
	9	4.41953	4.50005	0.0575755
	10	4.84362	4.53441	0.0612163
	11	4.47759	4.52924	0.0558687
	12	4.12167	4.49528	0.0606646
	13	4.53253	4.49814	0.0560658
	14	4.88089	4.52548	0.058347
	15	4.91778	4.55164	0.0600332
	16	4.96094	4.57722	0.0614905
	17	4.19381	4.55466	0.0618714
	18	5.01731	4.58037	0.0635489
	19	4.78513	4.59114	0.0611112
	20	4.28746	4.57596	0.0599124
	1	4.65176	4.65176	0
	2	4.851	4.75138	0.0704446
	3	4.7307	4.74449	0.0472992
	4	4.34698	4.64511	0.0930878
	5	4.40442	4.59697	0.0860209
	6	4.61082	4.59928	0.0717151
	7	4.524	4.58852	0.0622712
	8	4.52462	4.58054	0.0549973
	9	4.75534	4.59996	0.0522036
	10	4.36858	4.57682	0.0518582
	11	4.75603	4.59311	0.0496371
	12	4.67022	4.59954	0.0459147
	13	4.47262	4.58978	0.0434084
	14	5.16351	4.63076	0.0564288
	15	4.37459	4.61368	0.0551907
	16	4.35209	4.59733	0.0541086
	17	4.62684	4.59907	0.0509536
	18	4.53228	4.59536	0.0482578
	19	4.74343	4.60315	0.0463429
	20	4.4754	4.59676	0.0444637
	1	4.49651	4.49651	0
	2	4.45589	4.4762	0.0143597
	3	4.90913	4.62051	0.118217
	4	4.77327	4.6587	0.0946307
	5	5.06254	4.73947	0.104643
	6	4.76649	4.74397	0.087299
	7	4.5081	4.71027	0.0810706
	8	4.59239	4.69554	0.0722635
	9	4.58514	4.68327	0.065267
	10	4.29434	4.64438	0.0693675
	11	4.93188	4.67052	0.0678066
	12	4.78797	4.6803	0.0628586
	13	4.65568	4.67841	0.0580518
	14	4.47677	4.66401	0.0556633
	15	4.42671	4.64819	0.0541538
	16	4.73662	4.65371	0.0510504
	17	4.8823	4.66716	0.0497869
	18	4.6464	4.66601	0.0470343
	19	4.38258	4.65109	0.0468647
	20	4.79687	4.65838	0.0450847
	1	5.20108	5.20108	0
	2	4.65111	4.92609	0.194442
	3	5.00188	4.95135	0.131259
	4	4.9767	4.95769	0.0985969
	5	5.01314	4.96878	0.0794987
	6	4.83648	4.94673	0.0692396
	7	4.32308	4.85764	0.101616
	8	4.99199	4.87443	0.0902914
	9	4.83466	4.87001	0.0803671
	10	5.26552	4.90956	0.0814835
	11	4.81104	4.90061	0.0745665
	12	4.98478	4.90762	0.0686818
	13	5.15215	4.92643	0.065924
	14	5.25433	4.94985	0.0652432
	15	4.96439	4.95082	0.0609009
	16	4.82206	4.94277	0.0576238
	17	4.66714	4.92656	0.0564692
	18	4.94684	4.92769	0.0533433
	19	4.61719	4.91134	0.0529799
	20	4.66075	4.89882	0.0517913
	1	5.16851	5.16851	0
	2	4.97838	5.07345	0.0672231
	3	4.74266	4.96319	0.100565
	4	5.08938	4.99474	0.0802204
	5	5.2095	5.03769	0.0747964
	6	5.1984	5.06447	0.0669548
	7	4.7562	5.02043	0.0703985
	8	5.07671	5.02747	0.0619491
	9	5.00834	5.02534	0.0551024
	10	5.09965	5.03277	0.0500907
	11	4.71493	5.00388	0.0532225
	12	5.25297	5.02464	0.0526798
	13	4.95194	5.01904	0.0489234
	14	4.77883	5.00189	0.0483441
	15	4.91548	4.99613	0.0454631
	16	4.81233	4.98464	0.044049
	17	4.67415	4.96637	0.0450856
	18	5.09482	4.97351	0.0431419
	19	5.03876	4.97694	0.0410077
	20	4.55517	4.95586	0.0440475
	1	4.98118	4.98118	0
	2	4.71535	4.84827	0.0939832
	3	5.54914	5.08189	0.200779
	4	4.74827	4.99848	0.167012
	5	4.92098	4.98298	0.134327
	6	5.03395	4.99148	0.112208
	7	4.83013	4.96843	0.0985171
	8	5.26318	5.00527	0.0928367
	9	5.36392	5.04512	0.0906716
	10	5.4631	5.08692	0.0907285
	11	5.11189	5.08919	0.0825088
	12	5.54569	5.12723	0.0839461
	13	4.87968	5.10819	0.0796191
	14	4.94993	5.09688	0.0747302
	15	5.04887	5.09368	0.0698167
	16	5.02176	5.08919	0.0655977
	17	4.50889	5.05505	0.0700598
	18	5.07029	5.0559	0.0661727
	19	5.07611	5.05696	0.0626985
	20	5.29125	5.06868	0.060648
	1	4.92607	4.92607	0
	2	4.75026	4.83816	0.0621578
	3	5.30964	4.99532	0.134844
	4	5.34139	5.08184	0.125865
	5	5.49451	5.16437	0.124853
	6	5.26079	5.18044	0.105073
	7	5.07574	5.16548	0.0911211
	8	5.29101	5.18117	0.0810706
	9	5.48873	5.21535	0.0789371
	10	5.01268	5.19508	0.0735991
	11	5.25213	5.20027	0.0670908
	12	5.37847	5.21512	0.063122
	13	5.42862	5.23154	0.0603651
	14	5.32994	5.23857	0.056461
	15	5.57895	5.26126	0.0570752
	16	5.03121	5.24688	0.0552894
	17	5.3422	5.25249	0.0523207
	18	5.21109	5.25019	0.0494645
	19	4.91722	5.23266	0.0498689
	20	4.99128	5.2206	0.0488141
	1	5.51752	5.51752	0
	2	5.21411	5.36582	0.107271
	3	5.72884	5.48682	0.121967
	4	5.57899	5.50986	0.0936259
	5	5.41226	5.49034	0.076909
	6	5.37382	5.47092	0.0664975
	7	5.53933	5.48069	0.0577114
	8	5.44704	5.47649	0.0506506
	9	6.31557	5.56972	0.0987591
	10	6.07309	5.62006	0.100899
	11	4.80657	5.5461	0.115697
	12	5.05203	5.50493	0.113144
	13	4.78834	5.44981	0.117101
	14	5.374	5.44439	0.108862
	15	5.37414	5.43971	0.101705
	16	5.48999	5.44285	0.0953971
	17	5.07154	5.42101	0.092252
	18	4.74611	5.38352	0.0944396
	19	5.05276	5.36611	0.0910594
	20	5.35354	5.36548	0.0865086
	1	5.61192	5.61192	0
	2	5.47176	5.54184	0.0495535
	3	5.31003	5.46457	0.071218
	4	5.7151	5.5272	0.0761257
	5	5.45505	5.51277	0.0622533
	6	5.77114	5.55583	0.0650883
	7	5.7419	5.58241	0.0609763
	8	5.33945	5.55204	0.060446
	9	5.82215	5.58205	0.0607249
	10	5.47681	5.57153	0.0555569
	11	5.79015	5.59141	0.0539443
	12	5.47746	5.58191	0.0502777
	13	5.5235	5.57742	0.0466105
	14	5.65656	5.58307	0.0436226
	15	5.50701	5.578	0.0410081
	16	5.63352	5.58147	0.0385917
	17	5.71015	5.58904	0.0370565
	18	5.56275	5.58758	0.0350266
	19	5.46489	5.58112	0.033773
	20	5.82156	5.59314	0.0341572
	1	5.39619	5.39619	0
	2	5.35174	5.37396	0.0157158
	3	5.52689	5.42494	0.042919
	4	6.07479	5.5874	0.144331
	5	5.22642	5.5152	0.132295
	6	5.48762	5.51061	0.110326
	7	5.81231	5.55371	0.102639
	8	5.47265	5.54357	0.0903077
	9	5.75307	5.56685	0.0832193
	10	5.32995	5.54316	0.0781967
	11	5.33952	5.52465	0.0732466
	12	5.3651	5.51135	0.0683388
	13	5.60547	5.51859	0.0634643
	14	5.87975	5.54439	0.0639595
	15	4.93057	5.50347	0.0715994
	16	5.51479	5.50418	0.067128
	17	5.88713	5.5267	0.0668523
	18	5.48295	5.52427	0.0631825
	19	5.66385	5.53162	0.0602827
	20	5.80388	5.54523	0.0587855
	1	6.23724	6.23724	0
	2	5.07413	5.65568	0.411222
	3	6.15627	5.82255	0.306136
	4	5.7578	5.80636	0.23003
	5	6.04059	5.85321	0.188733
	6	5.46596	5.78866	0.167951
	7	5.38604	5.73115	0.153491
	8	5.74943	5.73343	0.134322
	9	5.67301	5.72672	0.119565
	10	5.51204	5.70525	0.109519
	11	5.76229	5.71044	0.0996853
	12	5.27966	5.67454	0.0976283
	13	5.89009	5.69112	0.0915156
	14	6.0473	5.71656	0.0884446
	15	5.80176	5.72224	0.0827305
	16	5.6094	5.71519	0.0778598
	17	5.74772	5.7171	0.0733033
	18	5.78349	5.72079	0.0693237
	19	5.78708	5.72428	0.0657628
	20	5.13085	5.69461	0.0688437
	1	6.41924	6.41924	0
	2	5.6516	6.03542	0.271403
	3	5.63704	5.90263	0.210935
	4	5.48118	5.79727	0.18263
	5	5.63398	5.76461	0.148995
	6	5.62056	5.7406	0.126082
	7	5.68153	5.73216	0.108352
	8	6.31698	5.80526	0.116895
	9	5.3469	5.75433	0.114465
	10	6.04554	5.78345	0.106659
	11	5.52198	5.75968	0.0995761
	12	5.58833	5.7454	0.0922962
	13	5.87104	5.75507	0.085701
	14	6.45591	5.80513	0.0930587
	15	6.05396	5.82172	0.088321
	16	5.87803	5.82524	0.082871
	17	5.67633	5.81648	0.0784578
	18	5.79085	5.81505	0.074112
	19	7.0921	5.88227	0.0959657
	20	5.27371	5.85184	0.09587
	1	5.78999	5.78999	0
	2	6.37488	6.08243	0.20679
	3	6.16656	6.11047	0.139748
	4	5.92487	6.06407	0.112251
	5	6.0372	6.0587	0.0899292
	6	6.31474	6.10137	0.0844609
	7	6.41437	6.14608	0.0833953
	8	6.0623	6.13561	0.0736256
	9	6.02659	6.1235	0.0664339
	10	5.92437	6.10359	0.0627038
	11	5.71151	6.06794	0.0663654
	12	6.69634	6.12031	0.078833
	13	6.09141	6.11809	0.0728003
	14	5.89141	6.1019	0.0693774
	15	6.28606	6.11417	0.0658297
	16	6.21996	6.12078	0.0620465
	17	6.59104	6.14845	0.0642679
	18	6.45649	6.16556	0.0629348
	19	5.90178	6.15168	0.0611345
	20	5.85856	6.13702	0.0598088
	1	5.8317	5.8317	0
	2	5.93505	5.88337	0.0365401
	3	5.67685	5.81453	0.0612595
	4	6.79092	6.05863	0.216329
	5	7.1232	6.27154	0.257326
	6	6.78261	6.35672	0.228101
	7	7.0086	6.44985	0.213681
	8	6.43149	6.44755	0.186983
	9	5.46478	6.33836	0.195509
	10	5.99217	6.30374	0.178997
	11	6.03138	6.27898	0.164428
	12	6.37479	6.28696	0.150919
	13	6.41937	6.29715	0.139654
	14	6.18435	6.28909	0.129911
	15	6.55744	6.30698	0.122475
	16	6.57343	6.32363	0.115947
	17	5.71035	6.28756	0.114602
	18	6.05968	6.2749	0.108932
	19	5.76629	6.24813	0.106437
	20	6.49728	6.26059	0.101842
	1	6.97317	6.97317	0
	2	6.29443	6.6338	0.239969
	3	5.8937	6.3871	0.25723
	4	6.66326	6.45614	0.201975
	5	6.1467	6.39425	0.170799
	6	6.63126	6.43375	0.146829
	7	6.76835	6.48155	0.133408
	8	6.2231	6.44925	0.12058
	9	6.82334	6.49081	0.114122
	10	6.86815	6.52855	0.108769
	11	6.27893	6.50585	0.10122
	12	7.27953	6.57033	0.111443
	13	6.0156	6.52766	0.110739
	14	6.29832	6.51127	0.104033
	15	6.36798	6.50172	0.0975352
	16	6.15829	6.48026	0.0937714
	17	5.76688	6.43829	0.0971924
	18	5.80896	6.40333	0.0978796
	19	5.98326	6.38122	0.0951923
	20	7.11503	6.41791	0.0972469
	1	6.15827	6.15827	0
	2	7.11135	6.63481	0.336966
	3	6.55515	6.60826	0.225688
	4	7.11706	6.73546	0.201955
	5	7.13212	6.81479	0.17646
	6	6.51764	6.76527	0.153843
	7	6.37686	6.70978	0.141518
	8	6.46818	6.67958	0.12701
	9	6.43897	6.65285	0.115677
	10	6.46623	6.63418	0.105604
	11	6.80074	6.64933	0.0970829
	12	6.53938	6.64016	0.0894239
	13	6.63468	6.63974	0.0825461
	14	6.69255	6.64351	0.0767361
	15	6.62639	6.64237	0.0716288
	16	6.43811	6.62961	0.0682803
	17	6.45751	6.61948	0.0650099
	18	6.68412	6.62307	0.0614973
	19	6.87488	6.63633	0.0596716
	20	7.23954	6.66649	0.063857
	1	7.15071	7.15071	0
	2	5.90089	6.5258	0.44188
	3	7.21304	6.75488	0.348951
	4	6.38812	6.66319	0.273494
	5	6.85986	6.70252	0.221605
	6	7.18111	6.78229	0.198508
	7	7.28172	6.85364	0.182522
	8	7.26857	6.9055	0.166913
	9	6.60997	6.87266	0.151563
	10	7.33866	6.91926	0.143392
	11	6.99936	6.92655	0.130541
	12	6.59255	6.89871	0.122594
	13	6.47833	6.86638	0.117351
	14	7.22954	6.89232	0.111799
	15	6.60701	6.8733	0.105951
	16	7.11319	6.88829	0.100384
	17	6.76819	6.88122	0.0947278
	18	6.59504	6.86533	0.0907895
	19	6.55928	6.84922	0.0874284
	20	6.28733	6.82112	0.0874544
	1	6.55788	6.55788	0
	2	6.95558	6.75673	0.140609
	3	6.74758	6.75368	0.0937724
	4	7.07903	6.83502	0.0995386
	5	7.26401	6.92082	0.11059
	6	7.01427	6.93639	0.0932488
	7	6.87309	6.92735	0.0803648
	8	7.23089	6.96529	0.0787683
	9	7.19933	6.99129	0.0741845
	10	6.19696	6.91186	0.10068
	11	6.64815	6.88789	0.0943384
	12	6.55046	6.85977	0.0905706
	13	6.63191	6.84224	0.0852827
	14	7.49722	6.88903	0.0911242
	15	6.63064	6.8718	0.0866621
	16	7.0277	6.88154	0.0817917
	17	7.21565	6.9012	0.0793066
	18	6.67652	6.88871	0.0758766
	19	5.90071	6.83671	0.0879142
	20	7.28884	6.85932	0.0863761
	1	7.59295	7.59295	0
	2	7.41938	7.50617	0.0613657
	3	7.89702	7.63645	0.113973
	4	7.24417	7.53838	0.120499
	5	7.52524	7.53575	0.0964277
	6	7.27765	7.49274	0.0894386
	7	7.69941	7.52226	0.081389
	8	7.58702	7.53036	0.0716167
	9	6.47271	7.41284	0.127781
	10	7.02182	7.37374	0.120838
	11	7.40307	7.3764	0.109882
	12	6.64288	7.31528	0.116493
	13	7.996	7.36764	0.118719
	14	6.81065	7.32785	0.116715
	15	7.81873	7.36058	0.113429
	16	6.7034	7.31951	0.113533
	17	8.08703	7.36465	0.115484
	18	7.56213	7.37563	0.109588
	19	7.3263	7.37303	0.103851
	20	6.88871	7.34881	0.101442
	1	7.77871	7.77871	0
	2	7.92538	7.85204	0.0518536
	3	6.83697	7.51369	0.278423
	4	6.80903	7.33752	0.258611
	5	7.58478	7.38697	0.211564
	6	7.0455	7.33006	0.183799
	7	7.98292	7.42333	0.179653
	8	7.62854	7.44898	0.159017
	9	6.85802	7.38332	0.154311
	10	6.91085	7.33607	0.145934
	11	7.11626	7.31609	0.134028
	12	7.36436	7.32011	0.12292
	13	6.45137	7.25328	0.13037
	14	7.54257	7.27395	0.122685
	15	7.71156	7.30312	0.117923
	16	7.44465	7.31197	0.110885
	17	7.47354	7.32147	0.104768
	18	7.75198	7.34539	0.101641
	19	6.77996	7.31563	0.100554
	20	7.92271	7.34598	0.100003
	1	7.19588	7.19588	0
	2	7.66632	7.4311	0.166326
	3	6.90196	7.25472	0.181755
	4	7.73312	7.37432	0.171202
	5	8.19131	7.53772	0.200293
	6	7.69639	7.56416	0.168648
	7	9.14185	7.78955	0.253845
	8	8.1947	7.84019	0.22711
	9	8.14834	7.87443	0.20444
	10	7.39145	7.82613	0.189616
	11	7.14223	7.76396	0.182286
	12	7.44297	7.73721	0.169047
	13	7.24236	7.69914	0.160271
	14	7.76535	7.70387	0.148893
	15	7.58839	7.69617	0.139166
	16	7.44184	7.68028	0.131373
	17	6.89671	7.63419	0.131482
	18	8.36393	7.67473	0.130278
	19	7.43634	7.66218	0.124024
	20	7.38837	7.64849	0.118576
	1	7.96301	7.96301	0
	2	8.09788	8.03044	0.0476821
	3	8.11504	8.05864	0.039251
	4	8.16725	8.0858	0.0376762
	5	7.68076	8.00479	0.0784744
	6	8.7642	8.13136	0.132763
	7	8.18649	8.13923	0.11403
	8	8.00762	8.12278	0.100956
	9	7.76524	8.08305	0.0972417
	10	7.29205	8.00395	0.115285
	11	9.04385	8.09849	0.138234
	12	8.5645	8.13732	0.132056
	13	7.77123	8.10916	0.124865
	14	7.59869	8.0727	0.121153
	15	8.12854	8.07642	0.113133
	16	8.08823	8.07716	0.106065
	17	8.12998	8.08027	0.099871
	18	7.57205	8.05203	0.0982326
	19	7.57593	8.02698	0.0962054
	20	8.14895	8.03308	0.0915882
	1	7.80862	7.80862	0
	2	7.51568	7.66215	0.10357
	3	7.50009	7.60813	0.0819319
	4	8.34635	7.79268	0.171235
	5	9.30782	8.09571	0.303687
	6	7.97729	8.07598	0.253713
	7	7.94661	8.05749	0.218141
	8	6.95484	7.91966	0.230338
	9	8.56128	7.99095	0.215495
	10	8.45459	8.03732	0.19887
	11	8.25402	8.05702	0.181764
	12	8.58901	8.10135	0.171939
	13	7.87573	8.08399	0.159586
	14	8.29215	8.09886	0.148878
	15	7.36831	8.05016	0.146703
	16	9.5998	8.14701	0.166463
	17	7.52426	8.11038	0.160651
	18	8.12496	8.11119	0.151728
	19	7.51307	8.07971	0.146972
	20	8.14603	8.08302	0.139661
	1	8.71067	8.71067	0
	2	8.65857	8.68462	0.0184201
	3	8.39579	8.58834	0.0795616
	4	8.0711	8.45903	0.126892
	5	9.02961	8.57315	0.143954
	6	7.54867	8.4024	0.196688
	7	8.92101	8.47649	0.182009
	8	9.50997	8.60567	0.199914
	9	8.31377	8.57324	0.180313
	10	8.90544	8.60646	0.165314
	11	7.93752	8.54565	0.161083
	12	7.24714	8.43744	0.180379
	13	8.33752	8.42975	0.166668
	14	7.79474	8.38439	0.160816
	15	8.44745	8.3886	0.15015
	16	8.0056	8.36466	0.142661
	17	9.06668	8.40595	0.140119
	18	8.26467	8.39811	0.132554
	19	7.73713	8.36332	0.130062
	20	8.05662	8.34798	0.12446
	1	8.30896	8.30896	0
	2	8.52092	8.41494	0.0749384
	3	8.17691	8.3356	0.0818095
	4	8.34391	8.33767	0.0613835
	5	8.50385	8.37091	0.0574032
	6	7.83805	8.2821	0.0941319
	7	9.48483	8.45392	0.178366
	8	8.64012	8.47719	0.157581
	9	8.97835	8.53288	0.149588
	10	8.3608	8.51567	0.135615
	11	7.97887	8.46687	0.131774
	12	8.56712	8.47522	0.121058
	13	8.73607	8.49529	0.113396
	14	10.0423	8.60579	0.149754
	15	7.81344	8.55297	0.148796
	16	8.32191	8.53853	0.140195
	17	7.9788	8.5056	0.135759
	18	9.37792	8.55407	0.136593
	19	9.00644	8.57787	0.131463
	20	8.68189	8.58308	0.124993
	1	7.40379	7.40379	0
	2	9.04872	8.22626	0.581573
	3	8.72987	8.39413	0.41123
	4	9.06182	8.56105	0.34062
	5	8.55916	8.56067	0.272496
	6	9.59089	8.73238	0.275924
	7	9.63973	8.862	0.265211
	8	8.48529	8.81491	0.236203
	9	8.6077	8.79189	0.211077
	10	8.00943	8.71364	0.203957
	11	8.53012	8.69696	0.186097
	12	9.98454	8.80425	0.199133
	13	10.2909	8.91861	0.214149
	14	8.28382	8.87327	0.203596
	15	8.4594	8.84568	0.191884
	16	7.9196	8.7878	0.188418
	17	9.1365	8.80831	0.178448
	18	9.31692	8.83657	0.170757
	19	9.53831	8.8735	0.165715
	20	9.42916	8.90128	0.159742
	1	7.84755	7.84755	0
	2	9.40175	8.62465	0.549493
	3	8.93733	8.72888	0.376084
	4	9.02045	8.80177	0.28904
	5	10.5881	9.15903	0.39443
	6	8.87817	9.11222	0.331457
	7	8.77501	9.06405	0.287586
	8	8.92483	9.04664	0.252163
	9	9.134	9.05635	0.224332
	10	9.42412	9.09313	0.204891
	11	9.05967	9.09009	0.186287
	12	8.94415	9.07793	0.17116
	13	9.72938	9.12804	0.165167
	14	10.2283	9.20663	0.171047
	15	9.58563	9.23189	0.161499
	16	9.88354	9.27262	0.156457
	17	8.2964	9.2152	0.15744
	18	8.67682	9.18529	0.151507
	19	9.39976	9.19657	0.143953
	20	9.20157	9.19682	0.136756
	1	8.5759	8.5759	0
	2	9.6414	9.10865	0.37671
	3	8.49977	8.90569	0.300888
	4	9.40703	9.03102	0.250413
	5	9.43823	9.11246	0.213163
	6	10.2234	9.29763	0.245204
	7	8.97274	9.25121	0.214523
	8	9.15472	9.23915	0.188046
	9	8.45745	9.1523	0.186133
	10	10.1893	9.256	0.194273
	11	9.12679	9.24426	0.176967
	12	10.2977	9.33205	0.182702
	13	10.2478	9.40249	0.181722
	14	9.10186	9.38102	0.170005
	15	10.3131	9.44315	0.169647
	16	9.25961	9.43168	0.159432
	17	9.56743	9.43967	0.150253
	18	10.1739	9.48046	0.147339
	19	9.13617	9.46234	0.140695
	20	9.6101	9.46973	0.133854
	1	8.95131	8.95131	0
	2	10.4463	9.69879	0.528543
	3	9.41408	9.60389	0.360781
	4	9.81362	9.65632	0.27437
	5	8.83744	9.49254	0.263887
	6	10.5826	9.67422	0.275431
	7	8.81784	9.55188	0.261848
	8	10.4235	9.66083	0.250762
	9	10.0044	9.699	0.225786
	10	9.97363	9.72646	0.20487
	11	9.81977	9.73494	0.186421
	12	10.0492	9.76113	0.172716
	13	9.20985	9.71873	0.164554
	14	9.68833	9.71656	0.152815
	15	9.62639	9.71055	0.142745
	16	10.3474	9.75035	0.139263
	17	9.73764	9.7496	0.131073
	18	9.91406	9.75874	0.12411
	19	8.6437	9.70005	0.130718
	20	10.6221	9.74616	0.132062
	1	10.3837	10.3837	0
	2	10.39	10.3868	0.0022156
	3	10.5702	10.448	0.0499298
	4	9.91114	10.3138	0.122108
	5	9.36156	10.1233	0.196358
	6	10.514	10.1884	0.174093
	7	11.5835	10.3877	0.237298
	8	11.2434	10.4947	0.230487
	9	11.1571	10.5683	0.216311
	10	9.96804	10.5083	0.202837
	11	10.4326	10.5014	0.184514
	12	10.4669	10.4985	0.16916
	13	12.0572	10.6184	0.19404
	14	10.2298	10.5906	0.182154
	15	9.80825	10.5385	0.177322
	16	9.58459	10.4789	0.175976
	17	10.8709	10.5019	0.167129
	18	10.8111	10.5191	0.158724
	19	10.6404	10.5255	0.150498
	20	11.9224	10.5953	0.158353
	1	9.32534	9.32534	0
	2	10.7757	10.0505	0.512797
	3	10.3732	10.1581	0.352965
	4	11.5067	10.4953	0.394124
	5	10.4111	10.4784	0.315658
	6	10.2515	10.4406	0.265306
	7	8.50021	10.1634	0.342892
	8	11.354	10.3122	0.330752
	9	10.6173	10.3461	0.295734
	10	9.85145	10.2967	0.270267
	11	10.1194	10.2805	0.246177
	12	10.1394	10.2688	0.225943
	13	9.28262	10.1929	0.22093
	14	10.4451	10.2109	0.205882
	15	10.482	10.229	0.192948
	16	10.3297	10.2353	0.180992
	17	12.4896	10.3679	0.213465
	18	11.0434	10.4054	0.204878
	19	11.3698	10.4562	0.200284
	20	10.2821	10.4475	0.190459
	1	11.1598	11.1598	0
	2	11.2819	11.2209	0.0431721
	3	9.37166	10.6045	0.504116
	4	11.4143	10.8069	0.416763
	5	9.95465	10.6365	0.366615
	6	11.2571	10.7399	0.319772
	7	9.61769	10.5796	0.311697
	8	10.3969	10.5568	0.273571
	9	9.49911	10.4392	0.267225
	10	10.8235	10.4777	0.24325
	11	9.41009	10.3806	0.239716
	12	10.2375	10.3687	0.220036
	13	11.0801	10.4234	0.209806
	14	13.1298	10.6167	0.269546
	15	11.6922	10.6884	0.260937
	16	10.339	10.6666	0.24554
	17	13.1237	10.8111	0.270311
	18	10.4351	10.7902	0.2561
	19	11.6294	10.8344	0.2464
	20	10.587	10.822	0.23439
	1	10.4203	10.4203	0
	2	10.989	10.7047	0.201078
	3	9.63777	10.349	0.319824
	4	11.3488	10.599	0.323087
	5	11.2731	10.7338	0.285219
	6	10.9603	10.7716	0.240168
	7	10.3463	10.7108	0.213403
	8	11.5467	10.8153	0.210761
	9	12.2874	10.9789	0.242647
	10	12.1643	11.0974	0.245639
	11	10.7766	11.0682	0.225033
	12	12.0328	11.1486	0.220169
	13	12.3162	11.2384	0.220792
	14	11.1763	11.234	0.205066
	15	10.8741	11.21	0.192793
	16	11.4142	11.2228	0.181166
	17	12.2172	11.2813	0.179705
	18	12.0117	11.3218	0.174244
	19	11.9811	11.3565	0.168492
	20	10.3374	11.3056	0.167595
	1	11.3758	11.3758	0
	2	12.664	12.0199	0.455439
	3	12.3737	12.1378	0.318527
	4	10.9789	11.8481	0.346449
	5	11.6219	11.8029	0.280097
	6	11.6284	11.7738	0.234919
	7	11.7342	11.7681	0.201427
	8	10.4531	11.6038	0.233895
	9	11.8234	11.6282	0.209177
	10	11.3584	11.6012	0.189991
	11	11.3222	11.5758	0.174404
	12	12.8157	11.6792	0.188002
	13	11.4603	11.6623	0.174292
	14	11.5862	11.6569	0.161928
	15	13.2738	11.7647	0.183539
	16	10.6612	11.6957	0.184572
	17	11.8533	11.705	0.173948
	18	12.1578	11.7301	0.166093
	19	9.62304	11.6192	0.190816
	20	11.7225	11.6244	0.181345
	1	11.4662	11.4662	0
	2	13.5245	12.4954	0.727714
	3	12.5637	12.5182	0.4855
	4	11.3759	12.2326	0.440168
	5	12.1127	12.2086	0.352787
	6	10.2611	11.884	0.4174
	7	11.5265	11.8329	0.360884
	8	13.8162	12.0809	0.391779
	9	13.1806	12.2031	0.36681
	10	12.4657	12.2293	0.331068
	11	10.8959	12.1081	0.322401
	12	13.3561	12.2121	0.311857
	13	11.8462	12.184	0.289136
	14	12.3743	12.1976	0.268803
	15	12.4364	12.2135	0.251354
	16	11.7788	12.1863	0.237108
	17	10.5871	12.0922	0.2411
	18	13.6193	12.1771	0.242172
	19	12.6644	12.2027	0.230781
	20	11.8669	12.1859	0.219852
	1	12.2702	12.2702	0
	2	12.9651	12.6177	0.245686
	3	12.2733	12.5029	0.188713
	4	12.9191	12.6069	0.167786
	5	11.8831	12.4622	0.186504
	6	12.6518	12.4938	0.158074
	7	13.7221	12.6692	0.211543
	8	13.2699	12.7443	0.197977
	9	13.1003	12.7839	0.179887
	10	12.2661	12.7321	0.169185
	11	14.3861	12.8825	0.210259
	12	11.9617	12.8057	0.206264
	13	13.7084	12.8752	0.201747
	14	13.2837	12.9043	0.189435
	15	13.7009	12.9574	0.184098
	16	13.0302	12.962	0.172648
	17	13.2652	12.9798	0.163411
	18	13.0664	12.9846	0.154404
	19	12.3365	12.9505	0.149998
	20	13.1228	12.9591	0.142745
	1	13.1183	13.1183	0
	2	12.4423	12.7803	0.239005
	3	13.8937	13.1514	0.342364
	4	12.4984	12.9882	0.293119
	5	13.1004	13.0106	0.235354
	6	11.7424	12.7993	0.275127
	7	12.2498	12.7208	0.246768
	8	14.6695	12.9644	0.313917
	9	14.2349	13.1055	0.309154
	10	12.4832	13.0433	0.284434
	11	11.8756	12.9371	0.277678
	12	16.0161	13.1937	0.353749
	13	15.8922	13.4013	0.382621
	14	11.9874	13.3003	0.368377
	15	12.4251	13.242	0.348409
	16	12.6269	13.2035	0.328747
	17	13.9724	13.2487	0.312504
	18	13.941	13.2872	0.2975
	19	13.6914	13.3085	0.282601
	20	10.9477	13.1904	0.292084
	1	15.3601	15.3601	0
	2	13.2688	14.3144	0.739382
	3	12.6504	13.7598	0.669381
	4	14.1818	13.8653	0.510283
	5	12.8573	13.6637	0.446271
	6	13.0573	13.5626	0.383166
	7	12.3916	13.3953	0.363116
	8	12.9147	13.3352	0.322658
	9	15.2316	13.5459	0.348889
	10	14.1445	13.6058	0.319092
	11	11.005	13.3694	0.367381
	12	13.5571	13.385	0.337099
	13	14.5325	13.4733	0.322518
	14	15.3063	13.6042	0.324973
	15	11.282	13.4494	0.338179
	16	14.1738	13.4947	0.32006
	17	14.9128	13.5781	0.311915
	18	14.3539	13.6212	0.297549
	19	14.2385	13.6537	0.283657
	20	12.2807	13.585	0.277656
	1	15.4022	15.4022	0
	2	13.6679	14.5351	0.613182
	3	15.5606	14.8769	0.49499
	4	15.5256	15.0391	0.39692
	5	12.2152	14.4743	0.596657
	6	12.6827	14.1757	0.567033
	7	12.2679	13.9032	0.547624
	8	14.3546	13.9596	0.482069
	9	14.2098	13.9874	0.429307
	10	15.8163	14.1703	0.423547
	11	14.5064	14.2009	0.386143
	12	14.4262	14.2196	0.354421
	13	13.2159	14.1424	0.335462
	14	13.8972	14.1249	0.311958
	15	13.9465	14.113	0.291387
	16	15.4257	14.1951	0.284491
	17	16.4169	14.3257	0.296259
	18	14.0771	14.3119	0.280122
	19	14.7086	14.3328	0.266156
	20	13.2179	14.2771	0.25862
	1	17.4428	17.4428	0
	2	15.3309	16.3869	0.746673
	3	13.5775	15.4504	0.912368
	4	15.2722	15.4059	0.685363
	5	15.3671	15.3981	0.548334
	6	15.4547	15.4075	0.457026
	7	16.8098	15.6079	0.433419
	8	14.5003	15.4694	0.400743
	9	14.775	15.3923	0.363569
	10	15.7498	15.428	0.328966
	11	14.3539	15.3304	0.313216
	12	13.016	15.1375	0.341366
	13	15.9713	15.2016	0.321075
	14	14.5948	15.1583	0.301053
	15	14.2658	15.0988	0.286803
	16	15.7195	15.1376	0.271488
	17	14.7429	15.1144	0.256509
	18	12.7743	14.9844	0.273223
	19	15.3415	15.0032	0.259489
	20	14.9316	14.9996	0.246539
	1	15.4594	15.4594	0
	2	18.2613	16.8603	0.990612
	3	14.6843	16.135	0.887079
	4	17.7229	16.532	0.748883
	5	15.5378	16.3331	0.624942
	6	13.9654	15.9385	0.633237
	7	14.8394	15.7815	0.561904
	8	16.4968	15.8709	0.49873
	9	14.0429	15.6678	0.482909
	10	17.7593	15.8769	0.477767
	11	18.283	16.0957	0.48181
	12	16.4041	16.1214	0.442344
	13	14.6507	16.0083	0.422537
	14	19.025	16.2237	0.443913
	15	14.6278	16.1173	0.426878
	16	16.2239	16.124	0.40025
	17	15.4991	16.0872	0.37839
	18	15.7079	16.0662	0.357955
	19	15.6085	16.0421	0.339925
	20	16.8071	16.0803	0.325074
	1	18.9536	18.9536	0
	2	16.7904	17.872	0.764807
	3	14.6945	16.8128	1.00391
	4	16.9802	16.8547	0.753804
	5	16.0791	16.6996	0.618798
	6	18.6827	17.0301	0.597455
	7	17.1384	17.0456	0.512304
	8	16.6132	16.9915	0.451108
	9	16.8034	16.9706	0.401469
	10	16.6166	16.9352	0.362879
	11	17.5466	16.9908	0.334119
	12	16.2483	16.9289	0.311952
	13	13.5712	16.6706	0.380131
	14	17.089	16.7005	0.354151
	15	16.6887	16.6997	0.330542
	16	17.6149	16.7569	0.314793
	17	16.3719	16.7343	0.297089
	18	19.3843	16.8815	0.314958
	19	17.5899	16.9188	0.300581
	20	14.8189	16.8138	0.303336
	1	21.2676	21.2676	0
	2	17.015	19.1413	1.5035
	3	18.5984	18.9603	1.01317
	4	18.5806	18.8654	0.764312
	5	16.7674	18.4458	0.717441
	6	16.2182	18.0745	0.687247
	7	16.3018	17.8213	0.634013
	8	17.2499	17.7499	0.55877
	9	18.4288	17.8253	0.501752
	10	15.7394	17.6167	0.493032
	11	18.2078	17.6705	0.451129
	12	16.5175	17.5744	0.423642
	13	17.9023	17.5996	0.391804
	14	15.8069	17.4716	0.384174
	15	16.0076	17.374	0.370751
	16	16.51	17.32	0.351489
	17	19.5555	17.4515	0.35456
	18	17.9668	17.4801	0.336016
	19	20.0901	17.6175	0.345272
	20	18.2433	17.6488	0.329423
	1	18.4052	18.4052	0
	2	18.378	18.3916	0.00959432
	3	20.5244	19.1025	0.580504
	4	17.4155	18.6808	0.568299
	5	19.1823	18.7811	0.463406
	6	15.1515	18.1761	0.673845
	7	18.791	18.264	0.583279
	8	19.9884	18.4795	0.548753
	9	20.4215	18.6953	0.528501
	10	21.1753	18.9433	0.530659
	11	19.5204	18.9958	0.485004
	12	23.3241	19.3565	0.562951
	13	18.1813	19.2661	0.526856
	14	19.2913	19.2679	0.489226
	15	17.0396	19.1193	0.478633
	16	16.2937	18.9427	0.480195
	17	17.5398	18.8602	0.458984
	18	17.8817	18.8058	0.436693
	19	18.469	18.7881	0.414068
	20	19.1504	18.8062	0.393761
	1	19.3546	19.3546	0
	2	18.9709	19.1628	0.135655
	3	17.5352	18.6202	0.45212
	4	19.3849	18.8114	0.377343
	5	22.4649	19.5421	0.719909
	6	19.7583	19.5781	0.600825
	7	20.6912	19.7371	0.53562
	8	19.0371	19.6496	0.475762
	9	16.9127	19.3455	0.510926
	10	20.5277	19.4637	0.473312
	11	18.6094	19.3861	0.436611
	12	18.4839	19.3109	0.406648
	13	22.4493	19.5523	0.441249
	14	18.8574	19.5027	0.412514
	15	16.0327	19.2713	0.445174
	16	16.8102	19.1175	0.443129
	17	16.2025	18.9461	0.449014
	18	17.9661	18.8916	0.427357
	19	18.3646	18.8639	0.405764
	20	18.3965	18.8405	0.386148
	1	20.7281	20.7281	0
	2	17.3096	19.0188	1.20861
	3	20.7884	19.6087	0.938702
	4	21.7155	20.1354	0.838879
	5	18.2329	19.7549	0.752464
	6	20.9663	19.9568	0.653578
	7	19.2118	19.8504	0.56881
	8	17.8568	19.6012	0.549592
	9	16.9276	19.3041	0.563115
	10	20.5615	19.4298	0.520652
	11	16.842	19.1946	0.523781
	12	17.7036	19.0703	0.494649
	13	17.4375	18.9447	0.472276
	14	21.6785	19.14	0.477207
	15	21.3108	19.2847	0.466821
	16	17.2865	19.1598	0.454043
	17	19.402	19.1741	0.427558
	18	19.6201	19.1989	0.404522
	19	20.9546	19.2913	0.393645
	20	20.6988	19.3616	0.380201
	1	21.8288	21.8288	0
	2	20.2022	21.0155	0.575101
	3	24.521	22.184	1.02824
	4	19.7641	21.579	0.932316
	5	19.5706	21.1773	0.827877
	6	23.9739	21.6434	0.810557
	7	23.3149	21.8822	0.729087
	8	21.8759	21.8814	0.637951
	9	19.3043	21.5951	0.628053
	10	20.4953	21.4851	0.574797
	11	17.5626	21.1285	0.623417
	12	21.6846	21.1748	0.573186
	13	19.6269	21.0558	0.541321
	14	19.1965	20.923	0.518689
	15	19.2852	20.8138	0.495468
	16	23.7324	20.9962	0.496947
	17	19.2031	20.8907	0.478777
	18	27.6226	21.2647	0.580142
	19	19.5645	21.1752	0.556467
	20	20.387	21.1358	0.530037
	1	22.1739	22.1739	0
	2	21.2659	21.7199	0.32105
	3	27.5731	23.671	1.60737
	4	25.4873	24.1251	1.26805
	5	19.6024	23.2205	1.29754
	6	19.6783	22.6302	1.20815
	7	17.8385	21.9456	1.21409
	8	23.0572	22.0846	1.07025
	9	20.6604	21.9264	0.96296
	10	20.1844	21.7522	0.882279
	11	21.5221	21.7312	0.80232
	12	21.2655	21.6924	0.736398
	13	26.2265	22.0412	0.75786
	14	22.6899	22.0875	0.705142
	15	22.0573	22.0855	0.658135
	16	23.9456	22.2018	0.627186
	17	20.0024	22.0724	0.603488
	18	24.3845	22.2009	0.583471
	19	24.1392	22.3029	0.56161
	20	21.0543	22.2404	0.536988
	1	22.0853	22.0853	0
	2	21.5615	21.8234	0.185182
	3	21.8195	21.8221	0.123459
	4	19.0249	21.1228	0.612659
	5	21.2019	21.1386	0.490331
	6	25.2384	21.8219	0.745677
	7	23.6704	22.086	0.684312
	8	22.8764	22.1848	0.605865
	9	20.719	22.0219	0.560008
	10	22.1211	22.0318	0.504095
	11	26.2813	22.4182	0.587946
	12	27.154	22.8128	0.658212
	13	21.448	22.7078	0.615895
	14	18.7733	22.4268	0.632782
	15	24.3058	22.5521	0.602869
	16	23.6508	22.6207	0.569087
	17	25.1279	22.7682	0.554392
	18	30.0039	23.1702	0.65327
	19	17.8075	22.8879	0.677119
	20	25.7917	23.0331	0.658645
	1	21.4428	21.4428	0
	2	25.9081	23.6755	1.57871
	3	23.0558	23.4689	1.0659
	4	21.444	22.9627	0.911748
	5	23.7292	23.116	0.742176
	6	24.7403	23.3867	0.666027
	7	22.5788	23.2713	0.580795
	8	20.9929	22.9865	0.573789
	9	24.5539	23.1606	0.535813
	10	27.1297	23.5575	0.611822
	11	25.4012	23.7251	0.578703
	12	23.4672	23.7036	0.530877
	13	29.887	24.1793	0.670054
	14	24.7944	24.2232	0.623632
	15	23.9646	24.206	0.582295
	16	24.0863	24.1985	0.545949
	17	20.9813	24.0092	0.545649
	18	22.4664	23.9235	0.522024
	19	23.7507	23.9144	0.494628
	20	20.4082	23.7391	0.500001
	1	23.6543	23.6543	0
	2	21.4441	22.5492	0.781412
	3	29.9103	25.0029	2.07006
	4	25.5546	25.1408	1.55713
	5	24.9997	25.1126	1.24596
	6	26.1427	25.2843	1.05007
	7	22.5166	24.8889	0.971646
	8	26.0001	25.0278	0.860061
	9	26.0955	25.1464	0.772637
	10	27.6322	25.395	0.734273
	11	27.8539	25.6186	0.70072
	12	27.7194	25.7936	0.663837
	13	25.0892	25.7394	0.61498
	14	24.1849	25.6284	0.580991
	15	24.5188	25.5544	0.546948
	16	30.2855	25.8501	0.587279
	17	23.5214	25.7131	0.568484
	18	28.5623	25.8714	0.558503
	19	29.5444	26.0647	0.561569
	20	24.0769	25.9653	0.542215
	1	25.384	25.384	0
	2	28.7193	27.0516	1.17923
	3	28.7162	27.6065	0.907354
	4	24.2939	26.7784	0.988674
	5	24.1892	26.2605	0.91657
	6	20.7501	25.3421	1.13414
	7	25.3374	25.3415	0.972124
	8	32.9044	26.2868	1.227
	9	30.6146	26.7677	1.18114
	10	32.9762	27.3885	1.21529
	11	25.5426	27.2207	1.11634
	12	26.3459	27.1478	1.02569
	13	27.7175	27.1916	0.947725
	14	23.4463	26.9241	0.917013
	15	31.0759	27.2009	0.896678
	16	27.0122	27.1891	0.840714
	17	26.0193	27.1203	0.794071
	18	27.2588	27.128	0.749993
	19	28.7214	27.2119	0.715193
	20	29.68	27.3353	0.689999
	1	29.734	29.734	0
	2	25.3024	27.5182	1.56681
	3	26.6611	27.2325	1.07027
	4	23.2593	26.2392	1.17657
	5	27.2689	26.4451	0.959107
	6	25.1058	26.2219	0.824821
	7	28.8155	26.5924	0.78581
	8	31.3777	27.1906	0.886477
	9	29.5403	27.4517	0.825532
	10	29.0179	27.6083	0.757692
	11	33.6542	28.1579	0.865498
	12	29.8014	28.2949	0.804135
	13	26.5426	28.1601	0.753491
	14	30.9701	28.3608	0.725911
	15	28.571	28.3748	0.677652
	16	30.1763	28.4874	0.644585
	17	33.1517	28.7618	0.662493
	18	31.4567	28.9115	0.642383
	19	30.2134	28.98	0.612216
	20	27.0647	28.8842	0.589048
	1	32.9512	32.9512	0
	2	26.7988	29.875	2.17521
	3	35.7788	31.8429	2.16442
	4	31.6588	31.7969	1.62381
	5	27.6381	30.9651	1.49699
	6	31.434	31.0433	1.24953
	7	38.0122	32.0388	1.41303
	8	36.1038	32.5469	1.32461
	9	31.2813	32.4063	1.18487
	10	29.4641	32.1121	1.10231
	11	32.7845	32.1732	1.0038
	12	30.2045	32.0092	0.933457
	13	36.1612	32.3285	0.914663
	14	31.6724	32.2817	0.850529
	15	33.0116	32.3303	0.795218
	16	35.0274	32.4989	0.763174
	17	24.6736	32.0386	0.845784
	18	26.7812	31.7465	0.84773
	19	27.7111	31.5341	0.829292
	20	31.7514	31.545	0.787899
	1	31.982	31.982	0
	2	33.2466	32.6143	0.447105
	3	33.7818	33.0035	0.435675
	4	29.0648	32.0188	0.913216
	5	35.7197	32.759	0.985915
	6	29.4126	32.2012	0.966561
	7	35.7426	32.7071	0.951711
	8	28.7455	32.2119	0.952913
	9	33.565	32.3623	0.858812
	10	35.2642	32.6525	0.820497
	11	37.4216	33.086	0.852794
	12	27.3975	32.612	0.90393
	13	33.0315	32.6443	0.834973
	14	36.6969	32.9337	0.823985
	15	27.6333	32.5804	0.841417
	16	30.8524	32.4724	0.79573
	17	28.2812	32.2258	0.786188
	18	29.2158	32.0586	0.760087
	19	33.3504	32.1266	0.723117
	20	33.6734	32.2039	0.691084
	1	25.5509	25.5509	0
	2	41.5714	33.5611	5.66409
	3	31.4507	32.8576	3.8195
	4	40.6544	34.8068	3.325
	5	35.1327	34.872	2.66064
	6	36.4702	35.1384	2.23049
	7	34.4764	35.0438	1.91385
	8	34.6918	34.9998	1.67513
	9	33.0065	34.7783	1.50357
	10	26.7309	33.9736	1.55372
	11	39.7653	34.5001	1.49903
	12	38.2764	34.8148	1.40676
	13	39.1525	35.1485	1.33753
	14	38.673	35.4002	1.26546
	15	35.046	35.3766	1.18132
	16	32.0973	35.1716	1.12513
	17	38.4341	35.3636	1.07518
	18	37.5126	35.4829	1.02206
	19	33.7833	35.3935	0.972173
	20	36.8546	35.4665	0.926306
	1	36.5682	36.5682	0
	2	38.3965	37.4824	0.646412
	3	40.0649	38.3432	0.824458
	4	32.8843	36.9785	1.33386
	5	41.7434	37.9315	1.36573
	6	34.5851	37.3737	1.2468
	7	37.9274	37.4528	1.07119
	8	34.9434	37.1392	0.982144
	9	39.9969	37.4567	0.922917
	10	37.5142	37.4624	0.830643
	11	42.105	37.8845	0.855661
	12	37.6828	37.8677	0.784521
	13	30.7144	37.3174	0.896611
	14	37.7789	37.3504	0.833173
	15	38.8996	37.4537	0.784003
	16	28.9914	36.9248	0.89581
	17	40.8032	37.1529	0.871683
	18	36.0568	37.092	0.825381
	19	38.2395	37.1524	0.784146
	20	31.66	36.8778	0.791568
	1	42.4839	42.4839	0
	2	37.0105	39.7472	1.93513
	3	30.0245	36.5063	2.9439
	4	38.3582	36.9693	2.24404
	5	32.91	36.1574	1.93653
	6	33.4403	35.7046	1.66588
	7	35.1873	35.6307	1.42954
	8	35.4904	35.6131	1.25095
	9	49.7571	37.1847	1.85252
	10	33.7161	36.8378	1.69943
	11	35.507	36.7168	1.54923
	12	31.7316	36.3014	1.47478
	13	38.9057	36.5017	1.37488
	14	46.3767	37.2071	1.44633
	15	44.8425	37.7161	1.4367
	16	45.4754	38.2011	1.4264
	17	39.9597	38.3045	1.34624
	18	35.6559	38.1574	1.27947
	19	34.5247	37.9662	1.22633
	20	38.1805	37.9769	1.16506
	1	46.7381	46.7381	0
	2	42.4103	44.5742	1.5301
	3	40.2251	43.1245	1.56256
	4	39.7552	42.2822	1.38041
	5	51.0067	44.0271	1.91188
	6	36.0285	42.694	2.00483
	7	53.3364	44.2143	2.22131
	8	37.4357	43.367	2.09905
	9	42.7926	43.3032	1.86679
	10	39.5765	42.9305	1.71691
	11	42.4253	42.8846	1.56144
	12	44.2989	43.0024	1.43576
	13	41.0678	42.8536	1.33301
	14	43.7563	42.9181	1.23935
	15	41.5456	42.8266	1.1601
	16	43.4594	42.8662	1.08827
	17	33.8297	42.3346	1.14674
	18	48.8156	42.6947	1.13816
	19	48.5251	43.0015	1.11886
	20	41.5416	42.9285	1.06529
	1	47.9434	47.9434	0
	2	45.7901	46.8668	0.761295
	3	36.9841	43.5726	2.73717
	4	49.3552	45.0182	2.40452
	5	44.7876	44.9721	1.92406
	6	36.2772	43.5229	2.07867
	7	43.1458	43.4691	1.78241
	8	46.2441	43.8159	1.59301
	9	42.861	43.7098	1.41954
	10	51.101	44.449	1.45735
	11	40.1865	44.0615	1.37542
	12	39.5993	43.6896	1.3101
	13	35.7237	43.0769	1.34501
	14	39.1649	42.7974	1.27763
	15	38.9616	42.5417	1.21778
	16	44.8368	42.6852	1.15009
	17	49.2412	43.0708	1.14527
	18	33.1905	42.5219	1.20603
	19	49.1378	42.8701	1.19176
	20	45.3147	42.9923	1.13842
	1	42.9046	42.9046	0
	2	55.6021	49.2534	4.48923
	3	47.806	48.7709	3.01864
	4	54.6768	50.2474	2.60011
	5	40.1399	48.2259	2.75606
	6	50.8861	48.6693	2.33211
	7	37.5308	47.078	2.48316
	8	53.0484	47.8243	2.28216
	9	46.563	47.6842	2.03288
	10	47.9534	47.7111	1.82977
	11	51.1198	48.021	1.68946
	12	52.0099	48.3534	1.58104
	13	40.6969	47.7644	1.56528
	14	47.4639	47.743	1.45362
	15	43.5402	47.4628	1.38345
	16	43.9402	47.2426	1.31439
	17	51.0165	47.4646	1.25568
	18	41.1962	47.1164	1.23327
	19	46.9583	47.1081	1.16839
	20	44.0009	46.9527	1.12025
	1	49.5747	49.5747	0
	2	64.1943	56.8845	5.16881
	3	57.7981	57.189	3.45483
	4	46.9298	54.6242	3.41286
	5	41.982	52.0958	3.54527
	6	43.8262	50.7175	3.21114
	7	53.7952	51.1572	2.78234
	8	58.5488	52.0811	2.58341
	9	58.3293	52.7754	2.38783
	10	54.0116	52.899	2.15224
	11	50.1471	52.6488	1.97107
	12	49.0137	52.3459	1.82994
	13	55.6356	52.5989	1.70659
	14	48.329	52.294	1.61171
	15	59.1508	52.7511	1.56775
	16	43.2711	52.1586	1.57776
	17	43.5445	51.6519	1.5642
	18	46.1821	51.348	1.50653
	19	53.6801	51.4707	1.43223
	20	45.0056	51.1475	1.39662
	1	46.4891	46.4891	0
	2	54.6128	50.551	2.87214
	3	63.1281	54.7433	3.92221
	4	52.3879	54.1545	2.98553
	5	54.5835	54.2403	2.38966
	6	48.0281	53.2049	2.2043
	7	49.4375	52.6667	1.954
	8	54.1875	52.8568	1.71897
	9	54.0242	52.9865	1.53286
	10	55.4298	53.2308	1.39891
	11	55.0843	53.3993	1.28184
	12	53.9522	53.4454	1.17585
	13	55.2442	53.5838	1.09351
	14	48.3865	53.2125	1.07658
	15	52.2027	53.1452	1.00691
	16	56.3005	53.3424	0.963093
	17	47.9013	53.0224	0.95815
	18	53.3761	53.042	0.905121
	19	49.5961	52.8606	0.875465
	20	55.7377	53.0045	0.843428
	1	53.044	53.044	0
	2	53.0878	53.0659	0.0154705
	3	53.9371	53.3563	0.237337
	4	55.9872	54.014	0.59677
	5	45.4193	52.2951	1.60989
	6	65.7128	54.5314	2.4428
	7	45.3436	53.2188	2.4209
	8	45.5958	52.266	2.29818
	9	59.7	53.092	2.18623
	10	48.7951	52.6623	2.00939
	11	53.9783	52.7819	1.83028
	12	61.8503	53.5376	1.82712
	13	48.9501	53.1847	1.72031
	14	51.365	53.0547	1.60233
	15	52.4778	53.0163	1.49597
	16	68.7766	54.0013	1.69604
	17	62.7841	54.5179	1.67311
	18	55.2639	54.5594	1.58067
	19	57.5565	54.7171	1.50533
	20	45.4453	54.2535	1.49975
	1	56.0575	56.0575	0
	2	64.376	60.2167	2.94101
	3	58.7064	59.7133	2.0033
	4	61.7694	60.2273	1.56704
	5	58.9476	59.9714	1.27436
	6	69.2885	61.5242	1.77122
	7	59.3769	61.2175	1.54452
	8	64.2897	61.6015	1.39838
	9	53.8999	60.7458	1.48188
	10	64.9428	61.1655	1.39186
	11	61.6084	61.2057	1.26591
	12	56.8226	60.8405	1.21197
	13	62.0852	60.9362	1.12252
	14	61.9074	61.0056	1.04448
	15	58.2734	60.8234	0.990601
	16	71.6875	61.5024	1.13784
	17	66.8721	61.8183	1.11389
	18	65.7985	62.0394	1.07373
	19	68.4184	62.3752	1.06842
	20	62.6063	62.3867	1.01506
	1	59.2743	59.2743	0
	2	60.2406	59.7575	0.341632
	3	55.6425	58.3858	1.14287
	4	66.0309	60.2971	1.86397
	5	68.7796	61.9936	2.12747
	6	68.9263	63.1491	2.06293
	7	59.3612	62.6079	1.83783
	8	72.3664	63.8277	1.97178
	9	63.8387	63.829	1.75269
	10	62.3121	63.6773	1.58398
	11	59.2121	63.2713	1.49108
	12	75.104	64.2574	1.66117
	13	68.5226	64.5855	1.56546
	14	68.812	64.8874	1.48246
	15	64.2701	64.8462	1.3842
	16	57.5358	64.3893	1.37102
	17	61.786	64.2362	1.2989
	18	59.8749	63.9939	1.24913
	19	61.4351	63.8592	1.19063
	20	61.1418	63.7234	1.13882
	1	55.1863	55.1863	0
	2	68.7166	61.9515	4.7837
	3	70.368	64.757	3.92655
	4	74.7232	67.2485	3.65081
	5	74.3141	68.6616	3.1824
	6	69.061	68.7282	2.6527
	7	65.4821	68.2645	2.31392
	8	66.4973	68.0436	2.0352
	9	60.2912	67.1822	1.98299
	10	60.5326	66.5172	1.8929
	11	64.3213	66.3176	1.73131
	12	70.8257	66.6933	1.62729
	13	70.2774	66.969	1.52529
	14	60.4256	66.5016	1.48622
	15	77.3307	67.2235	1.55262
	16	59.1653	66.7199	1.53509
	17	64.2036	66.5719	1.45191
	18	56.4147	66.0076	1.47684
	19	69.0251	66.1664	1.40762
	20	77.5047	66.7333	1.44691
	1	72.4966	72.4966	0
	2	77.0195	74.758	1.59908
	3	72.9843	74.1668	1.17027
	4	67.7918	72.573	1.63567
	5	73.0465	72.6677	1.31127
	6	64.2545	71.2655	1.68301
	7	66.7648	70.6226	1.56057
	8	69.5727	70.4913	1.37101
	9	73.72	70.8501	1.26474
	10	59.7174	69.7368	1.55276
	11	75.9072	70.2977	1.50953
	12	70.3228	70.2998	1.38373
	13	80.7638	71.1047	1.49316
	14	72.0727	71.1739	1.38811
	15	75.4922	71.4618	1.32508
	16	69.6345	71.3476	1.24718
	17	61.0311	70.7407	1.31318
	18	76.6253	71.0676	1.28028
	19	68.3013	70.922	1.22114
	20	80.0416	71.378	1.2423
	1	77.9569	77.9569	0
	2	75.0987	76.5278	1.01053
	3	69.267	74.1075	2.08781
	4	82.396	76.1797	2.38163
	5	73.9679	75.7373	1.94595
	6	73.8922	75.4298	1.64575
	7	82.3628	76.4202	1.68248
	8	72.7217	75.9579	1.53437
	9	70.4651	75.3476	1.48029
	10	66.1037	74.4232	1.59498
	11	68.2961	73.8662	1.54419
	12	65.4035	73.161	1.5683
	13	76.6998	73.4332	1.47109
	14	77.7193	73.7393	1.39751
	15	83.0423	74.3595	1.43538
	16	81.614	74.8129	1.41547
	17	78.1046	75.0066	1.34538
	18	68.7014	74.6563	1.31545
	19	74.0262	74.6231	1.24663
	20	67.2133	74.2526	1.23813
