	1	0.033108	0.033108	0
	2	0.024936	0.029022	0.00288924
	3	0.025388	0.0278107	0.00216525
	4	0.029652	0.028271	0.00167216
	5	0.019408	0.0264984	0.00207441
	6	0.014768	0.0245433	0.00248467
	7	0.029248	0.0252154	0.00221875
	8	0.032328	0.0261045	0.00211204
	9	0.03924	0.027564	0.00232765
	10	0.030288	0.0278364	0.00211077
	11	0.042052	0.0291287	0.00228043
	12	0.027244	0.0289717	0.0020958
	13	0.035508	0.0294745	0.00199398
	14	0.030136	0.0295217	0.00185212
	15	0.017184	0.0286992	0.00190253
	16	0.033256	0.028984	0.00180481
	17	0.031044	0.0291052	0.00170271
	18	0.033728	0.029362	0.00162737
	19	0.02006	0.0288724	0.00161368
	20	0.024924	0.028675	0.00154503
	1	0.02768	0.02768	0
	2	0.032132	0.029906	0.00157402
	3	0.023244	0.0276853	0.00209492
	4	0.027872	0.027732	0.00157171
	5	0.0195	0.0260856	0.00193636
	6	0.02816	0.0264313	0.00164421
	7	0.028	0.0266554	0.00142451
	8	0.026028	0.026577	0.0012486
	9	0.029356	0.0268858	0.00114741
	10	0.021492	0.0263464	0.0011525
	11	0.027824	0.0264807	0.00105552
	12	0.023536	0.0262353	0.00099568
	13	0.030024	0.0265268	0.000960795
	14	0.033276	0.0270089	0.00100587
	15	0.02148	0.0266403	0.00100407
	16	0.019632	0.0262022	0.00103245
	17	0.034796	0.0267078	0.00108846
	18	0.031152	0.0269547	0.00105562
	19	0.027756	0.0269968	0.00100091
	20	0.032728	0.0272834	0.000991032
	1	0.03144	0.03144	0
	2	0.02572	0.02858	0.00202233
	3	0.031732	0.0296307	0.00159801
	4	0.022804	0.027924	0.00190288
	5	0.030568	0.0284528	0.00159409
	6	0.022292	0.027426	0.00162581
	7	0.01648	0.0258623	0.00200945
	8	0.03332	0.0267945	0.00196262
	9	0.0289	0.0270284	0.00175844
	10	0.02976	0.0273016	0.00160367
	11	0.01872	0.0265215	0.00163668
	12	0.02124	0.0260813	0.00155834
	13	0.027896	0.0262209	0.00144471
	14	0.025964	0.0262026	0.00134163
	15	0.026816	0.0262435	0.00125281
	16	0.034152	0.0267377	0.00126828
	17	0.032088	0.0270525	0.0012321
	18	0.026164	0.0270031	0.00116464
	19	0.038136	0.0275891	0.00124203
	20	0.022296	0.0273244	0.00120779
	1	0.032724	0.032724	0
	2	0.031308	0.032016	0.000500632
	3	0.020868	0.0283	0.0030524
	4	0.0281	0.02825	0.00228971
	5	0.031864	0.0289728	0.00194251
	6	0.02488	0.0282907	0.00173439
	7	0.029948	0.0285274	0.0015027
	8	0.025056	0.0280935	0.00137609
	9	0.035232	0.0288867	0.00143367
	10	0.028244	0.0288224	0.00129174
	11	0.032684	0.0291735	0.00122108
	12	0.020436	0.0284453	0.00131866
	13	0.036136	0.0290369	0.00134339
	14	0.02608	0.0288257	0.00126393
	15	0.029072	0.0288421	0.00117977
	16	0.0306	0.028952	0.00111114
	17	0.033076	0.0291946	0.00107193
	18	0.026548	0.0290476	0.00102242
	19	0.02966	0.0290798	0.000969112
	20	0.01956	0.0286038	0.00103094
	1	0.0327	0.0327	0
	2	0.026696	0.029698	0.00212273
	3	0.034444	0.03128	0.00191602
	4	0.033784	0.031906	0.00153588
	5	0.023428	0.0302104	0.00195186
	6	0.031968	0.0305033	0.00164839
	7	0.027004	0.0300034	0.00148677
	8	0.031516	0.0301925	0.00131289
	9	0.035868	0.0308231	0.00130974
	10	0.02538	0.0302788	0.00128691
	11	0.026564	0.0299411	0.00121342
	12	0.031452	0.030067	0.00111881
	13	0.036472	0.0305597	0.00113607
	14	0.031292	0.030612	0.00105612
	15	0.031356	0.0306616	0.000986878
	16	0.028576	0.0305312	0.000933767
	17	0.030204	0.030512	0.000879038
	18	0.031084	0.0305438	0.000830777
	19	0.019776	0.0299771	0.000961106
	20	0.018404	0.0293984	0.0010732
	1	0.028088	0.028088	0
	2	0.019144	0.023616	0.00316218
	3	0.023236	0.0234893	0.00211066
	4	0.02316	0.023407	0.0015846
	5	0.030408	0.0248072	0.00178198
	6	0.039316	0.0272253	0.00266045
	7	0.02384	0.0267417	0.00232392
	8	0.023088	0.026285	0.00207783
	9	0.032632	0.0269902	0.00196299
	10	0.0284	0.0271312	0.00177175
	11	0.024796	0.0269189	0.00162335
	12	0.029548	0.027138	0.00150278
	13	0.01924	0.0265305	0.00150499
	14	0.034028	0.027066	0.00148973
	15	0.030864	0.0273192	0.00141177
	16	0.035624	0.0278382	0.00141574
	17	0.031684	0.0280645	0.00135041
	18	0.033076	0.0283429	0.00130377
	19	0.019756	0.0278909	0.00131115
	20	0.029	0.0279464	0.00124676
	1	0.027936	0.027936	0
	2	0.0224	0.025168	0.00195727
	3	0.025444	0.02526	0.00130701
	4	0.021016	0.024199	0.00134357
	5	0.03224	0.0258072	0.00179565
	6	0.041968	0.0285007	0.00287833
	7	0.02434	0.0279063	0.00252777
	8	0.027164	0.0278135	0.0022135
	9	0.024396	0.0274338	0.00199986
	10	0.033864	0.0280768	0.00190044
	11	0.022304	0.027552	0.00179867
	12	0.034724	0.0281497	0.00174526
	13	0.030044	0.0282954	0.00161708
	14	0.029676	0.028394	0.00150458
	15	0.0285	0.0284011	0.00140429
	16	0.024636	0.0281657	0.00133609
	17	0.029436	0.0282405	0.00125959
	18	0.028296	0.0282436	0.00118961
	19	0.029928	0.0283322	0.0011303
	20	0.021548	0.027993	0.00112353
	1	0.034236	0.034236	0
	2	0.031344	0.03279	0.00102248
	3	0.029536	0.0317053	0.00111758
	4	0.027624	0.030685	0.00121793
	5	0.0384	0.032228	0.00168939
	6	0.02742	0.0314267	0.00158653
	7	0.026492	0.0307217	0.00150839
	8	0.027748	0.03035	0.00136488
	9	0.035428	0.0309142	0.00132472
	10	0.033256	0.0311484	0.00121277
	11	0.036588	0.0316429	0.00119911
	12	0.031096	0.0315973	0.00110005
	13	0.029056	0.0314018	0.00103265
	14	0.027616	0.0311314	0.000993666
	15	0.040604	0.0317629	0.0011101
	16	0.029364	0.031613	0.0010508
	17	0.02034	0.0309499	0.00117981
	18	0.02948	0.0308682	0.00111709
	19	0.029688	0.0308061	0.00106002
	20	0.034676	0.0309996	0.00102452
	1	0.02846	0.02846	0
	2	0.028956	0.028708	0.000175362
	3	0.02868	0.0286987	0.000117156
	4	0.025612	0.027927	0.000674035
	5	0.03078	0.0284976	0.000742451
	6	0.02838	0.028478	0.000618968
	7	0.03262	0.0290697	0.000762617
	8	0.029736	0.029153	0.000671822
	9	0.030408	0.0292924	0.000611476
	10	0.028684	0.0292316	0.000553347
	11	0.033216	0.0295938	0.000610186
	12	0.03652	0.030171	0.000786279
	13	0.026124	0.0298597	0.000785008
	14	0.032972	0.030082	0.000759762
	15	0.02442	0.0297045	0.000797384
	16	0.027804	0.0295857	0.000756343
	17	0.026512	0.0294049	0.000733146
	18	0.026984	0.0292704	0.000704644
	19	0.034432	0.0295421	0.000718017
	20	0.026116	0.0293708	0.000702254
	1	0.017748	0.017748	0
	2	0.014036	0.015892	0.00131239
	3	0.030844	0.020876	0.00416241
	4	0.029084	0.022928	0.00359217
	5	0.029176	0.0241776	0.00308344
	6	0.025864	0.0244587	0.00258231
	7	0.038212	0.0264234	0.00286496
	8	0.027256	0.0265275	0.00250873
	9	0.03364	0.0273178	0.00235116
	10	0.035408	0.0281268	0.00225094
	11	0.034624	0.0287175	0.00212239
	12	0.02198	0.028156	0.00201842
	13	0.0248	0.0278978	0.00187959
	14	0.015416	0.0270063	0.00194533
	15	0.024932	0.026868	0.00182055
	16	0.03452	0.0273462	0.00176846
	17	0.030876	0.0275539	0.00167658
	18	0.031608	0.0277791	0.0015985
	19	0.028016	0.0277916	0.00151441
	20	0.029232	0.0278636	0.0014404
	1	0.015996	0.015996	0
	2	0.020548	0.018272	0.00160938
	3	0.022844	0.019796	0.00164303
	4	0.033444	0.023208	0.00320153
	5	0.033868	0.02534	0.00319315
	6	0.028152	0.0258087	0.00269513
	7	0.021456	0.0251869	0.00238076
	8	0.029204	0.025689	0.00213547
	9	0.021772	0.0252538	0.00194204
	10	0.025464	0.0252748	0.00174795
	11	0.018028	0.024616	0.00170869
	12	0.016124	0.0239083	0.00170656
	13	0.029692	0.0243532	0.00163225
	14	0.029436	0.0247163	0.00155551
	15	0.035564	0.0254395	0.00161117
	16	0.027344	0.0255585	0.00151487
	17	0.033276	0.0260125	0.00149223
	18	0.02996	0.0262318	0.00142535
	19	0.028796	0.0263667	0.00135671
	20	0.03234	0.0266654	0.00132134
	1	0.040104	0.040104	0
	2	0.034864	0.037484	0.00185262
	3	0.032812	0.0359267	0.00177265
	4	0.030356	0.034534	0.00179504
	5	0.028392	0.0333056	0.00180814
	6	0.02742	0.0323247	0.00175278
	7	0.030488	0.0320623	0.0015219
	8	0.026676	0.031389	0.00147308
	9	0.0304	0.0312791	0.0013135
	10	0.031524	0.0313036	0.00118238
	11	0.01998	0.0302742	0.00145559
	12	0.034268	0.030607	0.00137181
	13	0.032772	0.0307735	0.00127636
	14	0.024688	0.0303389	0.00125703
	15	0.024792	0.0299691	0.00122642
	16	0.029816	0.0299595	0.0011498
	17	0.034956	0.0302534	0.0011191
	18	0.031648	0.0303309	0.00105961
	19	0.032388	0.0304392	0.00100935
	20	0.028664	0.0303504	0.000962782
	1	0.02622	0.02622	0
	2	0.02818	0.0272	0.000692965
	3	0.021392	0.025264	0.00164686
	4	0.032692	0.027121	0.00202779
	5	0.03026	0.0277488	0.00171666
	6	0.0293	0.0280073	0.00144989
	7	0.033092	0.0287337	0.00141305
	8	0.03154	0.0290845	0.00127922
	9	0.038784	0.0301622	0.00152492
	10	0.027688	0.0299148	0.00139236
	11	0.034952	0.0303727	0.00133897
	12	0.024804	0.0299087	0.00130533
	13	0.029632	0.0298874	0.00120509
	14	0.023988	0.029466	0.00119041
	15	0.027448	0.0293315	0.00111863
	16	0.044624	0.0302872	0.00139865
	17	0.021816	0.0297889	0.00140234
	18	0.030288	0.0298167	0.0013247
	19	0.038888	0.0302941	0.00133826
	20	0.029848	0.0302718	0.00127153
	1	0.031816	0.031816	0
	2	0.024052	0.027934	0.00274499
	3	0.026712	0.0275267	0.00185997
	4	0.023152	0.026433	0.00168613
	5	0.03396	0.0279384	0.00190592
	6	0.024524	0.0273693	0.00167106
	7	0.031604	0.0279743	0.00153795
	8	0.029688	0.0281885	0.00136054
	9	0.033652	0.0287956	0.00133796
	10	0.038184	0.0297344	0.00149777
	11	0.028888	0.0296575	0.00136358
	12	0.032972	0.0299337	0.00127762
	13	0.031712	0.0300705	0.00118664
	14	0.031124	0.0301457	0.00110426
	15	0.040576	0.0308411	0.00123025
	16	0.026156	0.0305482	0.00118769
	17	0.028656	0.0304369	0.00112303
	18	0.04056	0.0309993	0.00119318
	19	0.031196	0.0310097	0.00113043
	20	0.032896	0.031104	0.00107783
	1	0.035076	0.035076	0
	2	0.033468	0.034272	0.000568514
	3	0.025912	0.0314853	0.00230665
	4	0.043648	0.034526	0.00315073
	5	0.022396	0.0321	0.00332592
	6	0.027404	0.0313173	0.00286221
	7	0.026892	0.0306851	0.00252217
	8	0.032688	0.0309355	0.00221929
	9	0.030748	0.0309147	0.0019728
	10	0.021504	0.0299736	0.00198734
	11	0.030552	0.0300262	0.00180737
	12	0.037324	0.0306343	0.00175609
	13	0.036556	0.0310898	0.00167905
	14	0.029408	0.0309697	0.00156341
	15	0.033116	0.0311128	0.00146571
	16	0.028544	0.0309523	0.00138287
	17	0.036976	0.0313066	0.00134616
	18	0.026132	0.0310191	0.0013017
	19	0.030504	0.030992	0.00123348
	20	0.026688	0.0307768	0.00119043
	1	0.038432	0.038432	0
	2	0.03662	0.037526	0.000640639
	3	0.032976	0.0360093	0.00130993
	4	0.045184	0.038303	0.00221605
	5	0.039092	0.0384608	0.00177845
	6	0.030028	0.0370553	0.00196025
	7	0.030888	0.0361743	0.00186774
	8	0.025108	0.034791	0.0020845
	9	0.0272	0.0339476	0.00201632
	10	0.029432	0.033496	0.00186457
	11	0.025472	0.0327665	0.0018322
	12	0.033576	0.032834	0.00168076
	13	0.027172	0.0323985	0.00160691
	14	0.037692	0.0327766	0.00153597
	15	0.037032	0.0330603	0.00145954
	16	0.033064	0.0330605	0.00136832
	17	0.028896	0.0328155	0.00130957
	18	0.032952	0.0328231	0.00123684
	19	0.021992	0.0322531	0.00129648
	20	0.029236	0.0321022	0.0012404
	1	0.023952	0.023952	0
	2	0.024076	0.024014	4.38406e-05
	3	0.046372	0.0314667	0.00608515
	4	0.0282	0.03065	0.00461834
	5	0.029544	0.0304288	0.00369996
	6	0.035968	0.031352	0.0031964
	7	0.044204	0.033188	0.00322424
	8	0.029096	0.0326765	0.00286149
	9	0.030532	0.0324382	0.00255345
	10	0.031348	0.0323292	0.00230043
	11	0.023092	0.0314895	0.00223933
	12	0.028276	0.0312217	0.00206867
	13	0.039144	0.0318311	0.00199729
	14	0.029324	0.031652	0.00186264
	15	0.038872	0.0321333	0.00179958
	16	0.024888	0.0316805	0.00174315
	17	0.028012	0.0314647	0.00165391
	18	0.03958	0.0319156	0.00162232
	19	0.034896	0.0320724	0.0015445
	20	0.037596	0.0323486	0.00149176
	1	0.035636	0.035636	0
	2	0.028276	0.031956	0.00260215
	3	0.026476	0.0301293	0.00228777
	4	0.035936	0.031581	0.0021271
	5	0.035776	0.03242	0.0018598
	6	0.031144	0.0322073	0.00156195
	7	0.032576	0.03226	0.0013397
	8	0.036772	0.032824	0.00128549
	9	0.027176	0.0321964	0.00128675
	10	0.030056	0.0319824	0.00117574
	11	0.027292	0.031556	0.00114357
	12	0.032972	0.031674	0.00105434
	13	0.036004	0.0320071	0.0010245
	14	0.033344	0.0321026	0.000955759
	15	0.031804	0.0320827	0.000892249
	16	0.037748	0.0324367	0.000904015
	17	0.038324	0.0327831	0.000914768
	18	0.0256	0.032384	0.000946999
	19	0.032196	0.0323741	0.000897208
	20	0.032776	0.0323942	0.000852573
	1	0.039176	0.039176	0
	2	0.033652	0.036414	0.00195303
	3	0.028264	0.0336973	0.00257205
	4	0.028464	0.032389	0.00223718
	5	0.030888	0.0320888	0.00180978
	6	0.038764	0.0332013	0.00181823
	7	0.042096	0.034472	0.00195264
	8	0.027508	0.0336015	0.00189268
	9	0.033656	0.0336076	0.00168239
	10	0.028892	0.033136	0.00157885
	11	0.025776	0.0324669	0.00157071
	12	0.037872	0.0329173	0.00150301
	13	0.023712	0.0322092	0.00154522
	14	0.028104	0.031916	0.00146241
	15	0.037132	0.0322637	0.00140565
	16	0.035424	0.0324613	0.0013316
	17	0.032936	0.0324892	0.00125356
	18	0.026148	0.0321369	0.00123243
	19	0.036196	0.0323505	0.00118594
	20	0.026048	0.0320354	0.00116776
	1	0.036268	0.036268	0
	2	0.035908	0.036088	0.000127279
	3	0.037268	0.0364813	0.000332176
	4	0.037864	0.036827	0.000389462
	5	0.026804	0.0348224	0.00181984
	6	0.024984	0.0331827	0.00213084
	7	0.026588	0.0322406	0.00202401
	8	0.021208	0.0308615	0.00219102
	9	0.030868	0.0308622	0.00194757
	10	0.03304	0.03108	0.00176495
	11	0.048664	0.0326785	0.00221302
	12	0.030136	0.0324667	0.00203872
	13	0.0359	0.0327308	0.00189893
	14	0.039584	0.0332203	0.00182529
	15	0.031432	0.0331011	0.0017075
	16	0.028692	0.0328255	0.00162286
	17	0.03524	0.0329675	0.0015336
	18	0.026488	0.0326076	0.00149005
	19	0.03184	0.0325672	0.00141217
	20	0.033792	0.0326284	0.00134289
	1	0.041436	0.041436	0
	2	0.037624	0.03953	0.00134775
	3	0.027952	0.0356707	0.00327673
	4	0.030048	0.034265	0.00274253
	5	0.030608	0.0335336	0.00228947
	6	0.039316	0.0344973	0.00210096
	7	0.039	0.0351406	0.00189674
	8	0.032948	0.0348665	0.00167933
	9	0.032984	0.0346573	0.00150571
	10	0.04134	0.0353256	0.0014961
	11	0.02924	0.0347724	0.0014588
	12	0.032636	0.0345943	0.00134805
	13	0.0352	0.0346409	0.00124516
	14	0.038344	0.0349054	0.00118398
	15	0.032264	0.0347293	0.00111807
	16	0.04332	0.0352662	0.00117003
	17	0.026252	0.034736	0.00121543
	18	0.040292	0.0350447	0.00118645
	19	0.035564	0.035072	0.00112432
	20	0.025144	0.0345756	0.00117258
	1	0.040588	0.040588	0
	2	0.035508	0.038048	0.00179605
	3	0.031048	0.0357147	0.00225018
	4	0.030796	0.034485	0.00199554
	5	0.03148	0.033884	0.0016845
	6	0.031964	0.033564	0.00143383
	7	0.039216	0.0343714	0.00143848
	8	0.033392	0.034249	0.00126387
	9	0.0374	0.0345991	0.00117093
	10	0.025788	0.033718	0.0013451
	11	0.032052	0.0335665	0.00123132
	12	0.02806	0.0331077	0.0012112
	13	0.038944	0.0335566	0.00119835
	14	0.0366	0.033774	0.0011323
	15	0.024556	0.0331595	0.00121216
	16	0.04558	0.0339357	0.00136248
	17	0.028244	0.0336009	0.00132283
	18	0.037304	0.0338067	0.00126524
	19	0.033644	0.0337981	0.00119867
	20	0.039436	0.03408	0.00117142
	1	0.031372	0.031372	0
	2	0.025648	0.02851	0.00202374
	3	0.040748	0.0325893	0.00359363
	4	0.028464	0.031558	0.00283936
	5	0.030984	0.0314432	0.00227381
	6	0.023008	0.0300373	0.00228855
	7	0.032452	0.0303823	0.00198744
	8	0.042392	0.0318835	0.0022352
	9	0.041688	0.0329729	0.00223661
	10	0.040416	0.0337172	0.00213321
	11	0.027972	0.0331949	0.0020022
	12	0.036128	0.0334393	0.00185021
	13	0.027752	0.0330018	0.00175885
	14	0.027136	0.0325829	0.00168238
	15	0.042444	0.0332403	0.0016938
	16	0.045436	0.0340025	0.00175107
	17	0.029576	0.0337421	0.00166731
	18	0.039312	0.0340516	0.00160314
	19	0.040164	0.0343733	0.00155071
	20	0.025132	0.0339112	0.00154048
	1	0.034752	0.034752	0
	2	0.031756	0.033254	0.00105925
	3	0.039204	0.0352373	0.00176666
	4	0.019408	0.03128	0.00367437
	5	0.035512	0.0321264	0.00303541
	6	0.027024	0.031276	0.00264595
	7	0.040784	0.0326343	0.00259327
	8	0.035604	0.0330055	0.00229552
	9	0.026736	0.0323089	0.00214356
	10	0.041092	0.0331872	0.00210145
	11	0.031304	0.033016	0.00191737
	12	0.033064	0.03302	0.0017576
	13	0.0364	0.03328	0.00164152
	14	0.046328	0.034212	0.00176917
	15	0.023692	0.0335107	0.00178483
	16	0.048864	0.0344702	0.00191393
	17	0.034888	0.0344948	0.0018015
	18	0.038068	0.0346933	0.00171232
	19	0.017644	0.033796	0.00184238
	20	0.035076	0.03386	0.00175137
	1	0.023828	0.023828	0
	2	0.018608	0.021218	0.00184555
	3	0.023672	0.022036	0.00139996
	4	0.033276	0.024846	0.00265038
	5	0.045044	0.0288856	0.00418932
	6	0.037592	0.0303367	0.00373396
	7	0.025704	0.0296749	0.00325866
	8	0.03956	0.0309105	0.00307669
	9	0.032788	0.0311191	0.0027419
	10	0.035324	0.0315396	0.00249974
	11	0.030888	0.0314804	0.00227319
	12	0.036668	0.0319127	0.00212447
	13	0.029512	0.031728	0.00196906
	14	0.037412	0.032134	0.0018698
	15	0.031068	0.0320629	0.0017465
	16	0.034356	0.0322062	0.00164321
	17	0.037084	0.0324932	0.0015714
	18	0.023552	0.0319964	0.00156064
	19	0.043532	0.0326036	0.00159222
	20	0.035404	0.0327436	0.00151876
	1	0.03116	0.03116	0
	2	0.032812	0.031986	0.00058407
	3	0.032932	0.0323013	0.000466805
	4	0.033272	0.032544	0.000408336
	5	0.049412	0.0359176	0.00303507
	6	0.04146	0.0368413	0.00266609
	7	0.037688	0.0369623	0.00228796
	8	0.033868	0.0365755	0.0020344
	9	0.026124	0.0354142	0.00211397
	10	0.040948	0.0359676	0.00197367
	11	0.034048	0.0357931	0.00180195
	12	0.04044	0.0361803	0.00169288
	13	0.027652	0.0355243	0.00168499
	14	0.04472	0.0361811	0.0016878
	15	0.033676	0.0360141	0.00158353
	16	0.036864	0.0360673	0.00148545
	17	0.028772	0.0356381	0.00145874
	18	0.026516	0.0351313	0.00146308
	19	0.028916	0.0348042	0.00142218
	20	0.041284	0.0351282	0.00138748
	1	0.024532	0.024532	0
	2	0.039096	0.031814	0.00514915
	3	0.034248	0.0326253	0.0034961
	4	0.033064	0.032735	0.0026238
	5	0.025948	0.0313776	0.00242487
	6	0.028444	0.0308887	0.00206943
	7	0.034328	0.03138	0.00183119
	8	0.049572	0.033654	0.00266309
	9	0.042196	0.0346031	0.00253067
	10	0.046556	0.0357984	0.00254428
	11	0.040412	0.0362178	0.00234729
	12	0.0343	0.036058	0.00215712
	13	0.038972	0.0362822	0.0020028
	14	0.035264	0.0362094	0.00186106
	15	0.031244	0.0358784	0.00176619
	16	0.029764	0.0354963	0.00169664
	17	0.029164	0.0351238	0.00163721
	18	0.030856	0.0348867	0.00156333
	19	0.042772	0.0353017	0.00153515
	20	0.0342	0.0352466	0.00145938
	1	0.029748	0.029748	0
	2	0.035668	0.032708	0.00209304
	3	0.038244	0.0345533	0.00205358
	4	0.032952	0.034153	0.00157872
	5	0.050168	0.037356	0.00313089
	6	0.040276	0.0378427	0.00264663
	7	0.039732	0.0381126	0.00228226
	8	0.032692	0.037435	0.00209515
	9	0.037992	0.0374969	0.00186327
	10	0.036304	0.0373776	0.00168075
	11	0.03016	0.0367215	0.00165107
	12	0.032192	0.036344	0.00155603
	13	0.027004	0.0356255	0.00159359
	14	0.04322	0.036168	0.00156938
	15	0.033024	0.0359584	0.00147869
	16	0.031668	0.0356903	0.00141037
	17	0.038884	0.0358781	0.00133986
	18	0.029536	0.0355258	0.00131093
	19	0.029836	0.0352263	0.00127568
	20	0.04106	0.035518	0.0012448
	1	0.039012	0.039012	0
	2	0.042024	0.040518	0.0010649
	3	0.040452	0.040496	0.000710162
	4	0.0392	0.040172	0.000602012
	5	0.038668	0.0398712	0.000551663
	6	0.038688	0.039674	0.000493709
	7	0.027676	0.03796	0.00164231
	8	0.047956	0.0392095	0.00185233
	9	0.037328	0.0390004	0.00165827
	10	0.038828	0.0389832	0.00149253
	11	0.025572	0.037764	0.00178672
	12	0.032348	0.0373127	0.00169387
	13	0.035768	0.0371938	0.00156773
	14	0.043044	0.0376117	0.00151042
	15	0.027788	0.0369568	0.0015452
	16	0.029928	0.0365175	0.00150978
	17	0.041376	0.0368033	0.00144776
	18	0.042472	0.0371182	0.00140117
	19	0.042324	0.0373922	0.00135394
	20	0.02878	0.0369616	0.00135299
	1	0.046104	0.046104	0
	2	0.051452	0.048778	0.0018908
	3	0.036268	0.044608	0.00363064
	4	0.031848	0.041418	0.00387901
	5	0.043872	0.0419088	0.0031341
	6	0.0384	0.041324	0.00266575
	7	0.043676	0.04166	0.00230601
	8	0.036324	0.040993	0.00211202
	9	0.035788	0.0404147	0.00195493
	10	0.047484	0.0411216	0.00188292
	11	0.022916	0.0394665	0.00232815
	12	0.02844	0.0385477	0.00230836
	13	0.037248	0.0384477	0.00213295
	14	0.046748	0.0390406	0.00206135
	15	0.033936	0.0387003	0.00195182
	16	0.030476	0.0381862	0.0018963
	17	0.03546	0.0380259	0.00179153
	18	0.033128	0.0377538	0.00171254
	19	0.033496	0.0375297	0.001637
	20	0.04488	0.0378972	0.00159587
	1	0.03854	0.03854	0
	2	0.043252	0.040896	0.00166594
	3	0.037384	0.0397253	0.00146531
	4	0.034448	0.038406	0.00158532
	5	0.025112	0.0357472	0.00269515
	6	0.032484	0.0352033	0.00230018
	7	0.029752	0.0344246	0.00209928
	8	0.036684	0.034707	0.00185577
	9	0.03568	0.0348151	0.00165272
	10	0.04412	0.0357456	0.00172966
	11	0.035736	0.0357447	0.00157242
	12	0.023692	0.0347403	0.00173272
	13	0.039272	0.0350889	0.00163413
	14	0.027604	0.0345543	0.00160248
	15	0.035164	0.0345949	0.00149616
	16	0.037088	0.0347508	0.00141074
	17	0.042588	0.0352118	0.00140106
	18	0.045164	0.0357647	0.00142816
	19	0.044324	0.0362152	0.00142227
	20	0.042172	0.036513	0.00138199
	1	0.039576	0.039576	0
	2	0.038488	0.039032	0.000384666
	3	0.040816	0.0396267	0.000549105
	4	0.050424	0.042326	0.00237369
	5	0.03064	0.0399888	0.00282419
	6	0.03338	0.0388873	0.00255928
	7	0.054832	0.0411651	0.00304293
	8	0.034724	0.04036	0.00276703
	9	0.042504	0.0405982	0.00246982
	10	0.030048	0.0395432	0.00243778
	11	0.032048	0.0388618	0.00230942
	12	0.043764	0.0392703	0.0021528
	13	0.037208	0.0391117	0.00199304
	14	0.044116	0.0394691	0.00188246
	15	0.033632	0.03908	0.00179673
	16	0.044772	0.0394358	0.0017193
	17	0.040584	0.0395033	0.00161949
	18	0.045456	0.039834	0.00156292
	19	0.031904	0.0394166	0.00153537
	20	0.032552	0.0390734	0.00149648
	1	0.04246	0.04246	0
	2	0.04816	0.04531	0.00201525
	3	0.046696	0.045772	0.00139546
	4	0.0333	0.042654	0.002896
	5	0.048268	0.0437768	0.00252509
	6	0.02498	0.040644	0.00355057
	7	0.047908	0.0416817	0.00319139
	8	0.051688	0.0429325	0.00302767
	9	0.03082	0.0415867	0.00297538
	10	0.044076	0.0418356	0.00268824
	11	0.052828	0.0428349	0.00262302
	12	0.037424	0.042384	0.00244289
	13	0.043208	0.0424474	0.00225579
	14	0.029816	0.0415451	0.00226793
	15	0.03776	0.0412928	0.00213073
	16	0.03962	0.0411882	0.00200012
	17	0.047736	0.0415734	0.00191919
	18	0.043812	0.0416978	0.0018166
	19	0.038464	0.0415276	0.00172894
	20	0.030752	0.0409888	0.0017244
	1	0.038412	0.038412	0
	2	0.05162	0.045016	0.00466973
	3	0.049	0.046344	0.00329658
	4	0.042588	0.045405	0.00260274
	5	0.047948	0.0459136	0.0021313
	6	0.044632	0.0457	0.00178676
	7	0.036296	0.0443566	0.00197294
	8	0.034736	0.043154	0.00206048
	9	0.0378	0.0425591	0.00191549
	10	0.04982	0.0432852	0.00185647
	11	0.0514	0.0440229	0.0018284
	12	0.03858	0.0435693	0.00173138
	13	0.048852	0.0439757	0.00164519
	14	0.04046	0.0437246	0.00154673
	15	0.037904	0.0433365	0.00149149
	16	0.037608	0.0429785	0.00144061
	17	0.023932	0.0418581	0.00173775
	18	0.041136	0.041818	0.00164168
	19	0.0355	0.0414855	0.00158859
	20	0.033312	0.0410768	0.00156084
	1	0.030232	0.030232	0
	2	0.028312	0.029272	0.000678823
	3	0.042328	0.033624	0.00358209
	4	0.052612	0.038371	0.00491103
	5	0.03874	0.0384448	0.00392937
	6	0.033708	0.0376553	0.00335285
	7	0.035692	0.0373749	0.00288558
	8	0.029992	0.036452	0.00266838
	9	0.048736	0.0378169	0.00269848
	10	0.038156	0.0378508	0.00242884
	11	0.049052	0.0388691	0.00241207
	12	0.043352	0.0392427	0.00223981
	13	0.047068	0.0398446	0.00214688
	14	0.035428	0.0395291	0.00201658
	15	0.043344	0.0397835	0.00189811
	16	0.046456	0.0402005	0.00182471
	17	0.0386	0.0401064	0.0017198
	18	0.045164	0.0403873	0.00164705
	19	0.050792	0.0409349	0.00164889
	20	0.0383	0.0408032	0.0015717
	1	0.039208	0.039208	0
	2	0.049964	0.044586	0.00380282
	3	0.069792	0.052988	0.00731367
	4	0.040444	0.049852	0.00612077
	5	0.031828	0.0462472	0.00586281
	6	0.04446	0.0459493	0.00489323
	7	0.03552	0.0444594	0.0044152
	8	0.042248	0.044183	0.00387195
	9	0.05726	0.045636	0.00370434
	10	0.04844	0.0459164	0.0033445
	11	0.041908	0.045552	0.00306024
	12	0.044668	0.0454783	0.00280611
	13	0.038556	0.0449458	0.00264029
	14	0.030104	0.0438857	0.00265602
	15	0.048612	0.0442008	0.00249757
	16	0.043116	0.044133	0.00234239
	17	0.035024	0.0435972	0.00226506
	18	0.033552	0.0430391	0.0022069
	19	0.044752	0.0431293	0.00209259
	20	0.040304	0.042988	0.00199272
	1	0.035624	0.035624	0
	2	0.029828	0.032726	0.0020492
	3	0.034648	0.0333667	0.00146286
	4	0.029648	0.032437	0.00136086
	5	0.031216	0.0321928	0.00111038
	6	0.055876	0.03614	0.0037202
	7	0.029828	0.0352383	0.00329621
	8	0.037988	0.035582	0.00290205
	9	0.045812	0.0367187	0.00279335
	10	0.045388	0.0375856	0.00264512
	11	0.04512	0.0382705	0.00249176
	12	0.047032	0.0390007	0.00238869
	13	0.046612	0.0395862	0.00227557
	14	0.039408	0.0395734	0.00211306
	15	0.049956	0.0402656	0.00208247
	16	0.03196	0.0397465	0.00201598
	17	0.044296	0.0400141	0.00191507
	18	0.040444	0.040038	0.00180883
	19	0.032412	0.0396366	0.00175759
	20	0.041688	0.0397392	0.0016727
	1	0.02984	0.02984	0
	2	0.04836	0.0391	0.00654781
	3	0.065896	0.048032	0.00849954
	4	0.0272	0.042824	0.00780888
	5	0.049092	0.0440776	0.00634693
	6	0.051784	0.045362	0.00541751
	7	0.050076	0.0460354	0.00468525
	8	0.058092	0.0475425	0.00433521
	9	0.029296	0.0455151	0.00430153
	10	0.045776	0.0455412	0.00387146
	11	0.030948	0.0442145	0.00373991
	12	0.031584	0.043162	0.0035733
	13	0.044428	0.0432594	0.00329976
	14	0.054756	0.0440806	0.00316459
	15	0.028316	0.0430296	0.00312326
	16	0.035372	0.042551	0.0029645
	17	0.035384	0.0421294	0.00281994
	18	0.03678	0.0418322	0.00267889
	19	0.04838	0.0421768	0.00255996
	20	0.038756	0.0420058	0.00243767
	1	0.057248	0.057248	0
	2	0.046448	0.051848	0.00381838
	3	0.036396	0.0466973	0.00491592
	4	0.05576	0.048963	0.00417654
	5	0.050484	0.0492672	0.00335229
	6	0.045964	0.0487167	0.00283842
	7	0.033808	0.0465869	0.00313165
	8	0.045432	0.0464425	0.00274352
	9	0.039408	0.0456609	0.00254759
	10	0.04152	0.0452468	0.00232624
	11	0.040636	0.0448276	0.0021522
	12	0.029772	0.043573	0.00230978
	13	0.043648	0.0435788	0.00213211
	14	0.03128	0.0427003	0.0021532
	15	0.038468	0.0424181	0.00202806
	16	0.031688	0.0417475	0.00200913
	17	0.056444	0.042612	0.00206859
	18	0.037732	0.0423409	0.00197135
	19	0.04846	0.0426629	0.00189372
	20	0.044096	0.0427346	0.00180039
	1	0.040148	0.040148	0
	2	0.041664	0.040906	0.000535987
	3	0.04022	0.0406773	0.000403162
	4	0.049212	0.042811	0.00187239
	5	0.031072	0.0404632	0.00257943
	6	0.040512	0.0404713	0.00214954
	7	0.03656	0.0399126	0.00191371
	8	0.045688	0.0406345	0.00180554
	9	0.040352	0.0406031	0.00160519
	10	0.054296	0.0419724	0.00194282
	11	0.034576	0.0413	0.00187896
	12	0.037424	0.040977	0.00174992
	13	0.034396	0.0404708	0.00168694
	14	0.03396	0.0400057	0.00162929
	15	0.046304	0.0404256	0.00157385
	16	0.048696	0.0409425	0.00155805
	17	0.057116	0.0418939	0.00173269
	18	0.043592	0.0419882	0.001639
	19	0.04182	0.0419794	0.00155276
	20	0.037924	0.0417766	0.0014883
	1	0.038076	0.038076	0
	2	0.044192	0.041134	0.00216233
	3	0.038204	0.0401573	0.00164742
	4	0.044708	0.041295	0.0015803
	5	0.038604	0.0407568	0.00135278
	6	0.047636	0.0419033	0.00153828
	7	0.053988	0.0436297	0.00207199
	8	0.056676	0.0452605	0.00236938
	9	0.038248	0.0444813	0.00223055
	10	0.038748	0.043908	0.00207988
	11	0.042604	0.0437895	0.00189417
	12	0.045412	0.0439247	0.00174114
	13	0.049332	0.0443406	0.00165615
	14	0.041844	0.0441623	0.00154742
	15	0.03768	0.0437301	0.00150339
	16	0.036532	0.0432802	0.00147521
	17	0.045476	0.0434094	0.00139408
	18	0.041748	0.0433171	0.00131968
	19	0.063696	0.0443897	0.00162878
	20	0.037868	0.0440636	0.00157964
	1	0.05382	0.05382	0
	2	0.042412	0.048116	0.00403334
	3	0.042496	0.0462427	0.0030935
	4	0.048708	0.046859	0.00238073
	5	0.052024	0.047892	0.00211686
	6	0.049076	0.0480893	0.00177323
	7	0.048556	0.048156	0.00152116
	8	0.038092	0.046898	0.00177661
	9	0.040552	0.0461929	0.00171343
	10	0.052648	0.0468384	0.00165923
	11	0.041956	0.0463945	0.00156663
	12	0.0583	0.0473867	0.0017218
	13	0.033684	0.0463326	0.00188457
	14	0.02826	0.0450417	0.00214704
	15	0.048444	0.0452685	0.00201584
	16	0.042528	0.0450973	0.00189712
	17	0.05428	0.0456374	0.00186083
	18	0.052384	0.0460122	0.0017948
	19	0.046472	0.0460364	0.0017005
	20	0.044356	0.0459524	0.00161755
	1	0.049452	0.049452	0
	2	0.05652	0.052986	0.00249892
	3	0.0464	0.0507907	0.00244711
	4	0.046268	0.04966	0.00208021
	5	0.04932	0.049592	0.00166528
	6	0.04004	0.048	0.00200944
	7	0.055272	0.0490389	0.00197272
	8	0.054908	0.0497725	0.00185755
	9	0.042892	0.049008	0.00180162
	10	0.04558	0.0486652	0.00165375
	11	0.035544	0.0474724	0.00188514
	12	0.037708	0.0466587	0.00189554
	13	0.042092	0.0463074	0.00178198
	14	0.046684	0.0463343	0.0016549
	15	0.048516	0.0464797	0.00155095
	16	0.036488	0.0458552	0.00157473
	17	0.034028	0.0451595	0.00162855
	18	0.047736	0.0453027	0.00154435
	19	0.04078	0.0450646	0.0014813
	20	0.042664	0.0449446	0.00141209
	1	0.039628	0.039628	0
	2	0.049932	0.04478	0.00364301
	3	0.053004	0.0475213	0.00330279
	4	0.054136	0.049175	0.00286128
	5	0.03668	0.046676	0.00319932
	6	0.044788	0.0463613	0.00268153
	7	0.033216	0.0444834	0.00288195
	8	0.047188	0.0448215	0.00254146
	9	0.054016	0.0458431	0.00245584
	10	0.053548	0.0466136	0.00232798
	11	0.050604	0.0469764	0.00214443
	12	0.046248	0.0469157	0.00196658
	13	0.054076	0.0474665	0.00189087
	14	0.032252	0.0463797	0.00204439
	15	0.050412	0.0466485	0.00192569
	16	0.042776	0.0464065	0.00182048
	17	0.048028	0.0465019	0.00171589
	18	0.057248	0.0470989	0.00172129
	19	0.04958	0.0472295	0.00163564
	20	0.037092	0.0467226	0.00163051
	1	0.051992	0.051992	0
	2	0.060176	0.056084	0.00289348
	3	0.05096	0.054376	0.0023803
	4	0.06034	0.055867	0.00220326
	5	0.038228	0.0523392	0.00361429
	6	0.042972	0.050778	0.00333207
	7	0.05174	0.0509154	0.00285889
	8	0.033776	0.048773	0.00320529
	9	0.057196	0.0497089	0.00298265
	10	0.0633	0.051068	0.00297799
	11	0.051384	0.0510967	0.0027074
	12	0.048012	0.0508397	0.00249396
	13	0.056556	0.0512794	0.00234056
	14	0.066636	0.0523763	0.00241678
	15	0.05134	0.0523072	0.00225664
	16	0.039424	0.051502	0.00225469
	17	0.050444	0.0514398	0.00212292
	18	0.03092	0.0502998	0.0022907
	19	0.054056	0.0504975	0.00217865
	20	0.039308	0.049938	0.00214035
	1	0.053728	0.053728	0
	2	0.042192	0.04796	0.00407859
	3	0.036872	0.044264	0.00406205
	4	0.039068	0.042965	0.0032476
	5	0.038004	0.0419728	0.00274547
	6	0.034404	0.0407113	0.00256135
	7	0.02536	0.0385183	0.00299038
	8	0.0464	0.0395035	0.00277413
	9	0.055072	0.0412333	0.00295643
	10	0.040176	0.0411276	0.00266268
	11	0.0505	0.0419796	0.0025533
	12	0.049056	0.0425693	0.00240766
	13	0.051084	0.0432243	0.00230983
	14	0.052764	0.0439057	0.0022431
	15	0.06082	0.0450333	0.00236003
	16	0.044196	0.044981	0.00221311
	17	0.03044	0.0441256	0.00224214
	18	0.047632	0.0443204	0.00212602
	19	0.048472	0.0445389	0.00202532
	20	0.04058	0.044341	0.0019337
	1	0.055408	0.055408	0
	2	0.050264	0.052836	0.00181868
	3	0.048416	0.0513627	0.00170798
	4	0.042948	0.049259	0.0022271
	5	0.042588	0.0479248	0.0021444
	6	0.040676	0.0467167	0.00209993
	7	0.051584	0.047412	0.00191159
	8	0.040356	0.04653	0.00186505
	9	0.048488	0.0467476	0.00167047
	10	0.056588	0.0477316	0.00176968
	11	0.05186	0.0481069	0.00164812
	12	0.061348	0.0492103	0.00184351
	13	0.060416	0.0500723	0.00189252
	14	0.04744	0.0498843	0.00176666
	15	0.036868	0.0490165	0.00184976
	16	0.04774	0.0489368	0.00173587
	17	0.051244	0.0490725	0.00163905
	18	0.05416	0.0493551	0.00157218
	19	0.044168	0.0490821	0.00151295
	20	0.038748	0.0485654	0.00152298
	1	0.045188	0.045188	0
	2	0.064772	0.05498	0.00692399
	3	0.04052	0.05016	0.00606594
	4	0.04478	0.048815	0.0046962
	5	0.03816	0.046684	0.0042128
	6	0.046388	0.0466347	0.00351096
	7	0.045748	0.046508	0.00301168
	8	0.053224	0.0473475	0.00274973
	9	0.056928	0.048412	0.00264223
	10	0.039624	0.0475332	0.00251992
	11	0.036896	0.0465662	0.00246942
	12	0.058484	0.0475593	0.00245524
	13	0.052816	0.0479637	0.00229943
	14	0.049408	0.0480669	0.0021375
	15	0.04382	0.0477837	0.00201366
	16	0.030208	0.0466852	0.00216681
	17	0.03824	0.0461885	0.00209553
	18	0.031748	0.0453862	0.00212714
	19	0.04972	0.0456143	0.00202738
	20	0.050712	0.0458692	0.00194196
	1	0.042396	0.042396	0
	2	0.0347	0.038548	0.00272095
	3	0.052292	0.0431293	0.00415727
	4	0.0378	0.041797	0.0033246
	5	0.047524	0.0429424	0.00285017
	6	0.052776	0.0445813	0.00280708
	7	0.050112	0.0453714	0.0025148
	8	0.061656	0.047407	0.00290991
	9	0.02892	0.0453529	0.00323125
	10	0.059616	0.0467792	0.00320751
	11	0.050116	0.0470825	0.00293023
	12	0.042648	0.046713	0.00270925
	13	0.053732	0.0472529	0.00255408
	14	0.026588	0.0457769	0.00276547
	15	0.059616	0.0466995	0.00273067
	16	0.067112	0.0479752	0.00284245
	17	0.046376	0.0478812	0.0026768
	18	0.058476	0.0484698	0.002592
	19	0.045168	0.048296	0.0024614
	20	0.050836	0.048423	0.0023416
	1	0.026872	0.026872	0
	2	0.0698	0.048336	0.0151773
	3	0.04448	0.0470507	0.0101725
	4	0.056832	0.049496	0.00791784
	5	0.037864	0.0471696	0.00666729
	6	0.053632	0.0482467	0.0056424
	7	0.041772	0.0473217	0.00491157
	8	0.051076	0.047791	0.00431998
	9	0.051492	0.0482022	0.00385951
	10	0.046872	0.0480692	0.00347585
	11	0.067284	0.049816	0.00357193
	12	0.039628	0.048967	0.00337366
	13	0.059956	0.0498123	0.0032183
	14	0.049968	0.0498234	0.00298844
	15	0.039096	0.0491083	0.00287351
	16	0.06246	0.0499428	0.00281248
	17	0.046444	0.0497369	0.00265456
	18	0.053864	0.0499662	0.00251696
	19	0.061148	0.0505547	0.00245233
	20	0.042152	0.0501346	0.00236543
	1	0.049828	0.049828	0
	2	0.038724	0.044276	0.00392586
	3	0.042812	0.043788	0.00264739
	4	0.052004	0.045842	0.00266582
	5	0.056968	0.0480672	0.00291709
	6	0.046444	0.0477967	0.00244342
	7	0.033364	0.0457349	0.00283375
	8	0.047108	0.0459065	0.00248472
	9	0.05584	0.0470102	0.0024415
	10	0.037136	0.0460228	0.00238869
	11	0.046172	0.0460364	0.00217158
	12	0.046304	0.0460587	0.00199073
	13	0.053964	0.0466668	0.00192824
	14	0.051068	0.0469811	0.00181595
	15	0.050968	0.0472469	0.00171423
	16	0.056572	0.0478297	0.00170329
	17	0.053004	0.0481341	0.00163006
	18	0.053764	0.0484469	0.00156922
	19	0.04628	0.0483328	0.00149077
	20	0.041172	0.0479748	0.00145859
	1	0.045812	0.045812	0
	2	0.050204	0.048008	0.00155281
	3	0.04988	0.048632	0.00115379
	4	0.036132	0.045507	0.00284131
	5	0.042636	0.0449328	0.00233035
	6	0.069584	0.0490413	0.00422349
	7	0.053132	0.0496257	0.00366034
	8	0.039448	0.0483535	0.00341674
	9	0.046196	0.0481138	0.0030455
	10	0.0564	0.0489424	0.00285145
	11	0.0441	0.0485022	0.00262599
	12	0.049676	0.0486	0.00240898
	13	0.052316	0.0488858	0.00224057
	14	0.057788	0.0495217	0.00216888
	15	0.045356	0.049244	0.00204199
	16	0.057168	0.0497393	0.00197351
	17	0.04972	0.0497381	0.00185742
	18	0.039364	0.0491618	0.00184148
	19	0.056332	0.0495392	0.00178281
	20	0.056492	0.0498868	0.00172723
	1	0.047072	0.047072	0
	2	0.041508	0.04429	0.00196717
	3	0.062692	0.050424	0.00517724
	4	0.050848	0.05053	0.00388402
	5	0.0618	0.052784	0.00370394
	6	0.045212	0.051522	0.00329461
	7	0.040668	0.0499714	0.00316788
	8	0.06012	0.05124	0.00301522
	9	0.05764	0.0519511	0.00276277
	10	0.050296	0.0517856	0.00249145
	11	0.062216	0.0527338	0.00243873
	12	0.056836	0.0530757	0.00225933
	13	0.05084	0.0529037	0.00209207
	14	0.044192	0.0522814	0.00203308
	15	0.058288	0.0526819	0.00193657
	16	0.055212	0.05284	0.00182198
	17	0.039664	0.0520649	0.00187242
	18	0.032544	0.0509804	0.00205864
	19	0.047008	0.0507714	0.00196088
	20	0.067656	0.0516156	0.00203648
	1	0.062184	0.062184	0
	2	0.0435	0.052842	0.00660579
	3	0.0552	0.053628	0.00445038
	4	0.056572	0.054364	0.0033981
	5	0.058236	0.0551384	0.00280533
	6	0.056328	0.0553367	0.00234477
	7	0.074696	0.0581023	0.00325504
	8	0.06238	0.058637	0.00289175
	9	0.058896	0.0586658	0.00257059
	10	0.038064	0.0566056	0.00302858
	11	0.048	0.0558233	0.00285251
	12	0.064476	0.0565443	0.0027044
	13	0.037648	0.0550908	0.00286045
	14	0.053864	0.0550031	0.00265748
	15	0.04932	0.0546243	0.00250717
	16	0.063672	0.0551897	0.0024134
	17	0.062496	0.0556195	0.00230939
	18	0.044864	0.055022	0.00225707
	19	0.06944	0.0557808	0.00226225
	20	0.059532	0.0559684	0.00215689
	1	0.06474	0.06474	0
	2	0.060324	0.062532	0.00156129
	3	0.07066	0.0652413	0.0024448
	4	0.055296	0.062755	0.00282816
	5	0.05504	0.061212	0.00265023
	6	0.054816	0.060146	0.00241341
	7	0.05692	0.0596851	0.00211218
	8	0.05826	0.059507	0.00185565
	9	0.04606	0.0580129	0.00216912
	10	0.05772	0.0579836	0.00195241
	11	0.039944	0.0563436	0.00236544
	12	0.052924	0.0560587	0.00218542
	13	0.056952	0.0561274	0.00201839
	14	0.064308	0.0567117	0.00195697
	15	0.061632	0.0570397	0.00185379
	16	0.048192	0.0564867	0.00181854
	17	0.049172	0.0560565	0.00176174
	18	0.058128	0.0561716	0.00166762
	19	0.051052	0.0559021	0.00160147
	20	0.054736	0.0558438	0.00152246
	1	0.06334	0.06334	0
	2	0.066936	0.065138	0.00127138
	3	0.041512	0.0572627	0.0064858
	4	0.047024	0.054703	0.00534564
	5	0.060268	0.055816	0.00439085
	6	0.059208	0.0563813	0.00369526
	7	0.045252	0.0547914	0.00349269
	8	0.059832	0.0554215	0.00311241
	9	0.04578	0.0543502	0.00294519
	10	0.073628	0.056278	0.00322037
	11	0.059412	0.0565629	0.00294018
	12	0.039972	0.0551803	0.00300269
	13	0.0533	0.0550357	0.00277519
	14	0.051816	0.0548057	0.00258648
	15	0.070688	0.0558645	0.00262183
	16	0.05386	0.0557392	0.00246095
	17	0.052672	0.0555588	0.0023228
	18	0.056124	0.0555902	0.00219396
	19	0.057364	0.0556836	0.00208048
	20	0.063276	0.0560632	0.00201079
	1	0.06252	0.06252	0
	2	0.05784	0.06018	0.00165463
	3	0.04812	0.05616	0.00346272
	4	0.052216	0.055174	0.00273382
	5	0.032808	0.0507008	0.00455969
	6	0.055664	0.051528	0.00387405
	7	0.055908	0.0521537	0.00337077
	8	0.046216	0.0514115	0.00303004
	9	0.046312	0.0508449	0.00274583
	10	0.067324	0.0524928	0.00292423
	11	0.075692	0.0546018	0.00333326
	12	0.057484	0.054842	0.00306413
	13	0.068108	0.0558625	0.00299353
	14	0.055404	0.0558297	0.00277989
	15	0.065576	0.0564795	0.00266942
	16	0.053	0.056262	0.00251142
	17	0.046388	0.0556812	0.00242993
	18	0.051568	0.0554527	0.00230565
	19	0.06852	0.0561404	0.00228457
	20	0.057336	0.0562002	0.00217113
	1	0.056116	0.056116	0
	2	0.051552	0.053834	0.00161362
	3	0.053096	0.053588	0.00109434
	4	0.059208	0.054993	0.0014677
	5	0.049744	0.0539432	0.00150344
	6	0.0624	0.0553527	0.00179587
	7	0.063148	0.0564663	0.0018527
	8	0.064764	0.0575035	0.00188927
	9	0.062028	0.0580062	0.00174495
	10	0.069844	0.05919	0.00193068
	11	0.056776	0.0589705	0.0017676
	12	0.042576	0.0576043	0.00208239
	13	0.054264	0.0573474	0.00193799
	14	0.062624	0.0577243	0.00183585
	15	0.049684	0.0571883	0.00179
	16	0.045564	0.0564617	0.0018196
	17	0.060296	0.0566873	0.00172649
	18	0.048684	0.0562427	0.00168685
	19	0.054072	0.0561284	0.00160194
	20	0.055748	0.0561094	0.00152195
	1	0.060876	0.060876	0
	2	0.046328	0.053602	0.00514349
	3	0.054456	0.0538867	0.00343686
	4	0.0387	0.05009	0.00417795
	5	0.051008	0.0502736	0.00334639
	6	0.066028	0.0528993	0.00367723
	7	0.069488	0.0552691	0.00384035
	8	0.052748	0.054954	0.00337321
	9	0.058464	0.055344	0.00302087
	10	0.054192	0.0552288	0.00272098
	11	0.072392	0.0567891	0.00288651
	12	0.059152	0.056986	0.00265268
	13	0.068016	0.0578345	0.00258075
	14	0.048196	0.057146	0.00248655
	15	0.055752	0.0570531	0.00232251
	16	0.061508	0.0573315	0.00219398
	17	0.051636	0.0569965	0.00209035
	18	0.038708	0.0559804	0.00220737
	19	0.05938	0.0561594	0.00209844
	20	0.071576	0.0569302	0.00213039
	1	0.065332	0.065332	0
	2	0.04682	0.056076	0.00654498
	3	0.050044	0.0540653	0.00466195
	4	0.062048	0.056061	0.00390029
	5	0.065364	0.0579216	0.00353628
	6	0.062636	0.0587073	0.00303294
	7	0.068104	0.0600497	0.00288146
	8	0.0516	0.0589935	0.00270795
	9	0.061592	0.0592822	0.00242241
	10	0.054004	0.0587544	0.00223693
	11	0.056944	0.0585898	0.00203962
	12	0.065552	0.05917	0.00195042
	13	0.051664	0.0585926	0.00188392
	14	0.060072	0.0586983	0.00175231
	15	0.056708	0.0585656	0.00164051
	16	0.070168	0.0592908	0.00169066
	17	0.046548	0.0585412	0.00174951
	18	0.06176	0.05872	0.00166142
	19	0.053808	0.0584615	0.00159397
	20	0.049292	0.058003	0.00157883
	1	0.066288	0.066288	0
	2	0.055232	0.06076	0.00390889
	3	0.063232	0.061584	0.00269137
	4	0.062188	0.061735	0.00202276
	5	0.047376	0.0588632	0.00303585
	6	0.060168	0.0590807	0.00253765
	7	0.045392	0.0571251	0.00283001
	8	0.058672	0.0573185	0.00248286
	9	0.06642	0.0583298	0.00240413
	10	0.056472	0.058144	0.00217088
	11	0.076716	0.0598324	0.00254681
	12	0.067852	0.0605007	0.00242067
	13	0.067344	0.0610271	0.00229099
	14	0.059212	0.0608974	0.00213101
	15	0.056612	0.0606117	0.00200801
	16	0.060592	0.0606105	0.00188251
	17	0.052788	0.0601504	0.00182714
	18	0.058616	0.0600651	0.00172762
	19	0.053756	0.0597331	0.0016683
	20	0.056724	0.0595826	0.00159166
	1	0.049016	0.049016	0
	2	0.073364	0.06119	0.00860832
	3	0.063976	0.0621187	0.00578875
	4	0.04776	0.058529	0.0053398
	5	0.066824	0.060188	0.00452222
	6	0.058888	0.0599713	0.0037737
	7	0.057352	0.0595971	0.0032531
	8	0.05938	0.05957	0.00284658
	9	0.051232	0.0586436	0.00267681
	10	0.071408	0.05992	0.00269634
	11	0.072656	0.0610778	0.00268834
	12	0.077464	0.0624433	0.00278964
	13	0.058152	0.0621132	0.00259451
	14	0.053028	0.0614643	0.00248902
	15	0.0695	0.062	0.00238004
	16	0.056388	0.0616492	0.00225698
	17	0.05536	0.0612793	0.00215433
	18	0.051352	0.0607278	0.00210405
	19	0.074028	0.0614278	0.00210654
	20	0.058152	0.061264	0.00200757
	1	0.058784	0.058784	0
	2	0.066676	0.06273	0.00279024
	3	0.057208	0.0608893	0.00239142
	4	0.086432	0.067275	0.00581373
	5	0.052932	0.0644064	0.00531175
	6	0.068816	0.0651413	0.00447702
	7	0.065696	0.0652206	0.00383814
	8	0.06738	0.0654905	0.00336785
	9	0.055212	0.0643484	0.0031814
	10	0.04996	0.0629096	0.00317199
	11	0.06122	0.062756	0.00288734
	12	0.048216	0.0615443	0.0028898
	13	0.056884	0.0611858	0.00268965
	14	0.073076	0.0620351	0.00262821
	15	0.08024	0.0632488	0.00271881
	16	0.064308	0.063315	0.00254969
	17	0.07638	0.0640835	0.00251287
	18	0.065176	0.0641442	0.002374
	19	0.061572	0.0640088	0.00225291
	20	0.048756	0.0632462	0.00226567
	1	0.075952	0.075952	0
	2	0.06476	0.070356	0.00395697
	3	0.059864	0.0668587	0.00388757
	4	0.053048	0.063406	0.00417634
	5	0.061704	0.0630656	0.00335492
	6	0.033728	0.058176	0.00526686
	7	0.068536	0.059656	0.00471781
	8	0.066736	0.060541	0.00421027
	9	0.054488	0.0598684	0.0037958
	10	0.0378	0.0576616	0.00400671
	11	0.0683	0.0586287	0.00375737
	12	0.063304	0.0590183	0.0034644
	13	0.056052	0.0587902	0.00320541
	14	0.071	0.0596623	0.00309282
	15	0.058892	0.0596109	0.00288706
	16	0.059228	0.059587	0.00270672
	17	0.081304	0.0608645	0.00283297
	18	0.048368	0.0601702	0.00275933
	19	0.070084	0.060692	0.00266298
	20	0.063156	0.0608152	0.00253268
	1	0.066568	0.066568	0
	2	0.074428	0.070498	0.00277893
	3	0.063412	0.068136	0.00267424
	4	0.054832	0.06481	0.00350991
	5	0.071356	0.0661192	0.00304231
	6	0.044064	0.0624433	0.00420566
	7	0.071952	0.0638017	0.00381792
	8	0.066388	0.064125	0.00335434
	9	0.084672	0.066408	0.00367738
	10	0.065704	0.0663376	0.00331032
	11	0.06542	0.0662542	0.00301043
	12	0.046376	0.0645977	0.00318285
	13	0.061516	0.0643606	0.00294683
	14	0.068832	0.06468	0.0027536
	15	0.064336	0.0646571	0.00257012
	16	0.051756	0.0638507	0.00253281
	17	0.07004	0.0642148	0.00240985
	18	0.064804	0.0642476	0.00227619
	19	0.078284	0.0649863	0.00227312
	20	0.057824	0.0646282	0.00218749
	1	0.06918	0.06918	0
	2	0.076636	0.072908	0.00263609
	3	0.04466	0.063492	0.00788643
	4	0.060416	0.062723	0.0059522
	5	0.07144	0.0644664	0.00501058
	6	0.057428	0.0632933	0.00431061
	7	0.0689	0.0640943	0.00376849
	8	0.056916	0.063197	0.00340257
	9	0.073936	0.0643902	0.00322696
	10	0.0587	0.0638212	0.002954
	11	0.08094	0.0653775	0.00306813
	12	0.054164	0.064443	0.00295133
	13	0.066204	0.0645785	0.00272741
	14	0.07154	0.0650757	0.00257753
	15	0.066612	0.0651781	0.00240772
	16	0.066484	0.0652598	0.00225862
	17	0.084388	0.0663849	0.00238966
	18	0.07646	0.0669447	0.00232152
	19	0.071756	0.0671979	0.00221311
	20	0.066436	0.0671598	0.00210278
	1	0.061224	0.061224	0
	2	0.072676	0.06695	0.00404889
	3	0.061908	0.0652693	0.00302805
	4	0.072224	0.067008	0.00272486
	5	0.050924	0.0637912	0.00360973
	6	0.0661	0.064176	0.00302855
	7	0.052252	0.0624726	0.00303741
	8	0.066844	0.063019	0.00270643
	9	0.060344	0.0627218	0.00242199
	10	0.065848	0.0630344	0.00219987
	11	0.068048	0.0634902	0.00204655
	12	0.06388	0.0635227	0.00187627
	13	0.065792	0.0636972	0.00174004
	14	0.07026	0.064166	0.00167771
	15	0.086428	0.0656501	0.00212314
	16	0.08032	0.066567	0.00217944
	17	0.065784	0.0665209	0.00205173
	18	0.073244	0.0668944	0.00197145
	19	0.072232	0.0671754	0.00188759
	20	0.070924	0.0673628	0.0018025
	1	0.073436	0.073436	0
	2	0.0612	0.067318	0.00432608
	3	0.06496	0.066532	0.00295459
	4	0.079384	0.069745	0.0035571
	5	0.067464	0.0692888	0.00287478
	6	0.059288	0.067622	0.00283802
	7	0.0628	0.0669331	0.0025148
	8	0.06422	0.066594	0.0022232
	9	0.06954	0.0669213	0.00200013
	10	0.088852	0.0691144	0.00275118
	11	0.062328	0.0684975	0.00256932
	12	0.075236	0.069059	0.00241579
	13	0.087272	0.07046	0.00260472
	14	0.084524	0.0714646	0.00260519
	15	0.077864	0.0718912	0.0024662
	16	0.073836	0.0720128	0.00231505
	17	0.071512	0.0719833	0.00217906
	18	0.067156	0.0717151	0.00207444
	19	0.086552	0.072496	0.00210712
	20	0.066836	0.072213	0.00202068
	1	0.06934	0.06934	0
	2	0.0789	0.07412	0.00337997
	3	0.073776	0.0740053	0.00225526
	4	0.068644	0.072665	0.00205143
	5	0.077368	0.0736056	0.00184421
	6	0.067568	0.0725993	0.00179045
	7	0.064496	0.0714417	0.00187186
	8	0.069448	0.0711925	0.00165438
	9	0.064636	0.070464	0.00162305
	10	0.064336	0.0698512	0.00157218
	11	0.092812	0.0719385	0.00245024
	12	0.074292	0.0721347	0.00225389
	13	0.05456	0.0707828	0.00245267
	14	0.07374	0.070994	0.00228656
	15	0.074	0.0711944	0.00214288
	16	0.051112	0.0699393	0.00234794
	17	0.06046	0.0693816	0.00227508
	18	0.07632	0.0697671	0.00218109
	19	0.084236	0.0705286	0.00219522
	20	0.073252	0.0706648	0.00208968
	1	0.070744	0.070744	0
	2	0.075232	0.072988	0.00158675
	3	0.0737	0.0732253	0.00107543
	4	0.080048	0.074931	0.00168301
	5	0.06092	0.0721288	0.00284512
	6	0.066048	0.0711153	0.00254504
	7	0.064996	0.0702411	0.00232676
	8	0.06452	0.069526	0.002143
	9	0.039552	0.0661956	0.00367261
	10	0.074164	0.0669924	0.00339069
	11	0.077896	0.0679836	0.00322408
	12	0.06216	0.0674983	0.00299171
	13	0.063456	0.0671874	0.00277769
	14	0.081544	0.0682129	0.0027621
	15	0.066496	0.0680984	0.00258033
	16	0.078824	0.0687687	0.00250462
	17	0.081556	0.0695209	0.00246766
	18	0.072664	0.0696956	0.00233673
	19	0.076084	0.0700318	0.00223781
	20	0.082892	0.0706748	0.00221637
	1	0.058728	0.058728	0
	2	0.076452	0.06759	0.00626638
	3	0.06702	0.0674	0.00418047
	4	0.086484	0.072171	0.00518674
	5	0.077688	0.0732744	0.00426514
	6	0.073128	0.07325	0.00355435
	7	0.066084	0.0722263	0.00319061
	8	0.081352	0.073367	0.00298875
	9	0.079412	0.0740387	0.0027311
	10	0.057568	0.0723916	0.0029126
	11	0.074588	0.0725913	0.00265465
	12	0.077632	0.0730113	0.00246644
	13	0.06998	0.0727782	0.00228771
	14	0.061864	0.0719986	0.00225322
	15	0.069648	0.0718419	0.00210845
	16	0.074708	0.072021	0.00198427
	17	0.076244	0.0722694	0.00188303
	18	0.074924	0.0724169	0.00178418
	19	0.060668	0.0717985	0.00179424
	20	0.066836	0.0715504	0.0017216
	1	0.056624	0.056624	0
	2	0.082292	0.069458	0.00907501
	3	0.060728	0.066548	0.00649984
	4	0.059696	0.064835	0.00509561
	5	0.0676	0.065388	0.00410639
	6	0.078664	0.0676007	0.00397365
	7	0.040608	0.0637446	0.00493417
	8	0.099052	0.068158	0.00597356
	9	0.07712	0.0691538	0.00539219
	10	0.072988	0.0695372	0.00486659
	11	0.06878	0.0694684	0.00442466
	12	0.068692	0.0694037	0.00405641
	13	0.06088	0.068748	0.003797
	14	0.089148	0.0702051	0.0037951
	15	0.078452	0.0707549	0.00358169
	16	0.087232	0.0717848	0.00350276
	17	0.074796	0.0719619	0.00330119
	18	0.05612	0.0710818	0.00323298
	19	0.080384	0.0715714	0.00309967
	20	0.06728	0.0713568	0.00295211
	1	0.0867	0.0867	0
	2	0.08732	0.08701	0.000219203
	3	0.075504	0.0831747	0.00313494
	4	0.07728	0.081701	0.00267525
	5	0.088824	0.0831256	0.00249079
	6	0.075112	0.08179	0.00240726
	7	0.054964	0.0779577	0.00410437
	8	0.062528	0.076029	0.00401902
	9	0.087788	0.0773356	0.00377888
	10	0.053696	0.0749716	0.00407384
	11	0.06696	0.0742433	0.00376803
	12	0.072912	0.0741323	0.00345566
	13	0.0789	0.0744991	0.00320925
	14	0.083316	0.0751289	0.00304118
	15	0.083164	0.0756645	0.00288523
	16	0.067044	0.0751257	0.00275475
	17	0.073104	0.0750068	0.00259527
	18	0.092224	0.0759633	0.00262143
	19	0.069096	0.0756019	0.00250826
	20	0.0766	0.0756518	0.00238334
	1	0.081892	0.081892	0
	2	0.047152	0.064522	0.0122824
	3	0.080928	0.0699907	0.00932661
	4	0.037528	0.061875	0.00991602
	5	0.064272	0.0623544	0.0079444
	6	0.082128	0.06565	0.00727184
	7	0.070592	0.066356	0.00626718
	8	0.078708	0.0679	0.00567079
	9	0.081236	0.0693818	0.00523071
	10	0.084112	0.0708548	0.00491067
	11	0.065216	0.0703422	0.00449092
	12	0.085516	0.0716067	0.00429101
	13	0.095152	0.0734178	0.00432631
	14	0.087792	0.0744446	0.00413733
	15	0.074696	0.0744613	0.00386154
	16	0.08278	0.0749813	0.00365503
	17	0.067496	0.0745409	0.00346645
	18	0.077036	0.0746796	0.00327664
	19	0.084232	0.0751823	0.00314252
	20	0.094108	0.0761286	0.00312462
	1	0.071652	0.071652	0
	2	0.091948	0.0818	0.00717572
	3	0.074696	0.079432	0.00515976
	4	0.096568	0.083716	0.00536097
	5	0.090572	0.0850872	0.00446069
	6	0.071872	0.0828847	0.00422617
	7	0.078484	0.082256	0.00366889
	8	0.060364	0.0795195	0.00410588
	9	0.09596	0.0813462	0.00403563
	10	0.091252	0.0823368	0.00375167
	11	0.097068	0.083676	0.00364179
	12	0.059988	0.081702	0.00383618
	13	0.081052	0.081652	0.00354141
	14	0.095452	0.0826377	0.00342289
	15	0.080332	0.082484	0.00319815
	16	0.067388	0.0815405	0.00313435
	17	0.1041	0.0828675	0.00321866
	18	0.069352	0.0821167	0.0031262
	19	0.093492	0.0827154	0.00301845
	20	0.080524	0.0826058	0.00286951
	1	0.090376	0.090376	0
	2	0.048108	0.069242	0.014944
	3	0.070956	0.0698133	0.00997358
	4	0.074364	0.070951	0.00754479
	5	0.075772	0.0719152	0.00609713
	6	0.088168	0.074624	0.00565072
	7	0.096232	0.0777109	0.00562376
	8	0.076236	0.0775265	0.00492381
	9	0.076748	0.07744	0.00437748
	10	0.07018	0.076714	0.00399948
	11	0.06346	0.0755091	0.00381308
	12	0.07934	0.0758283	0.00350866
	13	0.089976	0.0769166	0.00340336
	14	0.091092	0.0779291	0.00330745
	15	0.074572	0.0777053	0.00309452
	16	0.06242	0.07675	0.003045
	17	0.071248	0.0764264	0.00288303
	18	0.060268	0.0755287	0.00285921
	19	0.096196	0.0766164	0.00290828
	20	0.052772	0.0754242	0.00299729
	1	0.073868	0.073868	0
	2	0.080404	0.077136	0.00231082
	3	0.060868	0.0717133	0.00468795
	4	0.091372	0.076628	0.00552064
	5	0.074816	0.0762656	0.00442839
	6	0.084564	0.0776487	0.00390033
	7	0.083716	0.0785154	0.0034381
	8	0.082808	0.079052	0.00304992
	9	0.095	0.080824	0.00318447
	10	0.089792	0.0817208	0.00298963
	11	0.071052	0.0807509	0.00287086
	12	0.088472	0.0813943	0.00270277
	13	0.080388	0.0813169	0.00249597
	14	0.073664	0.0807703	0.00237679
	15	0.077228	0.0805341	0.00223004
	16	0.092912	0.0813077	0.0022208
	17	0.083888	0.0814595	0.00209534
	18	0.060868	0.0803156	0.00226984
	19	0.070892	0.0798196	0.00220389
	20	0.056368	0.078647	0.00238532
	1	0.089864	0.089864	0
	2	0.0774	0.083632	0.00440669
	3	0.084688	0.083984	0.00295182
	4	0.0874	0.084838	0.00233413
	5	0.080608	0.083992	0.0020148
	6	0.081832	0.083632	0.00171086
	7	0.079948	0.0831057	0.00154528
	8	0.109568	0.0864135	0.00337668
	9	0.083676	0.0861093	0.00301516
	10	0.098336	0.087332	0.00295115
	11	0.076016	0.0863033	0.00285654
	12	0.06224	0.084298	0.00324693
	13	0.080952	0.0840406	0.00300735
	14	0.078884	0.0836723	0.00281501
	15	0.091532	0.0841963	0.00267566
	16	0.076944	0.083743	0.00254654
	17	0.068396	0.0828402	0.00255175
	18	0.091212	0.0833053	0.002452
	19	0.07422	0.0828272	0.00236912
	20	0.108452	0.0841084	0.0025739
	1	0.078648	0.078648	0
	2	0.098996	0.088822	0.0071941
	3	0.093856	0.0905	0.00498793
	4	0.081996	0.088374	0.00416948
	5	0.0942	0.0895392	0.00349461
	6	0.099296	0.0911653	0.00326869
	7	0.077976	0.0892811	0.00330041
	8	0.07628	0.087656	0.00326354
	9	0.08952	0.0878631	0.00290749
	10	0.092184	0.0882952	0.00264865
	11	0.05898	0.0856302	0.00350064
	12	0.063168	0.0837583	0.00367546
	13	0.090952	0.0843117	0.00343413
	14	0.084144	0.0842997	0.00318886
	15	0.078296	0.0838995	0.00300128
	16	0.094424	0.0845573	0.00288488
	17	0.076844	0.0841035	0.00275063
	18	0.0928	0.0845867	0.00263991
	19	0.09908	0.0853495	0.00260885
	20	0.073104	0.0847372	0.00254924
	1	0.072096	0.072096	0
	2	0.06024	0.066168	0.00419173
	3	0.099548	0.0772947	0.00950496
	4	0.0805	0.078096	0.00716242
	5	0.06554	0.0755848	0.00615444
	6	0.101624	0.0799247	0.00648066
	7	0.103708	0.0833223	0.00638365
	8	0.075564	0.0823525	0.00565888
	9	0.089148	0.0831076	0.00508024
	10	0.06398	0.0811948	0.00491914
	11	0.11446	0.0842189	0.00532091
	12	0.112476	0.0865737	0.00537335
	13	0.065696	0.0849677	0.00519447
	14	0.087564	0.0851531	0.00482674
	15	0.094496	0.085776	0.00454497
	16	0.081632	0.085517	0.00426828
	17	0.096924	0.086188	0.00406961
	18	0.08524	0.0861353	0.00384386
	19	0.090008	0.0863392	0.00364695
	20	0.084168	0.0862306	0.00346622
	1	0.104732	0.104732	0
	2	0.07222	0.088476	0.0114947
	3	0.091624	0.0895253	0.0077109
	4	0.083788	0.088091	0.00591507
	5	0.093716	0.089216	0.00483786
	6	0.074452	0.0867553	0.0046151
	7	0.10824	0.0898246	0.00487061
	8	0.07324	0.0877515	0.00468222
	9	0.094536	0.0885053	0.00422222
	10	0.076984	0.0873532	0.00395407
	11	0.10458	0.0889193	0.00389241
	12	0.078676	0.0880657	0.00366044
	13	0.113432	0.0900169	0.0038641
	14	0.085256	0.0896769	0.00360303
	15	0.079952	0.0890285	0.00342066
	16	0.094004	0.0893395	0.00322097
	17	0.092708	0.0895376	0.00303759
	18	0.075008	0.0887304	0.00297415
	19	0.116812	0.0902084	0.00316361
	20	0.09128	0.090262	0.00300588
	1	0.087824	0.087824	0
	2	0.070572	0.079198	0.0060995
	3	0.1064	0.0882653	0.00844666
	4	0.071784	0.084145	0.00727084
	5	0.093004	0.0859168	0.00602869
	6	0.092616	0.0870333	0.00512625
	7	0.07462	0.08526	0.00469064
	8	0.101252	0.087259	0.0045102
	9	0.092676	0.0878609	0.00404903
	10	0.085108	0.0875856	0.00365347
	11	0.100224	0.0887345	0.00349733
	12	0.107176	0.0902713	0.00352741
	13	0.063612	0.0882206	0.00380578
	14	0.09226	0.0885091	0.00354486
	15	0.11832	0.0904965	0.00382528
	16	0.082556	0.0900003	0.00361825
	17	0.099856	0.09058	0.00345155
	18	0.102412	0.0912373	0.0033218
	19	0.071716	0.0902099	0.00330204
	20	0.08198	0.0897984	0.00316248
	1	0.098992	0.098992	0
	2	0.083844	0.091418	0.00535563
	3	0.077612	0.086816	0.00518332
	4	0.089924	0.087593	0.0039453
	5	0.116784	0.0934312	0.0061016
	6	0.076812	0.0906613	0.00567867
	7	0.08028	0.0891783	0.00505738
	8	0.1275	0.0939685	0.00629765
	9	0.105212	0.0952178	0.00572048
	10	0.101664	0.0958624	0.00518462
	11	0.095392	0.0958196	0.00471347
	12	0.104548	0.096547	0.00437644
	13	0.099596	0.0967815	0.00404607
	14	0.087892	0.0961466	0.00380657
	15	0.088524	0.0956384	0.00358655
	16	0.09044	0.0953135	0.00337708
	17	0.082044	0.0945329	0.00326739
	18	0.105628	0.0951493	0.00314347
	19	0.078536	0.0942749	0.00309725
	20	0.082632	0.0936928	0.0029966
	1	0.10756	0.10756	0
	2	0.090744	0.099152	0.00594535
	3	0.091604	0.096636	0.00446431
	4	0.107164	0.099268	0.00405046
	5	0.1312	0.105654	0.00656726
	6	0.084424	0.102116	0.00635485
	7	0.09888	0.101654	0.00546381
	8	0.114584	0.10327	0.0050142
	9	0.088072	0.101581	0.00473288
	10	0.100624	0.101486	0.00426056
	11	0.101652	0.101501	0.00387326
	12	0.066688	0.0985997	0.00450786
	13	0.093108	0.0981772	0.00418085
	14	0.08256	0.0970617	0.00402829
	15	0.105892	0.0976504	0.00380251
	16	0.115848	0.0987878	0.00373107
	17	0.093044	0.0984499	0.00352686
	18	0.119536	0.0996213	0.0035201
	19	0.093312	0.0992893	0.00335046
	20	0.092848	0.0989672	0.00319838
	1	0.1001	0.1001	0
	2	0.101148	0.100624	0.000370524
	3	0.108684	0.103311	0.00220752
	4	0.104156	0.103522	0.00166572
	5	0.083488	0.0995152	0.00382352
	6	0.081708	0.0965473	0.0041824
	7	0.097908	0.0967417	0.00358943
	8	0.102312	0.097438	0.00320758
	9	0.108428	0.0986591	0.00307484
	10	0.105564	0.0993496	0.00284383
	11	0.0871	0.098236	0.00279484
	12	0.081144	0.0968117	0.00290227
	13	0.121308	0.098696	0.00323338
	14	0.10086	0.0988506	0.00300612
	15	0.098636	0.0988363	0.00280574
	16	0.102436	0.0990612	0.00263939
	17	0.104456	0.0993786	0.00250313
	18	0.116992	0.100357	0.00254816
	19	0.081904	0.0993859	0.00259254
	20	0.109308	0.099882	0.00250993
	1	0.074148	0.074148	0
	2	0.1113	0.092724	0.0131352
	3	0.103844	0.0964307	0.00926506
	4	0.08016	0.092363	0.00779071
	5	0.076132	0.0891168	0.00687569
	6	0.096704	0.0903813	0.00584487
	7	0.094724	0.0910017	0.00504271
	8	0.113528	0.0938175	0.00513873
	9	0.109204	0.0955271	0.00484381
	10	0.10688	0.0966624	0.0044905
	11	0.091696	0.0962109	0.00410491
	12	0.117652	0.0979977	0.00413344
	13	0.122976	0.0999191	0.0042386
	14	0.086932	0.0989914	0.00403608
	15	0.080836	0.0977811	0.00394432
	16	0.1027	0.0980885	0.00370976
	17	0.086488	0.0974061	0.00355375
	18	0.09722	0.0973958	0.00335633
	19	0.073476	0.0961368	0.00340762
	20	0.108932	0.0967766	0.00329675
	1	0.100188	0.100188	0
	2	0.079584	0.089886	0.00728461
	3	0.099632	0.0931347	0.00553359
	4	0.089512	0.092229	0.00422366
	5	0.121928	0.0981688	0.0062962
	6	0.141924	0.105461	0.00847625
	7	0.095048	0.103974	0.00739474
	8	0.110016	0.104729	0.00650886
	9	0.122016	0.10665	0.00606244
	10	0.101668	0.106152	0.00547663
	11	0.133324	0.108622	0.00550774
	12	0.116864	0.109309	0.00509141
	13	0.102172	0.10876	0.00472927
	14	0.113908	0.109127	0.00440574
	15	0.089068	0.10779	0.0043102
	16	0.123256	0.108757	0.00414779
	17	0.12712	0.109837	0.00404201
	18	0.110244	0.10986	0.00381752
	19	0.117856	0.11028	0.00363972
	20	0.105196	0.110026	0.0034666
	1	0.100924	0.100924	0
	2	0.1135	0.107212	0.00444629
	3	0.084668	0.0996973	0.00681419
	4	0.073528	0.093155	0.00763022
	5	0.12594	0.099712	0.00846501
	6	0.112008	0.101761	0.00729803
	7	0.090744	0.100187	0.00642292
	8	0.1029	0.100527	0.005629
	9	0.111984	0.1018	0.0051455
	10	0.0979	0.10141	0.0046457
	11	0.109032	0.102103	0.00427473
	12	0.062132	0.0987717	0.00505222
	13	0.11402	0.0999446	0.00479781
	14	0.10714	0.100459	0.00448255
	15	0.116236	0.10151	0.00430535
	16	0.100744	0.101462	0.00403654
	17	0.100544	0.101408	0.00379945
	18	0.123488	0.102635	0.0037812
	19	0.097304	0.102355	0.00359259
	20	0.095444	0.102009	0.00342953
	1	0.113124	0.113124	0
	2	0.09342	0.103272	0.00696642
	3	0.110848	0.105797	0.00508142
	4	0.096728	0.10353	0.00428717
	5	0.137752	0.110374	0.0070171
	6	0.097416	0.108215	0.00617101
	7	0.107608	0.108128	0.00529004
	8	0.126232	0.110391	0.00508986
	9	0.102076	0.109467	0.00460741
	10	0.102728	0.108793	0.00419566
	11	0.130912	0.110804	0.00426898
	12	0.110424	0.110772	0.00391335
	13	0.09578	0.109619	0.00377843
	14	0.111152	0.109729	0.00351013
	15	0.11288	0.109939	0.0032824
	16	0.111572	0.110041	0.00307884
	17	0.111068	0.110101	0.00289832
	18	0.096492	0.109345	0.00283421
	19	0.1079	0.109269	0.00268606
	20	0.111972	0.109404	0.00255515
	1	0.121508	0.121508	0
	2	0.095168	0.108338	0.0093126
	3	0.11228	0.109652	0.00630042
	4	0.104252	0.108302	0.0048678
	5	0.104188	0.107479	0.00396317
	6	0.103564	0.106827	0.00335593
	7	0.089444	0.104343	0.00368237
	8	0.0955	0.103238	0.00338393
	9	0.137396	0.107033	0.00467459
	10	0.118428	0.108173	0.00434378
	11	0.105896	0.107966	0.00395382
	12	0.11506	0.108557	0.00366827
	13	0.099204	0.107838	0.00345593
	14	0.097352	0.107089	0.00328923
	15	0.104916	0.106944	0.00307314
	16	0.105584	0.106859	0.00288224
	17	0.11494	0.107334	0.00275162
	18	0.109296	0.107443	0.00260091
	19	0.155784	0.109987	0.00349341
	20	0.126324	0.110804	0.0034129
	1	0.096672	0.096672	0
	2	0.110156	0.103414	0.00476731
	3	0.114836	0.107221	0.00444577
	4	0.117488	0.109788	0.00400732
	5	0.126092	0.113049	0.00433402
	6	0.098788	0.110672	0.0042133
	7	0.11182	0.110836	0.00361459
	8	0.11032	0.110771	0.00316334
	9	0.129788	0.112884	0.00344602
	10	0.129332	0.114529	0.00347181
	11	0.100568	0.11326	0.00338023
	12	0.118276	0.113678	0.00312429
	13	0.105556	0.113053	0.00294576
	14	0.103644	0.112381	0.00281097
	15	0.113096	0.112429	0.00262398
	16	0.103272	0.111856	0.00252162
	17	0.135296	0.113235	0.00272429
	18	0.118844	0.113547	0.0025907
	19	0.1065	0.113176	0.00248075
	20	0.09022	0.112028	0.00260877
	1	0.127444	0.127444	0
	2	0.119796	0.12362	0.00270398
	3	0.125076	0.124105	0.00184569
	4	0.122552	0.123717	0.00142454
	5	0.092192	0.117412	0.00575336
	6	0.119188	0.117708	0.00480208
	7	0.090788	0.113862	0.00544231
	8	0.088228	0.110658	0.0056268
	9	0.114176	0.111049	0.00501516
	10	0.118072	0.111751	0.00456255
	11	0.113216	0.111884	0.00414972
	12	0.104984	0.111309	0.00384354
	13	0.123432	0.112242	0.00365926
	14	0.081496	0.110046	0.00400301
	15	0.101324	0.109464	0.00377814
	16	0.11802	0.109999	0.00357964
	17	0.112296	0.110134	0.00337163
	18	0.137636	0.111662	0.00351349
	19	0.11806	0.111999	0.00334466
	20	0.12356	0.112577	0.003227
	1	0.124948	0.124948	0
	2	0.085196	0.105072	0.0140545
	3	0.099584	0.103243	0.00948794
	4	0.120172	0.107475	0.00800446
	5	0.14154	0.114288	0.00883964
	6	0.08786	0.109883	0.00839231
	7	0.08874	0.106863	0.00771784
	8	0.12792	0.109495	0.00718796
	9	0.137952	0.112657	0.00705052
	10	0.117496	0.113141	0.00636205
	11	0.122324	0.113976	0.0058382
	12	0.106028	0.113313	0.00538912
	13	0.113912	0.113359	0.00497477
	14	0.094408	0.112006	0.00480007
	15	0.106968	0.11167	0.0044918
	16	0.086524	0.110098	0.00447757
	17	0.11298	0.110268	0.00421739
	18	0.134408	0.111609	0.00419091
	19	0.097588	0.110871	0.00403478
	20	0.11874	0.111264	0.00385218
	1	0.099488	0.099488	0
	2	0.093488	0.096488	0.00212132
	3	0.098516	0.097164	0.00151811
	4	0.10822	0.099928	0.00265069
	5	0.09012	0.0979664	0.00275228
	6	0.133764	0.103933	0.00590966
	7	0.0979	0.103071	0.00512787
	8	0.15498	0.109559	0.00754797
	9	0.113676	0.110017	0.00672315
	10	0.09676	0.108691	0.00618016
	11	0.134564	0.111043	0.00604937
	12	0.082364	0.108653	0.00599881
	13	0.102084	0.108148	0.0055586
	14	0.140436	0.110454	0.00561967
	15	0.115108	0.110765	0.00525359
	16	0.111836	0.110832	0.00492566
	17	0.133004	0.112136	0.0048055
	18	0.126372	0.112927	0.00460315
	19	0.140876	0.114398	0.00458991
	20	0.113924	0.114374	0.00436047
	1	0.112572	0.112572	0
	2	0.117384	0.114978	0.0017013
	3	0.12428	0.118079	0.00277414
	4	0.106788	0.115256	0.00321006
	5	0.092852	0.110775	0.00475993
	6	0.116532	0.111735	0.00406216
	7	0.124728	0.113591	0.00388285
	8	0.1393	0.116804	0.00453647
	9	0.151652	0.120676	0.00543935
	10	0.13022	0.121631	0.00497843
	11	0.111024	0.120667	0.00461829
	12	0.098048	0.118782	0.00460202
	13	0.123276	0.119127	0.00426099
	14	0.09632	0.117498	0.00425668
	15	0.119364	0.117623	0.00397472
	16	0.118116	0.117653	0.00372642
	17	0.096356	0.116401	0.00371184
	18	0.106428	0.115847	0.00354673
	19	0.147588	0.117517	0.00373283
	20	0.137564	0.11852	0.0036783
	1	0.100152	0.100152	0
	2	0.107332	0.103742	0.00253851
	3	0.160364	0.122616	0.0155032
	4	0.143888	0.127934	0.0125063
	5	0.171716	0.13669	0.0127059
	6	0.137976	0.136905	0.0105901
	7	0.10076	0.131741	0.0102591
	8	0.14278	0.133121	0.00906902
	9	0.102788	0.129751	0.00866501
	10	0.11106	0.127882	0.00799755
	11	0.123756	0.127507	0.00727929
	12	0.13122	0.127816	0.00667925
	13	0.139292	0.128699	0.00622353
	14	0.131216	0.128879	0.00578159
	15	0.141176	0.129698	0.00545396
	16	0.11818	0.128978	0.00516038
	17	0.105908	0.127621	0.00503211
	18	0.145636	0.128622	0.00485105
	19	0.125192	0.128442	0.00459909
	20	0.109164	0.127478	0.004469
	1	0.094012	0.094012	0
	2	0.118208	0.10611	0.00855458
	3	0.158676	0.123632	0.0154015
	4	0.122832	0.123432	0.0115524
	5	0.146812	0.128108	0.0101442
	6	0.117004	0.126257	0.00862067
	7	0.116492	0.124862	0.00750117
	8	0.144148	0.127273	0.0069401
	9	0.1663	0.131609	0.00740073
	10	0.116576	0.130106	0.00681163
	11	0.131952	0.130274	0.00619446
	12	0.128212	0.130102	0.00568064
	13	0.153808	0.131926	0.00552861
	14	0.133712	0.132053	0.00513518
	15	0.107584	0.130422	0.00504529
	16	0.12836	0.130293	0.0047316
	17	0.114196	0.129346	0.00454703
	18	0.11594	0.128601	0.00435499
	19	0.13994	0.129198	0.00416647
	20	0.148088	0.130143	0.00406379
	1	0.122384	0.122384	0
	2	0.133984	0.128184	0.00410122
	3	0.14116	0.132509	0.00446631
	4	0.123312	0.13021	0.00389691
	5	0.13304	0.130776	0.00315836
	6	0.169292	0.137195	0.00642395
	7	0.110704	0.133411	0.00652648
	8	0.162312	0.137024	0.00663563
	9	0.14672	0.138101	0.00598516
	10	0.093168	0.133608	0.00686925
	11	0.131	0.133371	0.00624886
	12	0.133276	0.133363	0.00572813
	13	0.128416	0.132982	0.00530013
	14	0.122908	0.132263	0.00497015
	15	0.142392	0.132938	0.00468446
	16	0.169056	0.135195	0.00490553
	17	0.138284	0.135377	0.00462033
	18	0.157268	0.136593	0.00452087
	19	0.125812	0.136026	0.00431839
	20	0.14142	0.136295	0.00411089
	1	0.14014	0.14014	0
	2	0.115916	0.128028	0.00856448
	3	0.109276	0.121777	0.00765816
	4	0.120212	0.121386	0.00575361
	5	0.127224	0.122554	0.00471987
	6	0.081528	0.115716	0.00737773
	7	0.145984	0.12004	0.00748439
	8	0.122568	0.120356	0.00655551
	9	0.146612	0.123273	0.00644364
	10	0.149408	0.125887	0.00630704
	11	0.15812	0.128817	0.00637817
	12	0.154176	0.13093	0.00618684
	13	0.184904	0.135082	0.00696609
	14	0.1268	0.134491	0.00649358
	15	0.162304	0.136345	0.00631987
	16	0.131504	0.136042	0.00593211
	17	0.106588	0.13431	0.0058307
	18	0.167512	0.136154	0.0057912
	19	0.119272	0.135266	0.00555414
	20	0.1442	0.135712	0.00529437
	1	0.104844	0.104844	0
	2	0.121248	0.113046	0.00579969
	3	0.119116	0.115069	0.00420461
	4	0.118776	0.115996	0.00325397
	5	0.111244	0.115046	0.00273846
	6	0.12114	0.116061	0.00246323
	7	0.164004	0.12291	0.00668317
	8	0.117904	0.122285	0.005877
	9	0.137292	0.123952	0.00545543
	10	0.144884	0.126045	0.00529626
	11	0.108108	0.124415	0.00505959
	12	0.120024	0.124049	0.00465117
	13	0.1753	0.127991	0.0057254
	14	0.108856	0.126624	0.00547715
	15	0.128788	0.126769	0.00511391
	16	0.108892	0.125651	0.00491483
	17	0.169612	0.128237	0.00526222
	18	0.133172	0.128511	0.00497701
	19	0.144868	0.129372	0.00478894
	20	0.13772	0.12979	0.00456764
	1	0.152436	0.152436	0
	2	0.13676	0.144598	0.0055423
	3	0.137292	0.142163	0.00419594
	4	0.15542	0.145477	0.00425934
	5	0.180988	0.152579	0.0072086
	6	0.14698	0.151646	0.00606727
	7	0.13838	0.149751	0.00548852
	8	0.136428	0.148086	0.00504879
	9	0.13012	0.146089	0.00486646
	10	0.153948	0.146875	0.00444281
	11	0.177256	0.149637	0.00482156
	12	0.160248	0.150521	0.00450012
	13	0.162164	0.151417	0.00424214
	14	0.154864	0.151663	0.00394627
	15	0.1254	0.149912	0.00405303
	16	0.120736	0.148089	0.00418989
	17	0.146188	0.147977	0.00394492
	18	0.13952	0.147507	0.00375363
	19	0.185088	0.149485	0.00404376
	20	0.121796	0.148101	0.00407168
	1	0.1386	0.1386	0
	2	0.180224	0.159412	0.0147163
	3	0.17428	0.164368	0.0106126
	4	0.148852	0.160489	0.00863934
	5	0.131792	0.15475	0.00860935
	6	0.154864	0.154769	0.00717448
	7	0.13738	0.152285	0.00656553
	8	0.138236	0.150529	0.00597508
	9	0.148332	0.150284	0.00531616
	10	0.148656	0.150122	0.00478704
	11	0.16456	0.151434	0.00452823
	12	0.130192	0.149664	0.00448355
	13	0.180152	0.152009	0.00471227
	14	0.186024	0.154439	0.00496266
	15	0.204624	0.157785	0.0056481
	16	0.13464	0.156338	0.0054772
	17	0.152532	0.156114	0.00515959
	18	0.152948	0.155938	0.00487594
	19	0.109652	0.153502	0.00519234
	20	0.148088	0.153231	0.00493977
	1	0.161484	0.161484	0
	2	0.141028	0.151256	0.00723229
	3	0.168732	0.157081	0.00677275
	4	0.171496	0.160685	0.00596169
	5	0.171836	0.162915	0.0051697
	6	0.156812	0.161898	0.00440702
	7	0.142192	0.159083	0.00458933
	8	0.156352	0.158742	0.00402834
	9	0.142608	0.156949	0.00395956
	10	0.147436	0.155998	0.00367611
	11	0.150924	0.155536	0.00337073
	12	0.102888	0.151149	0.00521459
	13	0.1352	0.149922	0.00495569
	14	0.160776	0.150697	0.00466196
	15	0.141128	0.150059	0.00439459
	16	0.161656	0.150784	0.00417927
	17	0.188296	0.152991	0.00447822
	18	0.201748	0.1557	0.00498173
	19	0.172944	0.156607	0.0048015
	20	0.1421	0.155882	0.00461589
	1	0.19724	0.19724	0
	2	0.20834	0.20279	0.00392444
	3	0.16236	0.189313	0.0113104
	4	0.149568	0.179377	0.0120833
	5	0.16034	0.17557	0.0102489
	6	0.183388	0.176873	0.00862323
	7	0.168388	0.175661	0.00747604
	8	0.155148	0.173097	0.00696738
	9	0.135608	0.168931	0.00733339
	10	0.137324	0.16577	0.00724926
	11	0.16816	0.165988	0.00659349
	12	0.12524	0.162592	0.00686293
	13	0.162852	0.162612	0.00633504
	14	0.172192	0.163296	0.00591938
	15	0.147304	0.16223	0.00561995
	16	0.172152	0.16285	0.0053028
	17	0.157136	0.162514	0.00500152
	18	0.197924	0.164481	0.00509587
	19	0.138288	0.163103	0.00501067
	20	0.1426	0.162078	0.00486387
	1	0.123572	0.123572	0
	2	0.153788	0.13868	0.010683
	3	0.149476	0.142279	0.0077043
	4	0.142256	0.142273	0.00577822
	5	0.1542	0.144658	0.0050912
	6	0.151432	0.145787	0.00436604
	7	0.17214	0.149552	0.005114
	8	0.175928	0.152849	0.0054346
	9	0.204292	0.158565	0.00723722
	10	0.156348	0.158343	0.0065169
	11	0.13124	0.155879	0.00637324
	12	0.163248	0.156493	0.00587164
	13	0.133176	0.1547	0.00568734
	14	0.13698	0.153434	0.00542011
	15	0.192024	0.156007	0.00563636
	16	0.203956	0.159004	0.00602837
	17	0.205064	0.161713	0.00625306
	18	0.17264	0.16232	0.00593506
	19	0.15874	0.162132	0.00562568
	20	0.181056	0.163078	0.00542339
	1	0.123332	0.123332	0
	2	0.170316	0.146824	0.0166114
	3	0.172588	0.155412	0.0131075
	4	0.22132	0.171889	0.017328
	5	0.179668	0.173445	0.0139321
	6	0.137864	0.167515	0.0128101
	7	0.1948	0.171413	0.0115579
	8	0.157448	0.169667	0.0102442
	9	0.153104	0.167827	0.00926975
	10	0.168556	0.1679	0.00834306
	11	0.149744	0.166249	0.00774614
	12	0.174	0.166895	0.00712751
	13	0.162052	0.166522	0.00658897
	14	0.181772	0.167612	0.00620771
	15	0.162696	0.167284	0.00580251
	16	0.16828	0.167346	0.00544018
	17	0.217744	0.170311	0.00587264
	18	0.186916	0.171233	0.00561837
	19	0.209472	0.173246	0.00567168
	20	0.202724	0.17472	0.00557632
	1	0.183596	0.183596	0
	2	0.16312	0.173358	0.00723936
	3	0.20186	0.182859	0.00913607
	4	0.165732	0.178577	0.00779103
	5	0.153692	0.1736	0.00765927
	6	0.22106	0.18151	0.00963739
	7	0.136452	0.175073	0.0101859
	8	0.173364	0.17486	0.00891488
	9	0.161528	0.173378	0.00804646
	10	0.190004	0.175041	0.00741158
	11	0.178476	0.175353	0.00674438
	12	0.179588	0.175706	0.00619157
	13	0.193436	0.17707	0.00586359
	14	0.136376	0.174163	0.00612298
	15	0.1727	0.174066	0.00571555
	16	0.181956	0.174559	0.00537956
	17	0.16726	0.174129	0.00508022
	18	0.143336	0.172419	0.00507787
	19	0.179892	0.172812	0.00482582
	20	0.192748	0.173809	0.00468635
	1	0.179764	0.179764	0
	2	0.201092	0.190428	0.00754059
	3	0.149948	0.176935	0.01211
	4	0.176452	0.176814	0.00908308
	5	0.17292	0.176035	0.00729977
	6	0.24592	0.187683	0.0122498
	7	0.14726	0.181908	0.0117826
	8	0.149016	0.177796	0.0110038
	9	0.188752	0.179014	0.00984821
	10	0.159916	0.177104	0.00904667
	11	0.177008	0.177095	0.00822425
	12	0.18532	0.177781	0.0075674
	13	0.170764	0.177241	0.00700452
	14	0.186068	0.177871	0.00653251
	15	0.194144	0.178956	0.00618643
	16	0.141628	0.176623	0.00622416
	17	0.167128	0.176065	0.00588304
	18	0.219232	0.178463	0.00602522
	19	0.2075	0.179991	0.00589873
	20	0.13976	0.17798	0.00593688
	1	0.227568	0.227568	0
	2	0.199704	0.213636	0.00985141
	3	0.237708	0.22166	0.00927667
	4	0.200936	0.216479	0.00827882
	5	0.210608	0.215305	0.00670581
	6	0.202156	0.213113	0.00593547
	7	0.196936	0.210802	0.00551915
	8	0.223912	0.212441	0.0050667
	9	0.201564	0.211232	0.00464564
	10	0.219568	0.212066	0.0042552
	11	0.237148	0.214346	0.00443743
	12	0.193888	0.212641	0.00438293
	13	0.145668	0.20749	0.00639278
	14	0.187164	0.206038	0.00609879
	15	0.209768	0.206286	0.00569727
	16	0.218568	0.207054	0.00539265
	17	0.139648	0.203089	0.00636843
	18	0.169548	0.201226	0.00628133
	19	0.170256	0.199596	0.00615859
	20	0.241836	0.201708	0.00620224
	1	0.187376	0.187376	0
	2	0.188244	0.18781	0.000306884
	3	0.18826	0.18796	0.000238447
	4	0.16222	0.181525	0.00557574
	5	0.236616	0.192543	0.0108175
	6	0.263056	0.204295	0.0140127
	7	0.21202	0.205399	0.0120543
	8	0.19466	0.204057	0.010622
	9	0.16668	0.199904	0.0102214
	10	0.21622	0.201535	0.00932859
	11	0.188612	0.20036	0.00855419
	12	0.179672	0.198636	0.00801319
	13	0.235884	0.201502	0.00789243
	14	0.215744	0.202519	0.00739396
	15	0.196336	0.202107	0.00691251
	16	0.211024	0.202664	0.00650291
	17	0.18496	0.201623	0.00620321
	18	0.200624	0.201567	0.00585884
	19	0.256064	0.204435	0.00621303
	20	0.177428	0.203085	0.00604734
	1	0.26924	0.26924	0
	2	0.285076	0.277158	0.00559887
	3	0.155472	0.236596	0.0333284
	4	0.2533	0.240772	0.0252566
	5	0.199224	0.232462	0.0215289
	6	0.242024	0.234056	0.0179996
	7	0.21346	0.231114	0.0156669
	8	0.20428	0.22776	0.014063
	9	0.207728	0.225534	0.0126753
	10	0.22076	0.225056	0.0114168
	11	0.188312	0.221716	0.0108566
	12	0.147648	0.215544	0.0115742
	13	0.22382	0.21618	0.0107014
	14	0.192312	0.214475	0.0100719
	15	0.212744	0.21436	0.0094011
	16	0.15662	0.210751	0.0094809
	17	0.209812	0.210696	0.00892336
	18	0.184452	0.209238	0.0085459
	19	0.19248	0.208356	0.0081415
	20	0.18416	0.207146	0.0078238
	1	0.219596	0.219596	0
	2	0.196536	0.208066	0.00815294
	3	0.191112	0.202415	0.00712981
	4	0.225628	0.208218	0.00733847
	5	0.230548	0.212684	0.00710086
	6	0.219084	0.213751	0.00599696
	7	0.176824	0.208475	0.00709048
	8	0.178488	0.204727	0.00712644
	9	0.232312	0.207792	0.00696259
	10	0.1372	0.200733	0.00917148
	11	0.231124	0.203496	0.00874395
	12	0.168028	0.20054	0.00850016
	13	0.224496	0.202383	0.00804357
	14	0.206016	0.202642	0.00747321
	15	0.173652	0.20071	0.00722059
	16	0.150012	0.197541	0.00743209
	17	0.226972	0.199272	0.00719372
	18	0.238216	0.201436	0.00711198
	19	0.241188	0.203528	0.00703869
	20	0.183428	0.202523	0.00675812
	1	0.194692	0.194692	0
	2	0.19892	0.196806	0.00149482
	3	0.2061	0.199904	0.00271873
	4	0.186336	0.196512	0.00357589
	5	0.185404	0.19429	0.00348311
	6	0.206792	0.196374	0.00347028
	7	0.204152	0.197485	0.00314739
	8	0.232736	0.201892	0.00495715
	9	0.205372	0.202278	0.00442141
	10	0.183528	0.200403	0.00435876
	11	0.204208	0.200749	0.00397621
	12	0.193468	0.200142	0.00369086
	13	0.277912	0.206125	0.00668147
	14	0.227824	0.207675	0.00638147
	15	0.241808	0.20995	0.00634881
	16	0.29606	0.215332	0.00791079
	17	0.265312	0.218272	0.00797307
	18	0.252064	0.220149	0.00774799
	19	0.201424	0.219164	0.00740262
	20	0.208468	0.218629	0.00705178
	1	0.265416	0.265416	0
	2	0.191532	0.228474	0.0261219
	3	0.216368	0.224439	0.0177236
	4	0.23878	0.228024	0.0136505
	5	0.19866	0.222151	0.012118
	6	0.196668	0.217904	0.0108171
	7	0.23052	0.219706	0.00942074
	8	0.223832	0.220222	0.00825725
	9	0.238136	0.222212	0.00757588
	10	0.223316	0.222323	0.0068191
	11	0.177496	0.218248	0.00731622
	12	0.243464	0.220349	0.00700181
	13	0.2251	0.220714	0.00647274
	14	0.270916	0.2243	0.00693287
	15	0.173936	0.220943	0.00723821
	16	0.207068	0.220076	0.00683757
	17	0.23674	0.221056	0.00650525
	18	0.191804	0.219431	0.00634358
	19	0.217284	0.219318	0.00601072
	20	0.24656	0.22068	0.00586249
	1	0.267796	0.267796	0
	2	0.266908	0.267352	0.000313955
	3	0.219312	0.251339	0.0130765
	4	0.23336	0.246844	0.0105516
	5	0.251156	0.247706	0.00847645
	6	0.237168	0.24595	0.00724339
	7	0.261572	0.248182	0.0065434
	8	0.24308	0.247544	0.00575646
	9	0.164096	0.238272	0.0101292
	10	0.17314	0.231759	0.011013
	11	0.216072	0.230333	0.0101037
	12	0.210992	0.228721	0.0093894
	13	0.175628	0.224637	0.00951398
	14	0.21012	0.2236	0.00889074
	15	0.22498	0.223692	0.0082985
	16	0.232612	0.224249	0.00779855
	17	0.270008	0.226941	0.00779049
	18	0.224708	0.226817	0.00735867
	19	0.27484	0.229345	0.00739271
	20	0.217504	0.228753	0.00704674
	1	0.26016	0.26016	0
	2	0.230756	0.245458	0.0103959
	3	0.2639	0.251605	0.00855723
	4	0.245056	0.249968	0.0065727
	5	0.240284	0.248031	0.00553617
	6	0.287672	0.254638	0.00759335
	7	0.28786	0.259384	0.00785293
	8	0.231416	0.255888	0.00760981
	9	0.289316	0.259602	0.00761696
	10	0.201556	0.253798	0.00879311
	11	0.26802	0.255091	0.00808824
	12	0.21668	0.25189	0.00802262
	13	0.199708	0.247876	0.00834949
	14	0.26552	0.249136	0.00784764
	15	0.247476	0.249025	0.00732525
	16	0.26988	0.250329	0.00698242
	17	0.2472	0.250145	0.00657411
	18	0.200264	0.247374	0.00676778
	19	0.24236	0.24711	0.00641672
	20	0.189692	0.244239	0.00670744
	1	0.2366	0.2366	0
	2	0.28324	0.25992	0.0164897
	3	0.24364	0.254493	0.0118525
	4	0.197848	0.240332	0.0151469
	5	0.317572	0.25578	0.0183779
	6	0.324012	0.267152	0.0185018
	7	0.253084	0.265142	0.0159674
	8	0.217336	0.259166	0.0150482
	9	0.235308	0.256516	0.0136077
	10	0.2647	0.257334	0.0122715
	11	0.187728	0.251006	0.0126829
	12	0.222092	0.248597	0.0118527
	13	0.316052	0.253786	0.0120232
	14	0.278108	0.255523	0.0112892
	15	0.302988	0.258687	0.0109711
	16	0.25436	0.258417	0.0102887
	17	0.274924	0.259388	0.00972924
	18	0.216792	0.257021	0.00947215
	19	0.262232	0.257296	0.00897758
	20	0.2062	0.254741	0.00888478
	1	0.2655	0.2655	0
	2	0.23964	0.25257	0.00914289
	3	0.25438	0.253173	0.00611513
	4	0.177564	0.234271	0.0170002
	5	0.297916	0.247	0.0177366
	6	0.209904	0.240817	0.0158214
	7	0.284152	0.247008	0.0147227
	8	0.230468	0.244941	0.0130267
	9	0.26674	0.247363	0.0118023
	10	0.241632	0.24679	0.010636
	11	0.323576	0.25377	0.0117384
	12	0.278704	0.255848	0.0109425
	13	0.271084	0.25702	0.0101634
	14	0.199484	0.25291	0.0102347
	15	0.298296	0.255936	0.00998959
	16	0.298696	0.258609	0.00971615
	17	0.245028	0.25781	0.0091774
	18	0.26494	0.258206	0.00867609
	19	0.310132	0.260939	0.00863917
	20	0.26186	0.260985	0.00820734
	1	0.297924	0.297924	0
	2	0.29496	0.296442	0.00104793
	3	0.234412	0.275765	0.0168969
	4	0.299076	0.281593	0.0136407
	5	0.284572	0.282189	0.0109255
	6	0.267328	0.279712	0.00938115
	7	0.250304	0.275511	0.00893228
	8	0.319136	0.280964	0.00933304
	9	0.229604	0.275257	0.00988796
	10	0.254132	0.273145	0.00912204
	11	0.243812	0.270478	0.00867377
	12	0.293104	0.272364	0.00815332
	13	0.273704	0.272467	0.00752679
	14	0.246588	0.270618	0.00721257
	15	0.249172	0.269189	0.00687198
	16	0.251984	0.268113	0.00652607
	17	0.265032	0.267932	0.0061447
	18	0.220428	0.265293	0.00634481
	19	0.289824	0.266584	0.00614083
	20	0.325592	0.269534	0.00650405
	1	0.236508	0.236508	0
	2	0.332556	0.284532	0.0339581
	3	0.309604	0.292889	0.0236448
	4	0.333824	0.303123	0.0198249
	5	0.348916	0.312282	0.0178505
	6	0.220068	0.296913	0.0204479
	7	0.290416	0.295985	0.0175478
	8	0.275684	0.293447	0.0155367
	9	0.335768	0.298149	0.0145046
	10	0.315276	0.299862	0.0131548
	11	0.22152	0.29274	0.0137524
	12	0.251884	0.289335	0.013021
	13	0.310856	0.290991	0.0121241
	14	0.273948	0.289773	0.0113191
	15	0.237752	0.286305	0.011083
	16	0.256232	0.284426	0.0105485
	17	0.250428	0.282426	0.0101158
	18	0.377528	0.287709	0.0108462
	19	0.296404	0.288167	0.010285
	20	0.285912	0.288054	0.00977136
	1	0.252552	0.252552	0
	2	0.287672	0.270112	0.0124168
	3	0.271304	0.270509	0.00828422
	4	0.339516	0.287761	0.0161808
	5	0.352548	0.300718	0.0173747
	6	0.270216	0.295635	0.0152044
	7	0.25702	0.290118	0.0139974
	8	0.255616	0.285805	0.012895
	9	0.264016	0.283384	0.0116873
	10	0.240604	0.279106	0.0112744
	11	0.31664	0.282519	0.0107534
	12	0.317348	0.285421	0.0102415
	13	0.267132	0.284014	0.00954982
	14	0.279408	0.283685	0.00887335
	15	0.320536	0.286142	0.00861518
	16	0.291812	0.286496	0.00808401
	17	0.352164	0.290359	0.00848131
	18	0.283724	0.28999	0.00801813
	19	0.326208	0.291897	0.00781943
	20	0.284088	0.291506	0.00743819
	1	0.356688	0.356688	0
	2	0.281624	0.319156	0.0265391
	3	0.27568	0.304664	0.0212849
	4	0.238728	0.28818	0.0214156
	5	0.34464	0.299472	0.0198879
	6	0.276432	0.295632	0.01694
	7	0.29646	0.29575	0.0145204
	8	0.208148	0.2848	0.0163201
	9	0.2983	0.2863	0.0145755
	10	0.344284	0.292098	0.0142246
	11	0.324364	0.295032	0.0132305
	12	0.300752	0.295508	0.0121365
	13	0.328216	0.298024	0.0114608
	14	0.192764	0.290506	0.0128743
	15	0.348008	0.294339	0.0125738
	16	0.293932	0.294314	0.0117879
	17	0.285412	0.29379	0.0111061
	18	0.305808	0.294458	0.0105092
	19	0.28076	0.293737	0.00998077
	20	0.254408	0.29177	0.0096735
	1	0.348584	0.348584	0
	2	0.366052	0.357318	0.00617587
	3	0.351236	0.355291	0.00443754
	4	0.291584	0.339364	0.0141888
	5	0.246532	0.320798	0.020115
	6	0.303956	0.317991	0.0169572
	7	0.263896	0.310263	0.0162002
	8	0.372468	0.318039	0.0159323
	9	0.349104	0.32149	0.0145312
	10	0.306232	0.319964	0.0131579
	11	0.425652	0.329572	0.0150667
	12	0.303864	0.32743	0.0139626
	13	0.329176	0.327564	0.0128892
	14	0.338776	0.328365	0.0119934
	15	0.312272	0.327292	0.0112417
	16	0.375376	0.330298	0.0109334
	17	0.286288	0.327709	0.0105923
	18	0.313104	0.326897	0.0100349
	19	0.27228	0.324023	0.00990992
	20	0.324504	0.324047	0.00941445
	1	0.349676	0.349676	0
	2	0.304108	0.326892	0.0161107
	3	0.2794	0.311061	0.0168057
	4	0.328996	0.315545	0.0131888
	5	0.333604	0.319157	0.0110345
	6	0.270548	0.311055	0.0118005
	7	0.281132	0.306781	0.0108614
	8	0.421124	0.321074	0.0164034
	9	0.282504	0.316788	0.0151303
	10	0.327332	0.317842	0.0136539
	11	0.384424	0.323895	0.0136887
	12	0.334168	0.324751	0.0125747
	13	0.281364	0.321414	0.0120422
	14	0.338244	0.322616	0.0112419
	15	0.391768	0.327226	0.0113986
	16	0.365012	0.329588	0.0109281
	17	0.202316	0.322101	0.0125912
	18	0.307236	0.321275	0.0119187
	19	0.38338	0.324544	0.0117311
	20	0.355148	0.326074	0.0112439
	1	0.295216	0.295216	0
	2	0.378768	0.336992	0.0295401
	3	0.334888	0.336291	0.0197017
	4	0.341896	0.337692	0.014826
	5	0.282756	0.326705	0.0154031
	6	0.395584	0.338185	0.0165705
	7	0.362816	0.341703	0.0145721
	8	0.322544	0.339309	0.0129459
	9	0.340272	0.339416	0.0115079
	10	0.254456	0.33092	0.0131238
	11	0.411368	0.338233	0.0138191
	12	0.379928	0.341708	0.013097
	13	0.31274	0.339479	0.0122776
	14	0.40032	0.343825	0.0121454
	15	0.395912	0.347298	0.0118217
	16	0.34408	0.347096	0.0110846
	17	0.310616	0.344951	0.0106382
	18	0.366924	0.346171	0.010117
	19	0.364172	0.347119	0.0096288
	20	0.341356	0.346831	0.00915167
	1	0.439848	0.439848	0
	2	0.381	0.410424	0.0208059
	3	0.406476	0.409108	0.0139122
	4	0.319772	0.386774	0.0219767
	5	0.33186	0.375791	0.0201396
	6	0.440156	0.386519	0.0194311
	7	0.36718	0.383756	0.0168505
	8	0.416556	0.387856	0.0152348
	9	0.453704	0.395172	0.0151977
	10	0.395592	0.395214	0.013678
	11	0.39792	0.39546	0.0124367
	12	0.383076	0.394428	0.0114431
	13	0.308528	0.387821	0.0123238
	14	0.369436	0.386507	0.0115133
	15	0.373692	0.385653	0.0107774
	16	0.27756	0.378897	0.0120364
	17	0.357184	0.37762	0.011396
	18	0.381088	0.377813	0.0107645
	19	0.325352	0.375052	0.0105461
	20	0.23856	0.368227	0.0120259
	1	0.448596	0.448596	0
	2	0.370172	0.409384	0.0277271
	3	0.433484	0.417417	0.019614
	4	0.439448	0.422925	0.0154644
	5	0.369036	0.412147	0.0156839
	6	0.388508	0.408207	0.0135557
	7	0.303304	0.393221	0.0180972
	8	0.319112	0.383958	0.0180509
	9	0.400848	0.385834	0.0161425
	10	0.297964	0.377047	0.01675
	11	0.396108	0.37878	0.0153166
	12	0.331224	0.374817	0.0145439
	13	0.43002	0.379063	0.0140314
	14	0.459308	0.384795	0.0141515
	15	0.305452	0.379506	0.0141621
	16	0.408092	0.381292	0.0133892
	17	0.438752	0.384672	0.0130213
	18	0.345384	0.38249	0.0124795
	19	0.398868	0.383352	0.0118524
	20	0.453228	0.386845	0.0117634
	1	0.352016	0.352016	0
	2	0.307536	0.329776	0.0157261
	3	0.480312	0.379955	0.0422908
	4	0.423764	0.390907	0.033106
	5	0.330584	0.378842	0.0285987
	6	0.308788	0.367167	0.0261071
	7	0.424036	0.375291	0.0236077
	8	0.36196	0.373624	0.0207155
	9	0.333448	0.36916	0.0188886
	10	0.35852	0.368096	0.0170297
	11	0.437156	0.374375	0.0165985
	12	0.405712	0.376986	0.0154194
	13	0.380216	0.377234	0.0142353
	14	0.346468	0.375037	0.013387
	15	0.423776	0.378286	0.0128828
	16	0.284396	0.372418	0.0133474
	17	0.4363	0.376176	0.0130805
	18	0.3713	0.375905	0.0123566
	19	0.345692	0.374315	0.0118082
	20	0.32422	0.37181	0.0114803
	1	0.34164	0.34164	0
	2	0.413668	0.377654	0.0254657
	3	0.461136	0.405481	0.0283631
	4	0.276872	0.373329	0.0350406
	5	0.388464	0.376356	0.0281629
	6	0.436412	0.386365	0.025185
	7	0.420384	0.391225	0.0220511
	8	0.455656	0.399279	0.0207133
	9	0.415344	0.401064	0.0184886
	10	0.473052	0.408263	0.0179867
	11	0.435796	0.410766	0.0165248
	12	0.37802	0.408037	0.0153714
	13	0.527436	0.417222	0.0167091
	14	0.368356	0.413731	0.015876
	15	0.383776	0.411734	0.0149426
	16	0.45608	0.414506	0.0142634
	17	0.466532	0.417566	0.0137488
	18	0.380368	0.4155	0.0131394
	19	0.435056	0.416529	0.0124881
	20	0.447092	0.418057	0.0119568
	1	0.439648	0.439648	0
	2	0.392572	0.41611	0.0166439
	3	0.418176	0.416799	0.0111102
	4	0.437972	0.422092	0.00951037
	5	0.3277	0.403214	0.0185203
	6	0.528292	0.42406	0.0245018
	7	0.439776	0.426305	0.0211042
	8	0.355808	0.417493	0.0202224
	9	0.45326	0.421467	0.0183618
	10	0.465128	0.425833	0.0170368
	11	0.445972	0.427664	0.0155861
	12	0.44354	0.428987	0.0143433
	13	0.393332	0.426244	0.0134996
	14	0.427388	0.426326	0.0125356
	15	0.483856	0.430161	0.0122726
	16	0.403444	0.428492	0.0116186
	17	0.437836	0.429041	0.0109482
	18	0.524948	0.434369	0.011564
	19	0.370132	0.430988	0.0114389
	20	0.346572	0.426768	0.0116196
	1	0.455004	0.455004	0
	2	0.368108	0.411556	0.0307224
	3	0.479248	0.43412	0.0275485
	4	0.353688	0.414012	0.0270211
	5	0.494892	0.430188	0.0260119
	6	0.510996	0.443656	0.0249205
	7	0.453488	0.445061	0.0214
	8	0.383864	0.437411	0.0200456
	9	0.462608	0.440211	0.0180128
	10	0.49584	0.445774	0.0170489
	11	0.446164	0.445809	0.015499
	12	0.313624	0.434794	0.017694
	13	0.424464	0.433999	0.0163508
	14	0.328924	0.426494	0.0168174
	15	0.576752	0.436511	0.0184399
	16	0.529512	0.442323	0.0181804
	17	0.37306	0.438249	0.0175616
	18	0.44148	0.438429	0.0165869
	19	0.35728	0.434158	0.0162544
	20	0.350852	0.429992	0.0159665
	1	0.34984	0.34984	0
	2	0.466576	0.408208	0.0412724
	3	0.572268	0.462895	0.0524483
	4	0.44994	0.459656	0.0394361
	5	0.460912	0.459907	0.0315497
	6	0.365332	0.444145	0.0299714
	7	0.547728	0.458942	0.0291145
	8	0.460912	0.459188	0.0254762
	9	0.360964	0.448275	0.0248736
	10	0.451572	0.448604	0.0223884
	11	0.397376	0.443947	0.0208319
	12	0.440044	0.443622	0.0190984
	13	0.377952	0.43857	0.0182852
	14	0.448952	0.439312	0.0169941
	15	0.474528	0.44166	0.0160225
	16	0.443364	0.441766	0.0150215
	17	0.371972	0.437661	0.0146882
	18	0.431816	0.437336	0.0138758
	19	0.554296	0.443492	0.0144465
	20	0.481748	0.445405	0.0138503
	1	0.470824	0.470824	0
	2	0.60634	0.538582	0.0479121
	3	0.414312	0.497159	0.0465208
	4	0.427088	0.479641	0.0380461
	5	0.510304	0.485774	0.0309272
	6	0.552208	0.496846	0.0276838
	7	0.562084	0.506166	0.025249
	8	0.429808	0.496621	0.0238288
	9	0.513884	0.498539	0.0212582
	10	0.506648	0.49935	0.0191478
	11	0.509364	0.50026	0.0174287
	12	0.517108	0.501664	0.0160328
	13	0.41226	0.494787	0.0162075
	14	0.488996	0.494373	0.0150551
	15	0.514492	0.495715	0.0141111
	16	0.453552	0.49308	0.0134729
	17	0.487356	0.492743	0.0126846
	18	0.540812	0.495413	0.0122578
	19	0.453852	0.493226	0.0118062
	20	0.395196	0.488324	0.012191
	1	0.506952	0.506952	0
	2	0.584652	0.545802	0.0274711
	3	0.566976	0.55286	0.0191994
	4	0.607236	0.566454	0.0185996
	5	0.399448	0.533053	0.0333754
	6	0.517556	0.53047	0.0279126
	7	0.599616	0.540348	0.0256134
	8	0.582588	0.545628	0.0229495
	9	0.557976	0.547	0.0204405
	10	0.520232	0.544323	0.0185709
	11	0.514116	0.541577	0.0170845
	12	0.514976	0.53936	0.0158039
	13	0.57448	0.542062	0.0148173
	14	0.523064	0.540705	0.0138209
	15	0.477116	0.536466	0.0135341
	16	0.468688	0.53223	0.0133347
	17	0.557564	0.53372	0.0126333
	18	0.574516	0.535986	0.012133
	19	0.477184	0.532891	0.0118826
	20	0.583384	0.535416	0.0115536
	1	0.472172	0.472172	0
	2	0.50202	0.487096	0.0105529
	3	0.396976	0.457056	0.0255166
	4	0.452288	0.455864	0.0191653
	5	0.541872	0.473066	0.0217208
	6	0.402484	0.461302	0.0210464
	7	0.548268	0.473726	0.0213947
	8	0.483268	0.474918	0.0187536
	9	0.653892	0.494804	0.0250878
	10	0.533456	0.49867	0.0228748
	11	0.357508	0.485837	0.0241279
	12	0.480172	0.485365	0.0221218
	13	0.490884	0.485789	0.0204242
	14	0.50318	0.487031	0.0190031
	15	0.679132	0.499838	0.0216252
	16	0.54056	0.502383	0.0204229
	17	0.362236	0.494139	0.020819
	18	0.551272	0.497313	0.0199029
	19	0.474764	0.496127	0.0188907
	20	0.446124	0.493626	0.0181109
	1	0.589144	0.589144	0
	2	0.5	0.544572	0.0315172
	3	0.455532	0.514892	0.0320741
	4	0.562372	0.526762	0.02616
	5	0.616892	0.544788	0.0264184
	6	0.670768	0.565785	0.02919
	7	0.5763	0.567287	0.0250586
	8	0.526852	0.562233	0.0224302
	9	0.575956	0.563757	0.0199898
	10	0.597308	0.567112	0.0182702
	11	0.604692	0.570529	0.0169256
	12	0.46612	0.561828	0.0176101
	13	0.364616	0.546658	0.0218328
	14	0.445604	0.53944	0.0214333
	15	0.503664	0.537055	0.0201367
	16	0.45662	0.532027	0.0194956
	17	0.61258	0.536766	0.0189158
	18	0.51654	0.535642	0.0178983
	19	0.4823	0.532835	0.0171751
	20	0.546416	0.533514	0.0163297
	1	0.546676	0.546676	0
	2	0.687204	0.61694	0.0496842
	3	0.552248	0.595376	0.0375116
	4	0.583656	0.592446	0.0282479
	5	0.602176	0.594392	0.0226653
	6	0.553844	0.587634	0.0198697
	7	0.55758	0.583341	0.0174889
	8	0.520156	0.575442	0.0169928
	9	0.61188	0.579491	0.0155796
	10	0.594608	0.581003	0.0140948
	11	0.579668	0.580881	0.012814
	12	0.580388	0.58084	0.0117462
	13	0.495328	0.574262	0.01255
	14	0.570264	0.573977	0.0116568
	15	0.569076	0.57365	0.0108843
	16	0.604704	0.575591	0.0103756
	17	0.667692	0.581009	0.0110899
	18	0.665544	0.585705	0.011425
	19	0.738316	0.593737	0.0133519
	20	0.5596	0.59203	0.0127929
	1	0.618024	0.618024	0
	2	0.485504	0.551764	0.0468529
	3	0.412568	0.505365	0.0491006
	4	0.469344	0.49636	0.0376422
	5	0.695348	0.536158	0.0466253
	6	0.438364	0.519859	0.0416058
	7	0.534132	0.521898	0.0357121
	8	0.6363	0.536198	0.0339908
	9	0.716492	0.556231	0.0356316
	10	0.52792	0.5534	0.0321807
	11	0.526252	0.550932	0.0293496
	12	0.542432	0.550223	0.0269124
	13	0.654892	0.558275	0.0260187
	14	0.604	0.561541	0.0243644
	15	0.713852	0.571695	0.0247658
	16	0.528392	0.568989	0.0233653
	17	0.643052	0.573345	0.0223934
	18	0.652224	0.577727	0.0215738
	19	0.5649	0.577052	0.0204489
	20	0.569572	0.576678	0.0194299
	1	0.54492	0.54492	0
	2	0.547712	0.546316	0.000987121
	3	0.70566	0.599431	0.0433729
	4	0.585928	0.596055	0.0326608
	5	0.657776	0.608399	0.0283656
	6	0.707052	0.624841	0.0280008
	7	0.60424	0.621898	0.0241548
	8	0.631256	0.623068	0.0211638
	9	0.69532	0.631096	0.0202778
	10	0.64004	0.63199	0.0182697
	11	0.528184	0.622553	0.0188895
	12	0.598432	0.620543	0.017422
	13	0.643416	0.622303	0.0161704
	14	0.590172	0.620008	0.0151774
	15	0.602516	0.618842	0.0142103
	16	0.572608	0.615952	0.0136128
	17	0.713348	0.621681	0.0139657
	18	0.630944	0.622196	0.0131993
	19	0.581628	0.620061	0.0126761
	20	0.592508	0.618683	0.0121169
	1	0.70464	0.70464	0
	2	0.636808	0.670724	0.0239822
	3	0.632336	0.657928	0.0190992
	4	0.677152	0.662734	0.0149168
	5	0.7063	0.671447	0.0142528
	6	0.53608	0.648886	0.0237749
	7	0.632832	0.646593	0.0204888
	8	0.802776	0.666115	0.0255911
	9	0.726456	0.67282	0.0236095
	10	0.61894	0.667432	0.0218547
	11	0.665152	0.667225	0.0198689
	12	0.53206	0.655961	0.0211665
	13	0.67628	0.657524	0.0195959
	14	0.62498	0.655199	0.0183336
	15	0.782588	0.663692	0.0189766
	16	0.694072	0.665591	0.0178853
	17	0.76564	0.671476	0.0177752
	18	0.507684	0.662376	0.0189744
	19	0.64946	0.661697	0.0179879
	20	0.666164	0.66192	0.0170899
	1	0.513852	0.513852	0
	2	0.655196	0.584524	0.0499727
	3	0.670032	0.613027	0.0406386
	4	0.805896	0.661244	0.0516977
	5	0.60504	0.650003	0.0425627
	6	0.758976	0.668165	0.0391526
	7	0.758368	0.681051	0.0356169
	8	0.69246	0.682477	0.0311933
	9	0.61546	0.675031	0.0286024
	10	0.728292	0.680357	0.0262333
	11	0.676628	0.680018	0.0238507
	12	0.728364	0.684047	0.0222008
	13	0.631824	0.68003	0.0208533
	14	0.694124	0.681037	0.0193881
	15	0.723544	0.68387	0.0183015
	16	0.667724	0.682861	0.0171854
	17	0.80528	0.690062	0.0176188
	18	0.652612	0.687982	0.0167623
	19	0.562464	0.681376	0.0171325
	20	0.768024	0.685708	0.0168147
	1	0.78612	0.78612	0
	2	0.684336	0.735228	0.0359861
	3	0.691464	0.72064	0.0267848
	4	0.569312	0.682808	0.0384317
	5	0.791384	0.704523	0.0363665
	6	0.566444	0.68151	0.0368749
	7	0.529032	0.659727	0.0374927
	8	0.64726	0.658169	0.0328385
	9	0.512792	0.642016	0.0329237
	10	0.76088	0.653902	0.0317045
	11	0.708592	0.658874	0.0292095
	12	0.7836	0.669268	0.0285648
	13	0.709576	0.672369	0.0265353
	14	0.504544	0.660381	0.0272132
	15	0.678056	0.661559	0.0254245
	16	0.6682	0.661975	0.0238389
	17	0.64836	0.661174	0.02245
	18	0.549068	0.654946	0.0220498
	19	0.793976	0.662263	0.0220701
	20	0.780164	0.668158	0.0217396
	1	0.773812	0.773812	0
	2	0.747552	0.760682	0.00928431
	3	0.771392	0.764252	0.00684157
	4	0.803104	0.773965	0.00985321
	5	0.64932	0.749036	0.0236495
	6	0.775852	0.753505	0.0201258
	7	0.70908	0.747159	0.0182239
	8	0.727908	0.744753	0.016104
	9	0.803104	0.751236	0.0155652
	10	0.774564	0.753569	0.0141824
	11	0.726608	0.751118	0.0131032
	12	0.7079	0.747516	0.0124964
	13	0.682308	0.7425	0.0125014
	14	0.564884	0.729813	0.0168587
	15	0.76232	0.731981	0.0158734
	16	0.639496	0.7262	0.015899
	17	0.76224	0.72832	0.0151044
	18	0.591324	0.720709	0.0160688
	19	0.495436	0.708853	0.0191029
	20	0.647144	0.705767	0.0183952
	1	0.794852	0.794852	0
	2	0.68558	0.740216	0.0386335
	3	0.841668	0.774033	0.0377593
	4	0.857756	0.794964	0.0336238
	5	0.702424	0.776456	0.0315847
	6	0.570892	0.742195	0.0408771
	7	0.810784	0.751994	0.0361928
	8	0.742604	0.75082	0.0316877
	9	0.767924	0.75272	0.0282238
	10	0.889552	0.766404	0.0285261
	11	0.700124	0.760378	0.0265616
	12	0.729428	0.757799	0.024473
	13	0.769056	0.758665	0.0226058
	14	0.7765	0.759939	0.0210269
	15	0.745856	0.759	0.0196461
	16	0.727512	0.757032	0.0185165
	17	0.864484	0.763353	0.0184746
	18	0.789616	0.764812	0.0175058
	19	0.777492	0.765479	0.0165972
	20	0.866988	0.770555	0.0165251
	1	0.612852	0.612852	0
	2	0.794368	0.70361	0.0641756
	3	0.801732	0.736317	0.0504344
	4	0.726588	0.733885	0.0378844
	5	0.779704	0.743049	0.0313963
	6	0.712348	0.737932	0.0265772
	7	0.789252	0.745263	0.0237702
	8	0.691484	0.738541	0.0217287
	9	0.67068	0.731001	0.0205811
	10	0.849856	0.742886	0.021685
	11	0.8079	0.748797	0.0205033
	12	0.77314	0.750825	0.0188948
	13	0.866412	0.759717	0.019421
	14	0.832992	0.764951	0.0187258
	15	0.807432	0.767783	0.0176902
	16	0.748612	0.766585	0.0166251
	17	0.87556	0.772995	0.0168377
	18	0.733456	0.770798	0.0160449
	19	0.773632	0.770947	0.0152012
	20	0.751648	0.769982	0.0144717
	1	0.688616	0.688616	0
	2	0.831964	0.76029	0.0506812
	3	0.80282	0.774467	0.0357152
	4	0.656856	0.745064	0.0369581
	5	0.881412	0.772334	0.0383286
	6	0.782708	0.774063	0.0319795
	7	0.893784	0.791166	0.0316558
	8	0.701748	0.779988	0.0296064
	9	0.825192	0.785011	0.0267394
	10	0.798624	0.786372	0.0241001
	11	0.841876	0.791418	0.0224312
	12	0.637356	0.77858	0.0239559
	13	0.775968	0.778379	0.022114
	14	0.738504	0.775531	0.020717
	15	0.815184	0.778174	0.0195038
	16	0.741772	0.775899	0.018417
	17	0.881004	0.782082	0.0183421
	18	0.86246	0.786547	0.0178584
	19	0.819032	0.788257	0.0170001
	20	0.901324	0.79391	0.0170643
	1	0.910604	0.910604	0
	2	0.788444	0.849524	0.0431901
	3	0.841268	0.846772	0.0288809
	4	0.896224	0.859135	0.0241623
	5	0.881336	0.863575	0.0197336
	6	0.861768	0.863274	0.016447
	7	0.79666	0.853758	0.0166241
	8	0.7273	0.837951	0.0207418
	9	0.723148	0.825195	0.0220128
	10	0.826756	0.825351	0.019812
	11	0.404404	0.787083	0.0406902
	12	0.61162	0.772461	0.03984
	13	0.860812	0.779257	0.0373506
	14	0.898816	0.787797	0.0356456
	15	0.600064	0.775282	0.0353983
	16	0.86436	0.780849	0.0336209
	17	0.808888	0.782498	0.0316836
	18	0.823976	0.784803	0.0300071
	19	0.860096	0.788765	0.0286882
	20	0.696684	0.784161	0.0276208
	1	0.89504	0.89504	0
	2	0.905508	0.900274	0.003701
	3	0.942336	0.914295	0.0117107
	4	0.892296	0.908795	0.00999131
	5	0.877256	0.902487	0.00978363
	6	0.925948	0.906397	0.00890016
	7	0.85088	0.898466	0.0105883
	8	0.668328	0.869699	0.0284596
	9	0.849064	0.867406	0.0253896
	10	0.69112	0.849778	0.0283168
	11	0.84948	0.849751	0.0257426
	12	0.651016	0.833189	0.0284298
	13	0.868052	0.835871	0.0263691
	14	0.847192	0.83668	0.024498
	15	0.796324	0.833989	0.023012
	16	0.806112	0.832247	0.0216396
	17	0.888728	0.835569	0.0206202
	18	0.867868	0.837364	0.0195525
	19	0.877696	0.839487	0.0186383
	20	0.886712	0.841848	0.0178554
	1	0.838996	0.838996	0
	2	0.90014	0.869568	0.0216177
	3	0.817416	0.852184	0.0202279
	4	0.917896	0.868612	0.0207982
	5	0.81028	0.856946	0.0196399
	6	0.86478	0.858251	0.0164099
	7	0.88502	0.862075	0.0145044
	8	0.873264	0.863474	0.0127586
	9	0.770796	0.853176	0.014929
	10	0.943892	0.862248	0.015956
	11	0.905244	0.866157	0.0149765
	12	0.795452	0.860265	0.0148423
	13	0.705516	0.848361	0.0178467
	14	0.905764	0.852461	0.0170365
	15	0.923564	0.857201	0.016547
	16	0.86558	0.857725	0.0155211
	17	0.875852	0.858791	0.0146447
	18	0.779032	0.85436	0.0144859
	19	0.95852	0.859842	0.0147244
	20	0.79464	0.856582	0.0143445
	1	0.918776	0.918776	0
	2	0.898476	0.908626	0.00717713
	3	0.826512	0.881255	0.0228551
	4	0.898252	0.885504	0.0175319
	5	0.86524	0.881451	0.0144864
	6	0.738528	0.857631	0.0248713
	7	0.72502	0.838686	0.0276059
	8	0.90126	0.846508	0.025239
	9	0.877232	0.849922	0.0226643
	10	0.696108	0.83454	0.0250799
	11	0.739364	0.825888	0.0242465
	12	0.966248	0.837585	0.0248879
	13	0.904636	0.842742	0.0235018
	14	0.887408	0.845933	0.0220386
	15	0.918116	0.850745	0.0210882
	16	0.894816	0.8535	0.0199492
	17	0.781672	0.849274	0.019218
	18	0.88058	0.851014	0.0182288
	19	0.906832	0.853951	0.0175046
	20	0.901716	0.85634	0.0167915
