	1	0.035776	0.035776	0
	2	0.026212	0.030994	0.00338138
	3	0.020432	0.0274733	0.00365309
	4	0.037392	0.029953	0.00348111
	5	0.03818	0.0315984	0.00314984
	6	0.019	0.0294987	0.00325023
	7	0.018908	0.0279857	0.00311822
	8	0.034184	0.0287605	0.00282306
	9	0.023732	0.0282018	0.00256408
	10	0.020896	0.0274712	0.00240951
	11	0.016104	0.0264378	0.00240186
	12	0.022668	0.0261237	0.00222215
	13	0.020496	0.0256908	0.00209296
	14	0.030108	0.0260063	0.0019671
	15	0.045096	0.0272789	0.00220962
	16	0.02204	0.0269515	0.00209564
	17	0.032828	0.0272972	0.00200067
	18	0.035864	0.0277731	0.00194531
	19	0.030608	0.0279223	0.00184864
	20	0.029276	0.02799	0.00175744
	1	0.019472	0.019472	0
	2	0.024916	0.022194	0.00192474
	3	0.025772	0.0233867	0.00161084
	4	0.019132	0.022323	0.00151925
	5	0.036916	0.0252416	0.00287954
	6	0.029816	0.026004	0.00249851
	7	0.03504	0.0272949	0.00245248
	8	0.032904	0.027996	0.0022439
	9	0.023832	0.0275333	0.00204172
	10	0.019988	0.0267788	0.00197205
	11	0.038048	0.0278033	0.00204161
	12	0.034024	0.0283217	0.00193617
	13	0.026064	0.028148	0.00179501
	14	0.031112	0.0283597	0.00167923
	15	0.031108	0.0285429	0.00157724
	16	0.022236	0.0281487	0.00152713
	17	0.02124	0.0277424	0.00149039
	18	0.027696	0.0277398	0.0014076
	19	0.031208	0.0279223	0.0013453
	20	0.01588	0.0273202	0.00140634
	1	0.022448	0.022448	0
	2	0.018664	0.020556	0.00133785
	3	0.022912	0.0213413	0.00109847
	4	0.0115	0.018881	0.00228444
	5	0.0383	0.0227648	0.00392518
	6	0.023896	0.0229533	0.00327551
	7	0.033804	0.0245034	0.0031531
	8	0.02724	0.0248455	0.00277746
	9	0.030892	0.0255173	0.00254881
	10	0.020816	0.0250472	0.00233689
	11	0.014204	0.0240615	0.00232306
	12	0.022384	0.0239217	0.00213367
	13	0.035236	0.024792	0.0021397
	14	0.034032	0.025452	0.00208617
	15	0.033104	0.0259621	0.0020085
	16	0.028448	0.0261175	0.00188897
	17	0.025668	0.0260911	0.00177804
	18	0.026376	0.0261069	0.00167933
	19	0.028792	0.0262482	0.00159688
	20	0.027852	0.0263284	0.00151904
	1	0.017304	0.017304	0
	2	0.02932	0.023312	0.0042483
	3	0.029052	0.0252253	0.00323449
	4	0.037324	0.02825	0.00357019
	5	0.022124	0.0270248	0.00305917
	6	0.02402	0.026524	0.00258997
	7	0.020764	0.0257011	0.00234706
	8	0.024176	0.0255105	0.0020614
	9	0.01824	0.0247027	0.00198434
	10	0.033392	0.0255716	0.00196698
	11	0.027728	0.0257676	0.00179791
	12	0.037516	0.0267467	0.00189599
	13	0.021216	0.0263212	0.00179725
	14	0.03156	0.0266954	0.00170738
	15	0.017732	0.0260979	0.0016949
	16	0.027828	0.026206	0.00159242
	17	0.020164	0.0258506	0.0015379
	18	0.033264	0.0262624	0.0015066
	19	0.035268	0.0267364	0.00150001
	20	0.033024	0.0270508	0.00145758
	1	0.02212	0.02212	0
	2	0.041156	0.031638	0.00673024
	3	0.023284	0.0288533	0.00503003
	4	0.02212	0.02717	0.0040444
	5	0.028516	0.0274392	0.00324446
	6	0.030996	0.028032	0.00275734
	7	0.034568	0.0289657	0.00251657
	8	0.03278	0.0294425	0.00224671
	9	0.030776	0.0295907	0.00200195
	10	0.031844	0.029816	0.0018144
	11	0.028848	0.029728	0.00165158
	12	0.028388	0.0296163	0.00151772
	13	0.035484	0.0300677	0.00146655
	14	0.030844	0.0301231	0.00136285
	15	0.035084	0.0304539	0.00131151
	16	0.038328	0.030946	0.00131864
	17	0.0312	0.0309609	0.00124116
	18	0.029552	0.0308827	0.00117467
	19	0.028056	0.0307339	0.00112223
	20	0.01954	0.0301742	0.00119758
	1	0.038092	0.038092	0
	2	0.025272	0.031682	0.00453255
	3	0.022176	0.0285133	0.00397798
	4	0.00874	0.02357	0.0052181
	5	0.028624	0.0245808	0.00427126
	6	0.025888	0.0247987	0.00356494
	7	0.023256	0.0245783	0.00306246
	8	0.02472	0.024596	0.00267971
	9	0.025168	0.0246596	0.00238272
	10	0.019836	0.0241772	0.00219272
	11	0.027172	0.0244495	0.00201022
	12	0.02464	0.0244653	0.00184276
	13	0.029124	0.0248237	0.00173551
	14	0.020712	0.02453	0.0016362
	15	0.02812	0.0247693	0.00154453
	16	0.034752	0.0253932	0.00156896
	17	0.031928	0.0257776	0.00152303
	18	0.0228	0.0256122	0.00144737
	19	0.023708	0.025512	0.00137466
	20	0.032628	0.0258678	0.00135119
	1	0.034404	0.034404	0
	2	0.022804	0.028604	0.00410122
	3	0.026668	0.0279587	0.00278446
	4	0.035864	0.029935	0.00270011
	5	0.026872	0.0293224	0.0022285
	6	0.029732	0.0293907	0.00185813
	7	0.033708	0.0300074	0.00169195
	8	0.017064	0.0283895	0.00211713
	9	0.027568	0.0282982	0.00188386
	10	0.026076	0.028076	0.00170853
	11	0.024144	0.0277185	0.00159016
	12	0.0193	0.027017	0.00160496
	13	0.032448	0.0274348	0.00153491
	14	0.023648	0.0271643	0.00144891
	15	0.034928	0.0276819	0.0014418
	16	0.033916	0.0280715	0.00140335
	17	0.019748	0.0275819	0.00140361
	18	0.02466	0.0274196	0.00133499
	19	0.019908	0.0270242	0.00132197
	20	0.016852	0.0265156	0.00135017
	1	0.028864	0.028864	0
	2	0.022548	0.025706	0.00223304
	3	0.030036	0.0271493	0.00189869
	4	0.030532	0.027995	0.00160131
	5	0.024416	0.0272792	0.00143212
	6	0.026908	0.0272173	0.00119477
	7	0.040396	0.0291	0.00202159
	8	0.029488	0.0291485	0.00176948
	9	0.024204	0.0285991	0.00165596
	10	0.029148	0.028654	0.00149127
	11	0.0297	0.0287491	0.00135873
	12	0.028584	0.0287353	0.00124557
	13	0.01922	0.0280034	0.00134777
	14	0.039964	0.0288577	0.001498
	15	0.028356	0.0288243	0.00139851
	16	0.02844	0.0288003	0.00131131
	17	0.034084	0.0291111	0.00127047
	18	0.034664	0.0294196	0.00123678
	19	0.032612	0.0295876	0.00118304
	20	0.031248	0.0296706	0.0011268
	1	0.014752	0.014752	0
	2	0.034256	0.024504	0.00689571
	3	0.029636	0.0262147	0.00480464
	4	0.026068	0.026178	0.00360362
	5	0.018416	0.0246256	0.00319985
	6	0.025476	0.0247673	0.00266968
	7	0.022084	0.024384	0.00231566
	8	0.019364	0.0237565	0.00210951
	9	0.021148	0.0234667	0.00189492
	10	0.031036	0.0242236	0.00185044
	11	0.017412	0.0236044	0.00178283
	12	0.030336	0.0241653	0.00172025
	13	0.03386	0.0249111	0.00174208
	14	0.030436	0.0253057	0.00166175
	15	0.02374	0.0252013	0.00155424
	16	0.026976	0.0253122	0.00146105
	17	0.028988	0.0255285	0.00139101
	18	0.0312	0.0258436	0.00134895
	19	0.034488	0.0262985	0.0013525
	20	0.033084	0.0266378	0.00132675
	1	0.038504	0.038504	0
	2	0.034708	0.036606	0.00134209
	3	0.031976	0.0350627	0.00154546
	4	0.03594	0.035282	0.00117456
	5	0.024172	0.03306	0.00219835
	6	0.030168	0.032578	0.00188406
	7	0.038852	0.0334743	0.00181563
	8	0.032356	0.0333345	0.00159405
	9	0.01558	0.0313618	0.00233814
	10	0.029684	0.031194	0.00211034
	11	0.01744	0.0299436	0.00225874
	12	0.027844	0.0297687	0.00207727
	13	0.020732	0.0290735	0.00203046
	14	0.032172	0.0292949	0.00189745
	15	0.042372	0.0301667	0.00196104
	16	0.03628	0.0305487	0.00187533
	17	0.023244	0.0301191	0.00181357
	18	0.032564	0.0302549	0.0017179
	19	0.025864	0.0300238	0.00164295
	20	0.024644	0.0297548	0.00158267
	1	0.027604	0.027604	0
	2	0.030052	0.028828	0.000865499
	3	0.04908	0.0355787	0.00554201
	4	0.015008	0.030436	0.00609195
	5	0.02176	0.0287008	0.00511472
	6	0.032156	0.0292767	0.00429456
	7	0.014364	0.0271463	0.00417616
	8	0.036132	0.0282695	0.00380219
	9	0.035236	0.0290436	0.00345762
	10	0.045832	0.0307224	0.00349576
	11	0.016828	0.0294593	0.00339851
	12	0.023096	0.028929	0.0031564
	13	0.035188	0.0294105	0.00295009
	14	0.026784	0.0292229	0.00274533
	15	0.031844	0.0293976	0.00256786
	16	0.029916	0.02943	0.00240758
	17	0.020024	0.0288767	0.00232866
	18	0.037572	0.0293598	0.00224884
	19	0.021808	0.0289623	0.00216532
	20	0.042544	0.0296414	0.00216092
	1	0.02314	0.02314	0
	2	0.037536	0.030338	0.00508975
	3	0.037512	0.0327293	0.00391483
	4	0.020244	0.029608	0.00399097
	5	0.025036	0.0286936	0.00329587
	6	0.028248	0.0286193	0.00274739
	7	0.031808	0.0290749	0.00239237
	8	0.021568	0.0281365	0.0022699
	9	0.047416	0.0302787	0.00285484
	10	0.034236	0.0306744	0.00259664
	11	0.029452	0.0305633	0.00236295
	12	0.020856	0.0297543	0.00230034
	13	0.033528	0.0300446	0.00214163
	14	0.037368	0.0305677	0.00205155
	15	0.038804	0.0311168	0.0019869
	16	0.030956	0.0311067	0.00186274
	17	0.023624	0.0306666	0.00180443
	18	0.026724	0.0304476	0.00171742
	19	0.029372	0.0303909	0.00162796
	20	0.039468	0.0308448	0.00160859
	1	0.027316	0.027316	0
	2	0.029732	0.028524	0.000854185
	3	0.032956	0.0300013	0.0013339
	4	0.02644	0.029111	0.00126308
	5	0.024656	0.02822	0.00128691
	6	0.031172	0.028712	0.00116268
	7	0.024772	0.0281491	0.0011246
	8	0.030236	0.02841	0.00101383
	9	0.03798	0.0294733	0.00134802
	10	0.032456	0.0297716	0.00124578
	11	0.029284	0.0297273	0.00113332
	12	0.036776	0.0303147	0.00118133
	13	0.0363	0.0307751	0.00117676
	14	0.035528	0.0311146	0.00114063
	15	0.024676	0.0306853	0.0011425
	16	0.038888	0.031198	0.00118053
	17	0.034976	0.0314202	0.00113181
	18	0.02902	0.0312869	0.00107676
	19	0.01968	0.030676	0.00118073
	20	0.024692	0.0303768	0.00115898
	1	0.024664	0.024664	0
	2	0.036052	0.030358	0.00402627
	3	0.029604	0.0301067	0.00269201
	4	0.02854	0.029715	0.0020473
	5	0.044996	0.0327712	0.00318666
	6	0.041652	0.0342513	0.00297953
	7	0.035476	0.0344263	0.00255902
	8	0.036112	0.034637	0.0022478
	9	0.034744	0.0346489	0.00199807
	10	0.02422	0.033606	0.00205247
	11	0.02906	0.0331927	0.00190703
	12	0.035036	0.0333463	0.00175429
	13	0.047032	0.0343991	0.00190926
	14	0.026376	0.033826	0.0018569
	15	0.030176	0.0335827	0.00174898
	16	0.030664	0.0334003	0.00164915
	17	0.046548	0.0341736	0.00172398
	18	0.029304	0.0339031	0.0016493
	19	0.026764	0.0335274	0.00160472
	20	0.019044	0.0328032	0.00167996
	1	0.036556	0.036556	0
	2	0.028156	0.032356	0.00296985
	3	0.015628	0.02678	0.00496466
	4	0.029072	0.027353	0.00375642
	5	0.027816	0.0274456	0.00300627
	6	0.029448	0.0277793	0.00252368
	7	0.038212	0.0292697	0.00256577
	8	0.032776	0.029708	0.00228217
	9	0.032292	0.0299951	0.00204658
	10	0.031396	0.0301352	0.00184671
	11	0.02666	0.0298193	0.00170564
	12	0.026316	0.0295273	0.00158829
	13	0.0477	0.0309252	0.00198829
	14	0.036776	0.0313431	0.00188968
	15	0.040016	0.0319213	0.00185004
	16	0.037628	0.032278	0.00176846
	17	0.014076	0.0312073	0.00196197
	18	0.028768	0.0310718	0.00185764
	19	0.038944	0.0314861	0.00180549
	20	0.040208	0.0319222	0.00176709
	1	0.031536	0.031536	0
	2	0.034588	0.033062	0.00107904
	3	0.038376	0.0348333	0.00161531
	4	0.034724	0.034806	0.00121171
	5	0.023656	0.032576	0.00221766
	6	0.01702	0.0299833	0.00300281
	7	0.032804	0.0303863	0.00260073
	8	0.02396	0.029583	0.00239649
	9	0.028652	0.0294796	0.00213244
	10	0.029364	0.029468	0.00191923
	11	0.025212	0.0290811	0.00178333
	12	0.035024	0.0295763	0.0017021
	13	0.042524	0.0305723	0.00183962
	14	0.025288	0.0301949	0.00174652
	15	0.028884	0.0301075	0.00163227
	16	0.025128	0.0297963	0.00155964
	17	0.033648	0.0300228	0.00148426
	18	0.028716	0.0299502	0.00140358
	19	0.025548	0.0297185	0.00134869
	20	0.040544	0.0302598	0.00138562
	1	0.03572	0.03572	0
	2	0.04172	0.03872	0.00212132
	3	0.020636	0.032692	0.00512099
	4	0.02856	0.031659	0.00394355
	5	0.040724	0.033472	0.0035472
	6	0.02512	0.03208	0.00321755
	7	0.032588	0.0321526	0.00275872
	8	0.044404	0.033684	0.00280694
	9	0.023956	0.0326031	0.00269515
	10	0.041516	0.0334944	0.00256879
	11	0.036104	0.0337316	0.00234619
	12	0.0265	0.033129	0.00222672
	13	0.036724	0.0334055	0.00207254
	14	0.03654	0.0336294	0.00193656
	15	0.022228	0.0328693	0.00195093
	16	0.031792	0.032802	0.00183015
	17	0.033124	0.0328209	0.0017226
	18	0.03066	0.0327009	0.00163107
	19	0.040512	0.033112	0.0015962
	20	0.013752	0.032144	0.00178595
	1	0.034424	0.034424	0
	2	0.040772	0.037598	0.00224436
	3	0.031692	0.0356293	0.00219602
	4	0.033216	0.035026	0.00172791
	5	0.0328	0.0345808	0.00143854
	6	0.013564	0.031078	0.00341493
	7	0.02826	0.0306754	0.00295072
	8	0.033228	0.0309945	0.00259907
	9	0.0229	0.0300951	0.00246098
	10	0.03054	0.0301396	0.00221529
	11	0.043128	0.0313204	0.00230721
	12	0.027124	0.0309707	0.00214128
	13	0.037336	0.0314603	0.00203178
	14	0.038076	0.0319329	0.00194083
	15	0.034624	0.0321123	0.00181971
	16	0.018876	0.031285	0.00188467
	17	0.03582	0.0315518	0.00179258
	18	0.041264	0.0320913	0.00177234
	19	0.028284	0.0318909	0.00169035
	20	0.035012	0.032047	0.00161302
	1	0.037788	0.037788	0
	2	0.03584	0.036814	0.000688722
	3	0.02686	0.033496	0.00274777
	4	0.034448	0.033734	0.00207111
	5	0.0325	0.0334872	0.00167153
	6	0.038576	0.0343353	0.00159365
	7	0.026788	0.0332571	0.00169185
	8	0.032976	0.033222	0.00148073
	9	0.036952	0.0336364	0.00137298
	10	0.029708	0.0332436	0.00129066
	11	0.030844	0.0330255	0.00119162
	12	0.033588	0.0330723	0.00109324
	13	0.031992	0.0329892	0.0010123
	14	0.042044	0.033636	0.00112784
	15	0.034788	0.0337128	0.00105526
	16	0.02878	0.0334045	0.00103336
	17	0.044552	0.0340602	0.00116215
	18	0.037412	0.0342464	0.00111241
	19	0.046392	0.0348857	0.00122382
	20	0.0322	0.0347514	0.00116997
	1	0.038512	0.038512	0
	2	0.046468	0.04249	0.00281287
	3	0.041652	0.0422107	0.00188907
	4	0.036728	0.04084	0.00184834
	5	0.025908	0.0378536	0.00305309
	6	0.040684	0.0383253	0.00258043
	7	0.046472	0.0394891	0.00246028
	8	0.02394	0.0375455	0.00281777
	9	0.025316	0.0361867	0.00281331
	10	0.025312	0.0350992	0.00273409
	11	0.028076	0.0344607	0.002559
	12	0.037912	0.0347483	0.00236186
	13	0.046444	0.035648	0.00234527
	14	0.035452	0.035634	0.0021778
	15	0.027344	0.0350813	0.00210157
	16	0.036968	0.0351993	0.00197352
	17	0.02844	0.0348016	0.00189706
	18	0.044552	0.0353433	0.00186741
	19	0.041948	0.0356909	0.00180119
	20	0.0291	0.0353614	0.00174101
	1	0.04434	0.04434	0
	2	0.026264	0.035302	0.00639083
	3	0.014508	0.0283707	0.00708387
	4	0.03372	0.029708	0.00543767
	5	0.026828	0.029132	0.00438054
	6	0.03136	0.0295033	0.00366615
	7	0.036644	0.0305234	0.00328127
	8	0.039024	0.031586	0.00303829
	9	0.04474	0.0330476	0.00303193
	10	0.038872	0.03363	0.00278412
	11	0.029056	0.0332142	0.00256188
	12	0.036932	0.033524	0.00236705
	13	0.044692	0.0343831	0.00233567
	14	0.03698	0.0345686	0.00217619
	15	0.02562	0.033972	0.00211129
	16	0.0169	0.032905	0.00223274
	17	0.019216	0.0320998	0.00224191
	18	0.042832	0.032696	0.00219521
	19	0.029172	0.0325105	0.00208749
	20	0.030152	0.0323926	0.00198645
	1	0.038236	0.038236	0
	2	0.04206	0.040148	0.00135199
	3	0.022892	0.034396	0.0047822
	4	0.033192	0.034095	0.00359611
	5	0.034112	0.0340984	0.00287689
	6	0.036328	0.03447	0.00242129
	7	0.03282	0.0342343	0.00208683
	8	0.02494	0.0330725	0.0021249
	9	0.053736	0.0353684	0.00287284
	10	0.045248	0.0363564	0.00275019
	11	0.025812	0.0353978	0.002662
	12	0.03278	0.0351797	0.00244909
	13	0.045296	0.0359578	0.00238112
	14	0.043616	0.0365049	0.002273
	15	0.041052	0.036808	0.00214159
	16	0.027804	0.0362453	0.00208036
	17	0.0267	0.0356838	0.00203235
	18	0.029356	0.0353322	0.00194961
	19	0.047408	0.0359678	0.00194784
	20	0.031304	0.0357346	0.00186435
	1	0.04206	0.04206	0
	2	0.026804	0.034432	0.00539381
	3	0.037128	0.0353307	0.00366997
	4	0.039712	0.036426	0.00291135
	5	0.030336	0.035208	0.00257127
	6	0.029092	0.0341887	0.00233605
	7	0.036688	0.0345457	0.00202943
	8	0.028008	0.0337285	0.0019333
	9	0.053136	0.0358849	0.00266206
	10	0.034844	0.0357808	0.00239789
	11	0.032368	0.0354705	0.00219988
	12	0.034828	0.035417	0.00201721
	13	0.027028	0.0347717	0.00196254
	14	0.033656	0.034692	0.00182398
	15	0.033128	0.0345877	0.00170536
	16	0.051112	0.0356205	0.00188574
	17	0.03092	0.035344	0.00179497
	18	0.037752	0.0354778	0.00170023
	19	0.042	0.0358211	0.00164503
	20	0.036964	0.0358782	0.00156377
	1	0.03208	0.03208	0
	2	0.047648	0.039864	0.00550412
	3	0.03412	0.0379493	0.00398855
	4	0.041428	0.038819	0.00308477
	5	0.043652	0.0397856	0.00261487
	6	0.02974	0.0381113	0.00266163
	7	0.035044	0.0376731	0.00231719
	8	0.039212	0.0378655	0.00203551
	9	0.042064	0.038332	0.00186203
	10	0.046756	0.0391744	0.00185663
	11	0.0388	0.0391404	0.00168816
	12	0.032692	0.038603	0.00163076
	13	0.031308	0.0380418	0.00159895
	14	0.032932	0.0376769	0.00152583
	15	0.042452	0.0379952	0.00145694
	16	0.040812	0.0381712	0.00137648
	17	0.029456	0.0376586	0.0013877
	18	0.042704	0.0379389	0.00133861
	19	0.040156	0.0380556	0.00127323
	20	0.042092	0.0382574	0.00122546
	1	0.045524	0.045524	0
	2	0.033452	0.039488	0.0042681
	3	0.037856	0.038944	0.00287986
	4	0.041236	0.039517	0.00221616
	5	0.037612	0.039136	0.00180539
	6	0.025244	0.0368207	0.00259438
	7	0.03388	0.0364006	0.00225751
	8	0.02254	0.034668	0.00255509
	9	0.046644	0.0359987	0.00259465
	10	0.036704	0.0360692	0.00233615
	11	0.038644	0.0363033	0.00213546
	12	0.027756	0.035591	0.00207289
	13	0.029396	0.0351145	0.00196745
	14	0.039136	0.0354017	0.00184777
	15	0.045116	0.0360493	0.00183457
	16	0.027956	0.0355435	0.00178829
	17	0.03958	0.0357809	0.00169878
	18	0.03142	0.0355387	0.00162159
	19	0.03494	0.0355072	0.00153655
	20	0.030132	0.0352384	0.00148304
	1	0.037424	0.037424	0
	2	0.03828	0.037852	0.000302642
	3	0.037824	0.0378427	0.000201905
	4	0.05032	0.040962	0.00270566
	5	0.041552	0.04108	0.0021671
	6	0.022336	0.037956	0.00337552
	7	0.0329	0.0372337	0.00296958
	8	0.035708	0.037043	0.0026045
	9	0.038908	0.0372502	0.00232334
	10	0.026072	0.0361324	0.00234454
	11	0.048836	0.0372873	0.00239903
	12	0.025652	0.0363177	0.00238702
	13	0.036144	0.0363043	0.00220344
	14	0.034188	0.0361531	0.00205123
	15	0.0211	0.0351496	0.00214598
	16	0.03912	0.0353978	0.00202615
	17	0.023008	0.0346689	0.00203382
	18	0.026696	0.034226	0.00196847
	19	0.030804	0.0340459	0.00187309
	20	0.028192	0.0337532	0.00180216
	1	0.046968	0.046968	0
	2	0.030624	0.038796	0.00577848
	3	0.043612	0.0404013	0.0040692
	4	0.036904	0.039527	0.00314443
	5	0.038148	0.0392512	0.00252761
	6	0.039952	0.039368	0.00210904
	7	0.040516	0.039532	0.00181411
	8	0.022628	0.037419	0.00253503
	9	0.040064	0.0377129	0.00227033
	10	0.02722	0.0366636	0.00227287
	11	0.030912	0.0361407	0.00212554
	12	0.03688	0.0362023	0.00194931
	13	0.043196	0.0367403	0.00187212
	14	0.033992	0.036544	0.00174866
	15	0.033864	0.0363653	0.00164119
	16	0.028104	0.035849	0.0016178
	17	0.043736	0.0363129	0.00158776
	18	0.051444	0.0371536	0.00170764
	19	0.0267	0.0366034	0.00170409
	20	0.041644	0.0368554	0.00163742
	1	0.033376	0.033376	0
	2	0.043736	0.038556	0.00366281
	3	0.0442	0.0404373	0.00288485
	4	0.04654	0.041963	0.00253517
	5	0.01496	0.0365624	0.00523894
	6	0.038428	0.0368733	0.004375
	7	0.044704	0.037992	0.00389039
	8	0.05526	0.0401505	0.00395785
	9	0.037732	0.0398818	0.0035272
	10	0.044864	0.04038	0.00320948
	11	0.0416	0.0404909	0.00291962
	12	0.043272	0.0407227	0.0026855
	13	0.033072	0.0401342	0.00254259
	14	0.046596	0.0405957	0.00240251
	15	0.042044	0.0406923	0.00224428
	16	0.042064	0.040778	0.00210565
	17	0.048332	0.0412224	0.00202813
	18	0.0424	0.0412878	0.00191651
	19	0.038848	0.0411594	0.00181994
	20	0.026568	0.0404298	0.00186946
	1	0.047592	0.047592	0
	2	0.014632	0.031112	0.0116531
	3	0.042772	0.0349987	0.00839191
	4	0.0303	0.033824	0.00637562
	5	0.04574	0.0362072	0.005528
	6	0.046512	0.0379247	0.00486615
	7	0.036064	0.0376589	0.00417824
	8	0.04088	0.0380615	0.00367531
	9	0.05384	0.0398147	0.00366128
	10	0.02662	0.0384952	0.0035249
	11	0.043256	0.038928	0.00323092
	12	0.048212	0.0397017	0.0030529
	13	0.0429	0.0399477	0.00282796
	14	0.029268	0.0391849	0.00272691
	15	0.036804	0.0390261	0.00254973
	16	0.038716	0.0390067	0.00239044
	17	0.02524	0.0381969	0.00238305
	18	0.03822	0.0381982	0.00225066
	19	0.027884	0.0376554	0.0021967
	20	0.042148	0.03788	0.00209832
	1	0.0395	0.0395	0
	2	0.042712	0.041106	0.00113561
	3	0.038292	0.040168	0.00107691
	4	0.050024	0.042632	0.00228163
	5	0.042724	0.0426504	0.00182538
	6	0.050612	0.0439773	0.00194453
	7	0.046696	0.0443657	0.00170508
	8	0.044636	0.0443995	0.00149228
	9	0.031364	0.0429511	0.00190375
	10	0.040988	0.0427548	0.00172347
	11	0.044812	0.0429418	0.0015769
	12	0.044972	0.043111	0.00145454
	13	0.050304	0.0436643	0.00144406
	14	0.020288	0.0419946	0.0020945
	15	0.04206	0.0419989	0.00195487
	16	0.042828	0.0420507	0.00183338
	17	0.04014	0.0419384	0.00172897
	18	0.049224	0.0423431	0.00167963
	19	0.03768	0.0420977	0.00160906
	20	0.0475	0.0423678	0.00155111
	1	0.0384	0.0384	0
	2	0.029956	0.034178	0.0029854
	3	0.025948	0.0314347	0.0029964
	4	0.038376	0.03317	0.0027035
	5	0.040156	0.0345672	0.00249789
	6	0.051296	0.0373553	0.00328801
	7	0.035856	0.0371411	0.00282526
	8	0.048624	0.0385765	0.00281319
	9	0.036364	0.0383307	0.00251133
	10	0.033768	0.0378744	0.00230127
	11	0.041092	0.0381669	0.00211057
	12	0.017228	0.036422	0.00255617
	13	0.015268	0.0347948	0.00283048
	14	0.055496	0.0362734	0.00298969
	15	0.025136	0.0355309	0.0028811
	16	0.050608	0.0364733	0.00285097
	17	0.041956	0.0367958	0.00270145
	18	0.034556	0.0366713	0.00255423
	19	0.052952	0.0375282	0.0025595
	20	0.037904	0.037547	0.00243159
	1	0.02568	0.02568	0
	2	0.032552	0.029116	0.00242962
	3	0.043836	0.0340227	0.00432132
	4	0.038356	0.035106	0.00337405
	5	0.031884	0.0344616	0.00276009
	6	0.04122	0.035588	0.00251946
	7	0.033872	0.0353429	0.00217143
	8	0.034264	0.035208	0.00190418
	9	0.035108	0.0351969	0.00169264
	10	0.044008	0.036078	0.00173764
	11	0.043352	0.0367393	0.00170085
	12	0.039352	0.036957	0.00157299
	13	0.039908	0.037184	0.00146828
	14	0.037536	0.0372091	0.00136362
	15	0.051472	0.03816	0.0015696
	16	0.047184	0.038724	0.00156956
	17	0.03718	0.0386332	0.00147986
	18	0.033296	0.0383367	0.00142704
	19	0.039036	0.0383735	0.00135241
	20	0.045784	0.038744	0.00133458
	1	0.03898	0.03898	0
	2	0.022356	0.030668	0.00587747
	3	0.054224	0.03852	0.00751371
	4	0.03286	0.037105	0.00576698
	5	0.034044	0.0364928	0.00464596
	6	0.039256	0.0369533	0.0038944
	7	0.0447	0.03806	0.00349175
	8	0.04	0.0383025	0.00306369
	9	0.032248	0.0376298	0.00279617
	10	0.03118	0.0369848	0.00258987
	11	0.041192	0.0373673	0.0023825
	12	0.047156	0.038183	0.0023194
	13	0.037252	0.0381114	0.00214209
	14	0.03486	0.0378791	0.00200164
	15	0.053536	0.0389229	0.00212297
	16	0.041164	0.039063	0.0019949
	17	0.050664	0.0397454	0.00199086
	18	0.041116	0.0398216	0.00188171
	19	0.021108	0.0388366	0.00202409
	20	0.051988	0.0394942	0.00202688
	1	0.03226	0.03226	0
	2	0.037576	0.034918	0.00187949
	3	0.047516	0.0391173	0.00365051
	4	0.048664	0.041504	0.00343047
	5	0.032276	0.0396584	0.00320259
	6	0.03584	0.039022	0.00273133
	7	0.031412	0.0379349	0.00254833
	8	0.033868	0.0374265	0.00227993
	9	0.039932	0.0377049	0.00204353
	10	0.032908	0.0372252	0.00189464
	11	0.039388	0.0374218	0.00173257
	12	0.023776	0.0362847	0.00192554
	13	0.03684	0.0363274	0.00177789
	14	0.044896	0.0369394	0.00175309
	15	0.036104	0.0368837	0.0016371
	16	0.055084	0.0380212	0.00188908
	17	0.047528	0.0385805	0.00185889
	18	0.047532	0.0390778	0.00182092
	19	0.036728	0.0389541	0.00172928
	20	0.027956	0.0384042	0.00172804
	1	0.05554	0.05554	0
	2	0.045828	0.050684	0.00343371
	3	0.052164	0.0511773	0.00232431
	4	0.030992	0.046131	0.0047051
	5	0.027464	0.0423976	0.00503179
	6	0.033644	0.0409387	0.00439958
	7	0.03548	0.0401589	0.00383956
	8	0.047368	0.04106	0.00346375
	9	0.046884	0.0417071	0.00313875
	10	0.042732	0.0418096	0.00282655
	11	0.045868	0.0421785	0.00259356
	12	0.047816	0.0426483	0.0024196
	13	0.048036	0.0430628	0.00226869
	14	0.031824	0.04226	0.00224418
	15	0.050536	0.0428117	0.00216133
	16	0.035932	0.0423817	0.00206858
	17	0.034236	0.0419026	0.00200162
	18	0.032092	0.0413576	0.00196322
	19	0.03138	0.0408324	0.00192885
	20	0.041584	0.04087	0.00183277
	1	0.038912	0.038912	0
	2	0.030036	0.034474	0.00313814
	3	0.037592	0.0355133	0.00225765
	4	0.037284	0.035956	0.0017361
	5	0.03462	0.0356888	0.00140929
	6	0.035336	0.03563	0.00117563
	7	0.043052	0.0366903	0.00140678
	8	0.03334	0.0362715	0.00129177
	9	0.025832	0.0351116	0.00158569
	10	0.019464	0.0335468	0.0020592
	11	0.037404	0.0338975	0.00190162
	12	0.037104	0.0341647	0.00176182
	13	0.03444	0.0341858	0.00162643
	14	0.044272	0.0349063	0.00166218
	15	0.044324	0.0355341	0.00166573
	16	0.035068	0.035505	0.00156187
	17	0.043644	0.0359838	0.00154163
	18	0.043332	0.036392	0.00150907
	19	0.035212	0.0363299	0.00143092
	20	0.04082	0.0365544	0.00137687
	1	0.043612	0.043612	0
	2	0.051156	0.047384	0.00266721
	3	0.038168	0.044312	0.00307461
	4	0.042028	0.043741	0.00235838
	5	0.049884	0.0449696	0.0021834
	6	0.029736	0.0424307	0.00294659
	7	0.049456	0.0434343	0.00269114
	8	0.041748	0.0432235	0.00236299
	9	0.055144	0.044548	0.00244361
	10	0.049708	0.045064	0.00225307
	11	0.04496	0.0450545	0.00204826
	12	0.041228	0.0447357	0.00190223
	13	0.039368	0.0443228	0.00180016
	14	0.056724	0.0452086	0.00187691
	15	0.06174	0.0463107	0.00204997
	16	0.037732	0.0457745	0.00199073
	17	0.044776	0.0457158	0.00187449
	18	0.04344	0.0455893	0.00177461
	19	0.022824	0.0443912	0.0020461
	20	0.03994	0.0441686	0.00195586
	1	0.058116	0.058116	0
	2	0.0443	0.051208	0.00488469
	3	0.031236	0.0445507	0.0063365
	4	0.042176	0.043957	0.00478011
	5	0.020088	0.0391832	0.00573192
	6	0.027396	0.0372187	0.00510217
	7	0.049628	0.0389914	0.00467112
	8	0.030156	0.037887	0.00421577
	9	0.042468	0.038396	0.00377796
	10	0.03642	0.0381984	0.00340532
	11	0.04072	0.0384276	0.00310346
	12	0.042348	0.0387543	0.00286198
	13	0.042972	0.0390788	0.00266015
	14	0.047508	0.0396809	0.00253736
	15	0.046688	0.040148	0.00241082
	16	0.044596	0.040426	0.00227612
	17	0.038872	0.0403346	0.00214406
	18	0.039524	0.0402896	0.00202542
	19	0.04814	0.0407027	0.00196051
	20	0.03302	0.0403186	0.00189975
	1	0.042552	0.042552	0
	2	0.040008	0.04128	0.00089944
	3	0.0494	0.0439867	0.00228989
	4	0.053804	0.046441	0.00273264
	5	0.042872	0.0457272	0.00227743
	6	0.030412	0.0431747	0.00300523
	7	0.046412	0.0436371	0.00261125
	8	0.039232	0.0430865	0.00234218
	9	0.03708	0.0424191	0.00217495
	10	0.05094	0.0432712	0.0021178
	11	0.046536	0.043568	0.00194596
	12	0.042672	0.0434933	0.00178523
	13	0.032468	0.0426452	0.00183835
	14	0.033392	0.0419843	0.00182198
	15	0.035692	0.0415648	0.00174814
	16	0.034056	0.0410955	0.00170071
	17	0.046232	0.0413976	0.00162729
	18	0.020744	0.0402502	0.0018988
	19	0.029312	0.0396745	0.00188412
	20	0.045384	0.03996	0.00181141
	1	0.037276	0.037276	0
	2	0.047388	0.042332	0.00357513
	3	0.02902	0.0378947	0.00433674
	4	0.042912	0.039149	0.00342916
	5	0.034684	0.038256	0.00285724
	6	0.030108	0.036898	0.00268442
	7	0.05466	0.0394354	0.00328832
	8	0.030848	0.038362	0.00304745
	9	0.061728	0.0409582	0.00365093
	10	0.04932	0.0417944	0.00338023
	11	0.0299	0.0407131	0.00324128
	12	0.042148	0.0408327	0.00297338
	13	0.044028	0.0410785	0.0027548
	14	0.056856	0.0422054	0.002779
	15	0.056936	0.0431875	0.0027618
	16	0.042008	0.0431137	0.00259017
	17	0.047948	0.0433981	0.00245337
	18	0.060496	0.044348	0.00249419
	19	0.042876	0.0442705	0.00236412
	20	0.034792	0.0437966	0.00229292
	1	0.045092	0.045092	0
	2	0.031604	0.038348	0.00476873
	3	0.042184	0.0396267	0.00334619
	4	0.034856	0.038434	0.00271388
	5	0.02426	0.0355992	0.00333805
	6	0.044204	0.0370333	0.00307439
	7	0.02402	0.0351743	0.00314747
	8	0.057768	0.0379985	0.00381626
	9	0.051968	0.0395507	0.00369443
	10	0.028268	0.0384224	0.00349302
	11	0.033988	0.0380193	0.00319865
	12	0.03296	0.0375977	0.00295975
	13	0.036652	0.0375249	0.00273297
	14	0.037856	0.0375486	0.00253786
	15	0.065784	0.0394309	0.00298625
	16	0.03824	0.0393565	0.00280053
	17	0.040408	0.0394184	0.00263648
	18	0.034492	0.0391447	0.00250417
	19	0.035884	0.0389731	0.00237825
	20	0.045664	0.0393076	0.00228275
	1	0.042748	0.042748	0
	2	0.042132	0.04244	0.000217789
	3	0.044472	0.0431173	0.000571782
	4	0.060848	0.04755	0.00386268
	5	0.027704	0.0435808	0.00470666
	6	0.05046	0.0447273	0.00405946
	7	0.036616	0.0435686	0.00364117
	8	0.05524	0.0450275	0.003466
	9	0.037752	0.0442191	0.00317376
	10	0.05308	0.0451052	0.00297751
	11	0.033304	0.0440324	0.00289366
	12	0.037504	0.0434883	0.00270318
	13	0.05124	0.0440846	0.00256016
	14	0.034296	0.0433854	0.00247092
	15	0.0374	0.0429864	0.00233819
	16	0.03822	0.0426885	0.00221095
	17	0.065584	0.0440353	0.00245709
	18	0.024628	0.0429571	0.00254617
	19	0.041228	0.0428661	0.00241379
	20	0.04706	0.0430758	0.00230219
	1	0.041228	0.041228	0
	2	0.041928	0.041578	0.000247487
	3	0.02816	0.0371053	0.00365564
	4	0.032508	0.035956	0.00291682
	5	0.0427	0.0373048	0.00262686
	6	0.034712	0.0368727	0.00222431
	7	0.017916	0.0341646	0.00314977
	8	0.046728	0.035735	0.0031231
	9	0.050404	0.0373649	0.00317302
	10	0.058984	0.0395268	0.00351591
	11	0.039484	0.0395229	0.00319628
	12	0.048188	0.040245	0.00301038
	13	0.045504	0.0406495	0.00280587
	14	0.03222	0.0400474	0.00266927
	15	0.043388	0.0402701	0.00250059
	16	0.045836	0.040618	0.00236838
	17	0.043652	0.0407965	0.00223577
	18	0.040012	0.0407529	0.00211199
	19	0.05254	0.0413733	0.00208996
	20	0.062876	0.0424484	0.00224504
	1	0.052836	0.052836	0
	2	0.058256	0.055546	0.00191626
	3	0.026168	0.0457533	0.00809709
	4	0.049364	0.046656	0.00612293
	5	0.047072	0.0467392	0.00489891
	6	0.04022	0.0456527	0.00420119
	7	0.04396	0.0454109	0.00360797
	8	0.050284	0.04602	0.00320798
	9	0.072364	0.0489471	0.00396828
	10	0.04606	0.0486584	0.00358194
	11	0.02038	0.0460876	0.00407573
	12	0.05176	0.0465603	0.0037634
	13	0.037216	0.0458415	0.00354188
	14	0.053428	0.0463834	0.00333009
	15	0.05356	0.0468619	0.00314226
	16	0.035876	0.0461753	0.00301996
	17	0.040796	0.0458588	0.00285884
	18	0.035392	0.0452773	0.00275852
	19	0.053056	0.0456867	0.00264354
	20	0.046772	0.045741	0.00251192
	1	0.041424	0.041424	0
	2	0.026812	0.034118	0.00516612
	3	0.04958	0.039272	0.00543791
	4	0.04832	0.041534	0.0045245
	5	0.047084	0.042644	0.00375329
	6	0.058996	0.0453693	0.00399654
	7	0.041944	0.04488	0.00345543
	8	0.0543	0.0460575	0.00321788
	9	0.0564	0.0472067	0.00305866
	10	0.04486	0.046972	0.00276178
	11	0.040784	0.0464095	0.00256736
	12	0.04754	0.0465037	0.00235514
	13	0.051512	0.0468889	0.00220526
	14	0.035504	0.0460757	0.00219256
	15	0.0449	0.0459973	0.00204779
	16	0.039028	0.0455618	0.00196558
	17	0.031028	0.0447068	0.00202738
	18	0.055808	0.0453236	0.00200636
	19	0.03736	0.0449044	0.00194405
	20	0.040052	0.0446618	0.00186192
	1	0.051744	0.051744	0
	2	0.03134	0.041542	0.0072139
	3	0.047528	0.0435373	0.00507773
	4	0.047012	0.044406	0.00388189
	5	0.030992	0.0417232	0.00392455
	6	0.052472	0.0435147	0.00365655
	7	0.051472	0.0446514	0.00330617
	8	0.052148	0.0455885	0.00302278
	9	0.040328	0.045004	0.00274284
	10	0.04622	0.0451256	0.00247125
	11	0.019572	0.0428025	0.00315486
	12	0.052968	0.0436497	0.00300354
	13	0.037024	0.04314	0.00281541
	14	0.0444	0.04323	0.00261574
	15	0.064204	0.0446283	0.00279017
	16	0.054432	0.045241	0.00268222
	17	0.0472	0.0453562	0.00252692
	18	0.066292	0.0465193	0.00264068
	19	0.013004	0.0447554	0.00303419
	20	0.043584	0.0446968	0.00288304
	1	0.055788	0.055788	0
	2	0.046876	0.051332	0.00315087
	3	0.047324	0.049996	0.00236693
	4	0.017512	0.041875	0.00725357
	5	0.047176	0.0429352	0.00587983
	6	0.045768	0.0434073	0.00491878
	7	0.039332	0.0428251	0.00425041
	8	0.054364	0.0442675	0.00395627
	9	0.041944	0.0440093	0.0035251
	10	0.051964	0.0448048	0.00326111
	11	0.041568	0.0445105	0.00297789
	12	0.038724	0.0440283	0.0027685
	13	0.070348	0.0460529	0.00321161
	14	0.039588	0.0455911	0.00301522
	15	0.04088	0.0452771	0.00283052
	16	0.045056	0.0452632	0.00265365
	17	0.035512	0.0446896	0.00255879
	18	0.046124	0.0447693	0.00241788
	19	0.041452	0.0445947	0.00229692
	20	0.04782	0.044756	0.00218772
	1	0.039632	0.039632	0
	2	0.040024	0.039828	0.000138593
	3	0.055736	0.0451307	0.00433059
	4	0.04634	0.045433	0.00325848
	5	0.04652	0.0456504	0.00261403
	6	0.051668	0.0466533	0.00236294
	7	0.03936	0.0456114	0.00224335
	8	0.0466	0.045735	0.00196633
	9	0.036496	0.0447084	0.00199793
	10	0.04118	0.0443556	0.00182903
	11	0.047504	0.0446418	0.001685
	12	0.046876	0.044828	0.00155483
	13	0.0438	0.0447489	0.00143724
	14	0.048792	0.0450377	0.00136328
	15	0.050788	0.0454211	0.0013252
	16	0.062036	0.0464595	0.00159826
	17	0.074036	0.0480816	0.002177
	18	0.048928	0.0481287	0.00205657
	19	0.045696	0.0480006	0.00195231
	20	0.052904	0.0482458	0.00187002
	1	0.052308	0.052308	0
	2	0.060332	0.05632	0.00283691
	3	0.035512	0.049384	0.00597068
	4	0.03544	0.045898	0.00540062
	5	0.051636	0.0470456	0.00444075
	6	0.045596	0.046804	0.00370719
	7	0.055076	0.0479857	0.00336066
	8	0.050808	0.0483385	0.00295904
	9	0.046836	0.0481716	0.00263496
	10	0.05236	0.0485904	0.00240452
	11	0.056308	0.049292	0.002286
	12	0.036616	0.0482357	0.00232679
	13	0.051784	0.0485086	0.00216376
	14	0.052864	0.0488197	0.00203145
	15	0.049436	0.0488608	0.00189643
	16	0.052952	0.0491165	0.00179506
	17	0.055896	0.0495153	0.0017332
	18	0.036828	0.0488104	0.00177446
	19	0.034176	0.0480402	0.00184066
	20	0.059696	0.048623	0.00183857
	1	0.061156	0.061156	0
	2	0.037752	0.049454	0.00827456
	3	0.039936	0.0462813	0.00609434
	4	0.04954	0.047096	0.00462488
	5	0.046144	0.0469056	0.00370382
	6	0.044124	0.046442	0.0031154
	7	0.055148	0.0476857	0.00290802
	8	0.053936	0.048467	0.00264739
	9	0.052464	0.0489111	0.0023902
	10	0.058072	0.0498272	0.0023201
	11	0.042048	0.04912	0.00221434
	12	0.05952	0.0499867	0.00219287
	13	0.01734	0.0474754	0.0031494
	14	0.054416	0.0479711	0.00296321
	15	0.037828	0.0472949	0.00284177
	16	0.04028	0.0468565	0.00269777
	17	0.063456	0.0478329	0.00271003
	18	0.048556	0.0478731	0.00255977
	19	0.048552	0.0479088	0.00242529
	20	0.066688	0.0488478	0.00247914
	1	0.033188	0.033188	0
	2	0.071868	0.052528	0.0136754
	3	0.021152	0.0420693	0.0124917
	4	0.049864	0.044018	0.00951952
	5	0.043676	0.0439496	0.00761586
	6	0.051732	0.0452467	0.00645606
	7	0.045452	0.045276	0.00553383
	8	0.053868	0.04635	0.00494523
	9	0.048332	0.0465702	0.00440066
	10	0.0682	0.0487332	0.0044606
	11	0.034472	0.0474367	0.00423931
	12	0.054632	0.0480363	0.00392821
	13	0.050812	0.0482498	0.00363184
	14	0.042216	0.0478189	0.0033979
	15	0.054432	0.0482597	0.00319985
	16	0.052496	0.0485245	0.00301079
	17	0.062212	0.0493296	0.00293937
	18	0.0614	0.0500002	0.00285154
	19	0.044424	0.0497067	0.00271652
	20	0.05558	0.0500004	0.00259652
	1	0.046364	0.046364	0
	2	0.05056	0.048462	0.00148351
	3	0.055184	0.0507027	0.00207971
	4	0.050432	0.050635	0.00156088
	5	0.062528	0.0530136	0.00246687
	6	0.053612	0.0531133	0.00205774
	7	0.039928	0.0512297	0.00248034
	8	0.055664	0.051784	0.00223137
	9	0.036684	0.0501062	0.00253697
	10	0.0584	0.0509356	0.00241504
	11	0.048108	0.0506785	0.00220913
	12	0.047508	0.0504143	0.00204077
	13	0.049432	0.0503388	0.00188519
	14	0.057092	0.0508211	0.00181119
	15	0.06194	0.0515624	0.00183588
	16	0.059564	0.0520625	0.00178795
	17	0.056484	0.0523226	0.00170159
	18	0.04072	0.051678	0.00172483
	19	0.061752	0.0522082	0.00171361
	20	0.064604	0.052828	0.0017364
	1	0.0523	0.0523	0
	2	0.064428	0.058364	0.0042879
	3	0.050676	0.0558013	0.00354256
	4	0.052484	0.054972	0.00275229
	5	0.071528	0.0582832	0.00369043
	6	0.06756	0.0598293	0.00338378
	7	0.037076	0.0565789	0.00417953
	8	0.040596	0.054581	0.00410692
	9	0.045612	0.0535844	0.00376956
	10	0.057628	0.0539888	0.00341423
	11	0.063592	0.0548618	0.00321352
	12	0.066304	0.0558153	0.00308395
	13	0.052532	0.0555628	0.00285704
	14	0.042896	0.054658	0.00279256
	15	0.041428	0.053776	0.00274214
	16	0.051636	0.0536423	0.00257401
	17	0.06034	0.0540362	0.00245257
	18	0.051936	0.0539196	0.00231909
	19	0.060316	0.0542562	0.00222133
	20	0.064788	0.0547828	0.00217179
	1	0.070672	0.070672	0
	2	0.053476	0.062074	0.0060797
	3	0.040332	0.0548267	0.00717243
	4	0.05446	0.054735	0.00537991
	5	0.060416	0.0558712	0.00442228
	6	0.059768	0.0565207	0.00373262
	7	0.043896	0.0547171	0.00360889
	8	0.043432	0.0533065	0.00342239
	9	0.037856	0.0515898	0.0034459
	10	0.048768	0.0513076	0.00311284
	11	0.0556	0.0516978	0.00285421
	12	0.078872	0.0539623	0.00339794
	13	0.080768	0.0560243	0.00370981
	14	0.049604	0.0555657	0.00347305
	15	0.035892	0.0542541	0.00348037
	16	0.059332	0.0545715	0.00327729
	17	0.059828	0.0548807	0.00309906
	18	0.045332	0.0543502	0.00297194
	19	0.044792	0.0538472	0.00285779
	20	0.049792	0.0536444	0.00272208
	1	0.045868	0.045868	0
	2	0.048792	0.04733	0.00103379
	3	0.047688	0.0474493	0.000696047
	4	0.031912	0.043565	0.0034042
	5	0.039352	0.0427224	0.00282571
	6	0.051464	0.0441793	0.0027044
	7	0.047232	0.0446154	0.00235296
	8	0.054276	0.045823	0.00234835
	9	0.051052	0.046404	0.0021581
	10	0.077452	0.0495088	0.00352821
	11	0.062308	0.0506724	0.00339391
	12	0.044024	0.0501183	0.00315598
	13	0.046292	0.049824	0.00292691
	14	0.050116	0.0498449	0.00271792
	15	0.053712	0.0501027	0.00254892
	16	0.057096	0.0505397	0.0024268
	17	0.044408	0.0501791	0.0023107
	18	0.054872	0.0504398	0.00219698
	19	0.035476	0.0496522	0.00221803
	20	0.055152	0.0499272	0.0021241
	1	0.042912	0.042912	0
	2	0.034472	0.038692	0.00298399
	3	0.055028	0.0441373	0.00487085
	4	0.0487	0.045278	0.00378434
	5	0.050612	0.0463448	0.00317428
	6	0.052792	0.0474193	0.00282125
	7	0.030956	0.0450674	0.00325408
	8	0.06576	0.047654	0.00373648
	9	0.057552	0.0487538	0.0034794
	10	0.070456	0.050924	0.00374766
	11	0.061708	0.0519044	0.00353286
	12	0.0566	0.0522957	0.00326006
	13	0.043236	0.0515988	0.00308287
	14	0.054624	0.0518149	0.00287023
	15	0.0462	0.0514405	0.00270318
	16	0.066868	0.0524047	0.00270073
	17	0.050668	0.0523026	0.00254379
	18	0.052912	0.0523364	0.0024027
	19	0.058612	0.0526667	0.00229883
	20	0.067236	0.0533952	0.00229641
	1	0.048124	0.048124	0
	2	0.053824	0.050974	0.00201525
	3	0.043304	0.0484173	0.00248248
	4	0.05012	0.048843	0.001898
	5	0.066644	0.0524032	0.00352783
	6	0.068524	0.05509	0.00382864
	7	0.07198	0.0575029	0.00396985
	8	0.043192	0.055714	0.00385565
	9	0.05388	0.0555102	0.00343262
	10	0.069144	0.0568736	0.00334919
	11	0.051404	0.0563764	0.00308141
	12	0.063452	0.056966	0.00288049
	13	0.06148	0.0573132	0.00267976
	14	0.049848	0.05678	0.00254084
	15	0.052284	0.0564803	0.00238907
	16	0.048944	0.0560092	0.00228571
	17	0.066684	0.0566372	0.00223585
	18	0.056296	0.0566182	0.00211171
	19	0.045292	0.0560221	0.00208301
	20	0.039324	0.0551872	0.00213965
	1	0.067596	0.067596	0
	2	0.047688	0.057642	0.00703854
	3	0.047844	0.054376	0.00539717
	4	0.06464	0.056942	0.00461774
	5	0.052456	0.0560448	0.00378035
	6	0.045944	0.0543613	0.00350515
	7	0.077468	0.0576623	0.00428558
	8	0.056872	0.0575635	0.00375102
	9	0.055696	0.057356	0.00333997
	10	0.061536	0.057774	0.00303202
	11	0.042476	0.0563833	0.00305875
	12	0.04152	0.0551447	0.00304432
	13	0.043036	0.0542132	0.00294919
	14	0.046044	0.0536297	0.00279566
	15	0.065224	0.0544027	0.00271404
	16	0.06034	0.0547737	0.00256965
	17	0.055524	0.0548179	0.00241888
	18	0.069908	0.0556562	0.00242543
	19	0.056112	0.0556802	0.00229789
	20	0.065636	0.056178	0.00223626
	1	0.038192	0.038192	0
	2	0.069736	0.053964	0.0111525
	3	0.04376	0.0505627	0.00793674
	4	0.053156	0.051211	0.00597898
	5	0.075216	0.056012	0.00642795
	6	0.048144	0.0547007	0.00548875
	7	0.038864	0.0524383	0.00514984
	8	0.050604	0.052209	0.00451121
	9	0.064008	0.05352	0.00419614
	10	0.055012	0.0536692	0.00377918
	11	0.044856	0.052868	0.00351952
	12	0.04442	0.052164	0.00329588
	13	0.058736	0.0526695	0.00308088
	14	0.03964	0.0517389	0.0029981
	15	0.075548	0.0533261	0.00319085
	16	0.06674	0.0541645	0.0030996
	17	0.053128	0.0541035	0.00291787
	18	0.073908	0.0552038	0.00295594
	19	0.046252	0.0547326	0.00283766
	20	0.037612	0.0538766	0.00282194
	1	0.050264	0.050264	0
	2	0.059232	0.054748	0.00317067
	3	0.049436	0.0529773	0.0025609
	4	0.066512	0.056361	0.0035037
	5	0.068328	0.0587544	0.00352693
	6	0.061868	0.0592733	0.00297704
	7	0.073484	0.0613034	0.00316922
	8	0.071284	0.062551	0.00300862
	9	0.039624	0.0600036	0.0035945
	10	0.07398	0.0614012	0.00349623
	11	0.061256	0.061388	0.00317842
	12	0.041644	0.0597427	0.00331214
	13	0.055892	0.0594465	0.00307058
	14	0.035744	0.0577534	0.00328501
	15	0.04208	0.0567085	0.00322791
	16	0.064252	0.05718	0.0030604
	17	0.047488	0.0566099	0.002933
	18	0.040288	0.0557031	0.00290685
	19	0.056556	0.055748	0.0027542
	20	0.071044	0.0565128	0.00272061
	1	0.07886	0.07886	0
	2	0.042056	0.060458	0.0130122
	3	0.06036	0.0604253	0.00867483
	4	0.048696	0.057493	0.00698416
	5	0.040852	0.0541648	0.00633086
	6	0.06218	0.0555007	0.00541482
	7	0.078364	0.0587669	0.00553944
	8	0.065124	0.0595615	0.00490368
	9	0.058304	0.0594218	0.00436082
	10	0.073816	0.0608612	0.00415551
	11	0.063044	0.0610596	0.00378247
	12	0.0635	0.061263	0.00347273
	13	0.0549	0.0607735	0.00323991
	14	0.034072	0.0588663	0.00352545
	15	0.06506	0.0592792	0.00331451
	16	0.08626	0.0609655	0.0035102
	17	0.052204	0.0604501	0.00334134
	18	0.065996	0.0607582	0.00316988
	19	0.053516	0.0603771	0.00302588
	20	0.075716	0.061144	0.00297019
	1	0.061536	0.061536	0
	2	0.074212	0.067874	0.00448164
	3	0.038504	0.058084	0.00853363
	4	0.04412	0.054593	0.00707836
	5	0.04276	0.0522264	0.00604538
	6	0.061572	0.053784	0.00523463
	7	0.063368	0.0551531	0.00466244
	8	0.042572	0.0535805	0.00433676
	9	0.0648	0.0548271	0.00403009
	10	0.058404	0.0551848	0.00364292
	11	0.069972	0.0565291	0.00355112
	12	0.063984	0.0571503	0.00330909
	13	0.065032	0.0577566	0.00310959
	14	0.049492	0.0571663	0.00294298
	15	0.058908	0.0572824	0.00274907
	16	0.054692	0.0571205	0.00258202
	17	0.031056	0.0555873	0.00284921
	18	0.042796	0.0548767	0.00277813
	19	0.06268	0.0552874	0.00266209
	20	0.06018	0.055532	0.0025402
	1	0.058412	0.058412	0
	2	0.0578	0.058106	0.000216375
	3	0.072836	0.063016	0.00401159
	4	0.073244	0.065573	0.00373576
	5	0.061148	0.064688	0.00309166
	6	0.060648	0.0640147	0.00264869
	7	0.063052	0.0638771	0.00227388
	8	0.04476	0.0614875	0.00299254
	9	0.073924	0.0628693	0.00296194
	10	0.056172	0.0621996	0.00274041
	11	0.049688	0.0610622	0.0027171
	12	0.060228	0.0609927	0.00249156
	13	0.057216	0.0607022	0.00231678
	14	0.043116	0.059446	0.00246846
	15	0.056632	0.0592584	0.00231101
	16	0.0666	0.0597172	0.00221166
	17	0.055292	0.0594569	0.00209682
	18	0.062624	0.0596329	0.0019877
	19	0.068364	0.0600924	0.00193547
	20	0.074084	0.060792	0.00196106
	1	0.076728	0.076728	0
	2	0.06094	0.068834	0.0055819
	3	0.07822	0.0719627	0.00451371
	4	0.060556	0.069111	0.00419036
	5	0.064	0.0680888	0.00347473
	6	0.06302	0.067244	0.00299655
	7	0.0731	0.0680806	0.0026827
	8	0.06172	0.0672855	0.00246237
	9	0.079464	0.0686387	0.00253344
	10	0.051076	0.0668824	0.00282398
	11	0.03148	0.063664	0.00400091
	12	0.070588	0.064241	0.00370887
	13	0.065124	0.0643089	0.0034242
	14	0.075664	0.06512	0.00327426
	15	0.049732	0.0640941	0.00321267
	16	0.037976	0.0624617	0.0034014
	17	0.067244	0.0627431	0.00321293
	18	0.059424	0.0625587	0.00303972
	19	0.080424	0.0634989	0.00302167
	20	0.072664	0.0639572	0.00290512
	1	0.078108	0.078108	0
	2	0.051224	0.064666	0.00950493
	3	0.061036	0.063456	0.00641318
	4	0.077772	0.067035	0.00572205
	5	0.065004	0.0666288	0.00459204
	6	0.071604	0.067458	0.00390085
	7	0.056168	0.0658451	0.00366186
	8	0.087636	0.068569	0.0040937
	9	0.04836	0.0663236	0.00420987
	10	0.043252	0.0640164	0.00437565
	11	0.059628	0.0636175	0.00399601
	12	0.07464	0.064536	0.0037671
	13	0.053436	0.0636822	0.00357278
	14	0.062096	0.0635689	0.00331938
	15	0.087396	0.0651573	0.00345734
	16	0.06418	0.0650963	0.00324179
	17	0.082972	0.0661478	0.00321712
	18	0.083948	0.0671367	0.00318675
	19	0.040564	0.0657381	0.00331173
	20	0.03826	0.0643642	0.00341928
	1	0.062856	0.062856	0
	2	0.043716	0.053286	0.00676701
	3	0.072504	0.059692	0.00690725
	4	0.074832	0.063477	0.00613038
	5	0.062964	0.0633744	0.00490516
	6	0.070124	0.0644993	0.00421466
	7	0.054544	0.0630771	0.00384504
	8	0.059112	0.0625815	0.0033962
	9	0.061044	0.0624107	0.00302314
	10	0.07608	0.0637776	0.00301406
	11	0.076812	0.0649625	0.00296384
	12	0.0717	0.065524	0.00276952
	13	0.066	0.0655606	0.00255672
	14	0.078808	0.0665069	0.00254318
	15	0.091768	0.0681909	0.0028777
	16	0.067856	0.06817	0.00269792
	17	0.042632	0.0666678	0.00292773
	18	0.091848	0.0680667	0.00308121
	19	0.069088	0.0681204	0.00291951
	20	0.075936	0.0685112	0.00279957
	1	0.061	0.061	0
	2	0.0579	0.05945	0.00109602
	3	0.06026	0.05972	0.00076321
	4	0.064596	0.060939	0.00120088
	5	0.059348	0.0606208	0.00100198
	6	0.054588	0.0596153	0.00124083
	7	0.044128	0.0574029	0.00230802
	8	0.070224	0.0590055	0.00251512
	9	0.074812	0.0607618	0.00278208
	10	0.065332	0.0612188	0.00254114
	11	0.077252	0.0626764	0.00269593
	12	0.05636	0.06215	0.00252213
	13	0.088104	0.0641465	0.00301652
	14	0.071232	0.0646526	0.00284319
	15	0.084148	0.0659523	0.00293572
	16	0.062312	0.0657247	0.00276104
	17	0.072696	0.0661348	0.0026289
	18	0.0707	0.0663884	0.00249505
	19	0.061656	0.0661394	0.00237614
	20	0.08346	0.0670054	0.00240999
	1	0.0679	0.0679	0
	2	0.059268	0.063584	0.00305187
	3	0.062512	0.0632267	0.00205539
	4	0.076016	0.066424	0.00316916
	5	0.038616	0.0608624	0.00558328
	6	0.063868	0.0613633	0.00467515
	7	0.052904	0.0601549	0.00416053
	8	0.05736	0.0598055	0.0036551
	9	0.076124	0.0616187	0.00367126
	10	0.058096	0.0612664	0.00332099
	11	0.061252	0.0612651	0.00301908
	12	0.048624	0.0602117	0.00294555
	13	0.056184	0.0599018	0.00273521
	14	0.05844	0.0597974	0.00254183
	15	0.08066	0.0611883	0.00272647
	16	0.060744	0.0611605	0.00255621
	17	0.069852	0.0616718	0.00245644
	18	0.060628	0.0616138	0.00232065
	19	0.06038	0.0615488	0.00219942
	20	0.06298	0.0616204	0.00209062
	1	0.060148	0.060148	0
	2	0.078912	0.06953	0.00663408
	3	0.073392	0.0708173	0.0045459
	4	0.054756	0.066802	0.00486995
	5	0.09552	0.0725456	0.00644745
	6	0.062296	0.0708373	0.00559461
	7	0.08188	0.0724149	0.00501285
	8	0.072112	0.072377	0.00438639
	9	0.089116	0.0742369	0.00427518
	10	0.069164	0.0737296	0.00387764
	11	0.079144	0.0742218	0.00355623
	12	0.062896	0.073278	0.0033828
	13	0.065796	0.0727025	0.00317117
	14	0.085776	0.0736363	0.00307908
	15	0.066172	0.0731387	0.00291374
	16	0.066356	0.0727148	0.0027623
	17	0.04928	0.0713362	0.00292362
	18	0.049532	0.0701249	0.00300167
	19	0.045716	0.0688402	0.00310646
	20	0.083324	0.0695644	0.00303438
	1	0.057016	0.057016	0
	2	0.071916	0.064466	0.00526795
	3	0.035516	0.054816	0.00862645
	4	0.076288	0.060184	0.00796683
	5	0.083264	0.0648	0.00759388
	6	0.077	0.0668333	0.00659484
	7	0.062284	0.0661834	0.00568465
	8	0.065448	0.0660915	0.00497481
	9	0.06432	0.0658947	0.00442595
	10	0.04052	0.0633572	0.00465424
	11	0.06506	0.063512	0.0042337
	12	0.077116	0.0646457	0.00402982
	13	0.088548	0.0664843	0.00411797
	14	0.075216	0.067108	0.00387078
	15	0.05874	0.0665501	0.0036527
	16	0.091068	0.0680825	0.00373202
	17	0.0582	0.0675012	0.00355748
	18	0.07492	0.0679133	0.00338363
	19	0.071356	0.0680945	0.00321039
	20	0.085244	0.068952	0.00316231
	1	0.07964	0.07964	0
	2	0.044656	0.062148	0.0123687
	3	0.09078	0.071692	0.0113454
	4	0.06362	0.069674	0.00868668
	5	0.08504	0.0727472	0.00747322
	6	0.061432	0.0708613	0.00646126
	7	0.050436	0.0679434	0.00616196
	8	0.084476	0.07001	0.00572778
	9	0.06204	0.0691244	0.00515936
	10	0.07508	0.06972	0.00467767
	11	0.08364	0.0709855	0.00442029
	12	0.063792	0.070386	0.00409238
	13	0.062428	0.0697738	0.00382309
	14	0.063176	0.0693026	0.00357894
	15	0.078716	0.0699301	0.00339492
	16	0.07736	0.0703945	0.00321434
	17	0.067216	0.0702075	0.00303069
	18	0.037536	0.0683924	0.0033622
	19	0.063292	0.068124	0.00319594
	20	0.076788	0.0685572	0.00306536
	1	0.075492	0.075492	0
	2	0.060304	0.067898	0.00536977
	3	0.090072	0.0752893	0.00701687
	4	0.102772	0.08216	0.00794356
	5	0.074688	0.0806656	0.00649389
	6	0.078912	0.0803733	0.00541815
	7	0.075272	0.0796446	0.00469288
	8	0.049948	0.0759325	0.00537759
	9	0.075108	0.0758409	0.00478086
	10	0.046676	0.0729244	0.00511558
	11	0.048072	0.0706651	0.00512522
	12	0.040468	0.0681487	0.00527987
	13	0.116732	0.0718858	0.00605354
	14	0.061088	0.0711146	0.00567007
	15	0.060892	0.0704331	0.00533286
	16	0.088388	0.0715553	0.00511626
	17	0.056208	0.0706525	0.00489431
	18	0.070944	0.0706687	0.00462243
	19	0.076248	0.0709623	0.00438846
	20	0.079348	0.0713816	0.00418902
	1	0.08506	0.08506	0
	2	0.051208	0.068134	0.0119685
	3	0.050408	0.0622253	0.00932412
	4	0.07284	0.064879	0.00736103
	5	0.080796	0.0680624	0.00654106
	6	0.058624	0.0664893	0.00563687
	7	0.070468	0.0670577	0.00486017
	8	0.053024	0.0653035	0.00455825
	9	0.090976	0.068156	0.00486308
	10	0.060068	0.0673472	0.00444352
	11	0.065896	0.0672153	0.00404152
	12	0.07804	0.0681173	0.00380407
	13	0.045968	0.0664135	0.00387426
	14	0.07252	0.0668497	0.003622
	15	0.062396	0.0665528	0.00339268
	16	0.091152	0.0680903	0.00351176
	17	0.050996	0.0670847	0.00344614
	18	0.074832	0.0675151	0.00328146
	19	0.104244	0.0694482	0.0036338
	20	0.089404	0.070446	0.00358649
	1	0.081176	0.081176	0
	2	0.071196	0.076186	0.00352846
	3	0.096784	0.083052	0.00607958
	4	0.084424	0.083395	0.00456935
	5	0.082124	0.0831408	0.00366255
	6	0.067432	0.0805227	0.00387655
	7	0.075232	0.0797669	0.00339564
	8	0.065592	0.077995	0.0034022
	9	0.089076	0.0792262	0.00323931
	10	0.070736	0.0783772	0.0030246
	11	0.082696	0.0787698	0.002775
	12	0.056192	0.0768883	0.00311699
	13	0.0581	0.0754431	0.00319476
	14	0.065964	0.074766	0.00303747
	15	0.071628	0.0745568	0.00284216
	16	0.053356	0.0732317	0.00295732
	17	0.062408	0.0725951	0.00285107
	18	0.0778	0.0728842	0.0027073
	19	0.074904	0.0729905	0.0025669
	20	0.074568	0.0730694	0.00243977
	1	0.04174	0.04174	0
	2	0.069676	0.055708	0.00987687
	3	0.04048	0.050632	0.00778035
	4	0.07324	0.056284	0.00761637
	5	0.068528	0.0587328	0.00647481
	6	0.067204	0.0601447	0.00554747
	7	0.080816	0.0630977	0.00548493
	8	0.0659	0.063448	0.00481049
	9	0.06722	0.0638671	0.00429421
	10	0.071148	0.0645952	0.00392603
	11	0.093116	0.067188	0.00434166
	12	0.094228	0.0694413	0.00452699
	13	0.094784	0.0713908	0.0045793
	14	0.077268	0.0718106	0.00427141
	15	0.078004	0.0722235	0.00400656
	16	0.055064	0.071151	0.00389704
	17	0.099436	0.0728148	0.00400727
	18	0.090224	0.073782	0.00389962
	19	0.082388	0.0742349	0.00372059
	20	0.051556	0.073101	0.00370333
	1	0.087808	0.087808	0
	2	0.058084	0.072946	0.010509
	3	0.082156	0.076016	0.00744093
	4	0.06876	0.074202	0.0057976
	5	0.066304	0.0726224	0.00484849
	6	0.089536	0.0754413	0.00479029
	7	0.095944	0.0783703	0.00492059
	8	0.092176	0.080096	0.00459818
	9	0.076856	0.079736	0.00410134
	10	0.082656	0.080028	0.00370159
	11	0.077784	0.079824	0.0033707
	12	0.080516	0.0798817	0.0030903
	13	0.072688	0.0793283	0.0029017
	14	0.071008	0.078734	0.00275463
	15	0.09646	0.0799157	0.00281307
	16	0.092036	0.0806733	0.00273735
	17	0.087664	0.0810845	0.00260703
	18	0.089476	0.0815507	0.00250353
	19	0.092988	0.0821526	0.00244307
	20	0.055296	0.0808098	0.00266452
	1	0.09174	0.09174	0
	2	0.101676	0.096708	0.00351291
	3	0.055208	0.0828747	0.0115351
	4	0.067656	0.07907	0.00925755
	5	0.093616	0.0819792	0.00784985
	6	0.090012	0.083318	0.00665473
	7	0.078556	0.0826377	0.00573872
	8	0.089244	0.0834635	0.00508045
	9	0.090408	0.0842351	0.00457417
	10	0.056372	0.0814488	0.00489233
	11	0.101064	0.083232	0.00476147
	12	0.07882	0.0828643	0.00437885
	13	0.077072	0.0824188	0.00406462
	14	0.08866	0.0828646	0.00379866
	15	0.075768	0.0823915	0.00357476
	16	0.094996	0.0831793	0.00343704
	17	0.088392	0.0834859	0.00324851
	18	0.099384	0.0843691	0.00318585
	19	0.07506	0.0838792	0.00305561
	20	0.068376	0.083104	0.00299955
	1	0.102932	0.102932	0
	2	0.092888	0.09791	0.00355109
	3	0.076068	0.0906293	0.00639869
	4	0.08106	0.088237	0.00522714
	5	0.075712	0.085732	0.00474413
	6	0.083644	0.085384	0.00396618
	7	0.037532	0.078548	0.00718417
	8	0.057936	0.0759715	0.00673232
	9	0.073928	0.0757444	0.00598812
	10	0.051532	0.0733232	0.00585839
	11	0.08998	0.0748375	0.00551804
	12	0.068716	0.0743273	0.00508173
	13	0.086004	0.0752255	0.00476955
	14	0.100064	0.0769997	0.00474739
	15	0.055904	0.0755933	0.00463453
	16	0.08258	0.07603	0.0043654
	17	0.089528	0.076824	0.00418019
	18	0.075784	0.0767662	0.00394836
	19	0.083032	0.077096	0.0037543
	20	0.089384	0.0777104	0.00361651
	1	0.069872	0.069872	0
	2	0.065684	0.067778	0.00148068
	3	0.06864	0.0680653	0.00101462
	4	0.0534	0.064399	0.00326505
	5	0.08882	0.0692832	0.0050899
	6	0.10036	0.0744627	0.00635191
	7	0.07474	0.0745023	0.00544462
	8	0.092812	0.076791	0.00522298
	9	0.100852	0.0794644	0.00528274
	10	0.077268	0.0792448	0.00475903
	11	0.08744	0.0799898	0.00438432
	12	0.075644	0.0796277	0.00403389
	13	0.073728	0.0791738	0.00374903
	14	0.064456	0.0781226	0.00362564
	15	0.096736	0.0793635	0.00359001
	16	0.063464	0.0783697	0.00350046
	17	0.037444	0.0759624	0.00403841
	18	0.066748	0.0754504	0.00384636
	19	0.084428	0.0759229	0.00367283
	20	0.069564	0.075605	0.00350292
	1	0.088008	0.088008	0
	2	0.104828	0.096418	0.00594677
	3	0.068076	0.0869707	0.00867287
	4	0.075192	0.084026	0.00698669
	5	0.115476	0.090316	0.00793046
	6	0.118936	0.095086	0.00791428
	7	0.06476	0.0907537	0.00788071
	8	0.0923	0.090947	0.00689799
	9	0.084224	0.0902	0.00617186
	10	0.115672	0.0927472	0.00605755
	11	0.071516	0.0908171	0.00580622
	12	0.085476	0.090372	0.0053394
	13	0.043532	0.0867689	0.0060229
	14	0.101588	0.0878274	0.00568495
	15	0.074752	0.0869557	0.00537237
	16	0.093476	0.0873633	0.00505203
	17	0.09092	0.0875725	0.00475918
	18	0.05822	0.0859418	0.00476597
	19	0.104556	0.0869215	0.00461473
	20	0.073608	0.0862558	0.00443174
	1	0.113384	0.113384	0
	2	0.097216	0.1053	0.00571625
	3	0.069088	0.0932293	0.0105668
	4	0.09338	0.093267	0.00792514
	5	0.057008	0.0860152	0.00907016
	6	0.05962	0.081616	0.00855909
	7	0.100864	0.0843657	0.0077655
	8	0.0836	0.08427	0.0067954
	9	0.084996	0.0843507	0.00604083
	10	0.09446	0.0853616	0.00552069
	11	0.098488	0.0865549	0.00514616
	12	0.0819	0.086167	0.00473191
	13	0.09356	0.0867357	0.00440196
	14	0.058624	0.0847277	0.00452238
	15	0.05664	0.0828552	0.00459222
	16	0.088536	0.0832102	0.00431891
	17	0.082576	0.0831729	0.00406501
	18	0.10216	0.0842278	0.00397369
	19	0.10098	0.0851095	0.00386112
	20	0.084708	0.0850894	0.00366812
	1	0.06292	0.06292	0
	2	0.074428	0.068674	0.00406869
	3	0.102856	0.080068	0.00969052
	4	0.095	0.083801	0.00795448
	5	0.077964	0.0826336	0.00644868
	6	0.070132	0.08055	0.00570058
	7	0.083696	0.0809994	0.0049039
	8	0.100884	0.083485	0.00488034
	9	0.078448	0.0829253	0.00437005
	10	0.083588	0.0829916	0.00393355
	11	0.094588	0.0840458	0.00371454
	12	0.104184	0.085724	0.00376505
	13	0.083668	0.0855658	0.00347875
	14	0.09876	0.0865083	0.0033555
	15	0.069604	0.0853813	0.00331565
	16	0.110888	0.0869755	0.00347056
	17	0.110204	0.0883419	0.00352514
	18	0.077616	0.087746	0.00337929
	19	0.103956	0.0885992	0.00330737
	20	0.090048	0.0886716	0.0031428
	1	0.054548	0.054548	0
	2	0.12322	0.088884	0.0242792
	3	0.080356	0.0860413	0.0163517
	4	0.09376	0.087971	0.0123771
	5	0.08906	0.0881888	0.00990361
	6	0.074768	0.085952	0.00850186
	7	0.094372	0.0871549	0.00737191
	8	0.094492	0.088072	0.00650722
	9	0.1134	0.0908862	0.00636371
	10	0.090408	0.0908384	0.00572752
	11	0.120572	0.0935415	0.00580977
	12	0.08518	0.0928447	0.00536724
	13	0.090732	0.0926822	0.00495684
	14	0.106884	0.0936966	0.00470543
	15	0.094892	0.0937763	0.00439241
	16	0.090224	0.0935543	0.00412349
	17	0.102296	0.0940685	0.00391287
	18	0.103196	0.0945756	0.0037282
	19	0.100204	0.0948718	0.00354373
	20	0.08454	0.0943552	0.00340398
	1	0.071792	0.071792	0
	2	0.111716	0.091754	0.0141153
	3	0.088292	0.0906	0.00945723
	4	0.10626	0.094515	0.00786162
	5	0.080012	0.0916144	0.00680338
	6	0.10456	0.093772	0.00600187
	7	0.054996	0.0882326	0.0072641
	8	0.088244	0.088234	0.00635608
	9	0.134984	0.0934284	0.00747697
	10	0.068744	0.09096	0.0071251
	11	0.0989	0.0916818	0.00651382
	12	0.073788	0.0901907	0.00613931
	13	0.120716	0.0925388	0.00609959
	14	0.096364	0.092812	0.00567002
	15	0.100968	0.0933557	0.00531802
	16	0.086444	0.0929238	0.00500316
	17	0.121996	0.0946339	0.00499258
	18	0.082148	0.0939402	0.00476316
	19	0.0628	0.0923013	0.00478614
	20	0.083924	0.0918824	0.00456513
	1	0.104816	0.104816	0
	2	0.10654	0.105678	0.000609526
	3	0.090688	0.100681	0.00409995
	4	0.121688	0.105933	0.00549003
	5	0.100716	0.10489	0.00449008
	6	0.124544	0.108165	0.00478984
	7	0.100948	0.107134	0.00421509
	8	0.101868	0.106476	0.00373925
	9	0.07584	0.103072	0.00462031
	10	0.109332	0.103698	0.00420047
	11	0.105624	0.103873	0.00382226
	12	0.106524	0.104094	0.00351011
	13	0.079644	0.102213	0.00370992
	14	0.111948	0.102909	0.00350948
	15	0.077988	0.101247	0.00364762
	16	0.119424	0.102383	0.0035922
	17	0.086828	0.101468	0.00349549
	18	0.095884	0.101158	0.00331504
	19	0.086352	0.100379	0.00323085
	20	0.08528	0.0996238	0.00315628
	1	0.117608	0.117608	0
	2	0.090684	0.104146	0.00951907
	3	0.081524	0.0966053	0.00884195
	4	0.07286	0.090669	0.00839085
	5	0.11824	0.0961832	0.00832978
	6	0.128208	0.101521	0.00848084
	7	0.09892	0.101149	0.00727742
	8	0.073552	0.0976995	0.00713868
	9	0.090112	0.0968564	0.00639508
	10	0.083744	0.0955452	0.00588846
	11	0.065176	0.0927844	0.00596536
	12	0.114392	0.094585	0.00573357
	13	0.11606	0.0962369	0.00552537
	14	0.090148	0.095802	0.00514779
	15	0.086492	0.0951813	0.00484188
	16	0.101208	0.095558	0.00455389
	17	0.094316	0.0954849	0.0042866
	18	0.093872	0.0953953	0.00404939
	19	0.079072	0.0945362	0.00392634
	20	0.099108	0.0947648	0.00373667
	1	0.112772	0.112772	0
	2	0.116864	0.114818	0.00144674
	3	0.09086	0.106832	0.00659149
	4	0.099184	0.10492	0.00521355
	5	0.13136	0.110208	0.00630605
	6	0.10248	0.10892	0.00538497
	7	0.081104	0.104946	0.00590248
	8	0.122972	0.107199	0.00557818
	9	0.092024	0.105513	0.005207
	10	0.115504	0.106512	0.00478118
	11	0.102812	0.106176	0.00435835
	12	0.110848	0.106565	0.00401251
	13	0.098372	0.105935	0.00375302
	14	0.095396	0.105182	0.00355965
	15	0.109636	0.105479	0.0033347
	16	0.084908	0.104193	0.00336502
	17	0.127608	0.105571	0.00343741
	18	0.106524	0.105624	0.00324685
	19	0.082068	0.104384	0.0033042
	20	0.063756	0.102353	0.00371126
	1	0.091212	0.091212	0
	2	0.123904	0.107558	0.0115584
	3	0.094456	0.103191	0.00849068
	4	0.083764	0.098334	0.00763164
	5	0.097904	0.098248	0.0061058
	6	0.121196	0.102073	0.00617086
	7	0.073144	0.09794	0.00652808
	8	0.106196	0.098972	0.00579307
	9	0.111416	0.100355	0.00531184
	10	0.116072	0.101926	0.00500779
	11	0.0905	0.100888	0.00465903
	12	0.118672	0.10237	0.00450032
	13	0.110716	0.103012	0.00419969
	14	0.088256	0.101958	0.0040298
	15	0.079596	0.100467	0.00402747
	16	0.155416	0.103901	0.00503127
	17	0.088464	0.102993	0.00481656
	18	0.060332	0.100623	0.00509885
	19	0.117792	0.101527	0.00490991
	20	0.092868	0.101094	0.00468346
	1	0.128424	0.128424	0
	2	0.087568	0.107996	0.0144448
	3	0.141684	0.119225	0.0132966
	4	0.1273	0.121244	0.0101245
	5	0.130164	0.123028	0.00825529
	6	0.08692	0.11701	0.00880378
	7	0.095988	0.114007	0.00804202
	8	0.102552	0.112575	0.0071631
	9	0.090672	0.110141	0.00676801
	10	0.095532	0.10868	0.00624689
	11	0.133568	0.110943	0.00607491
	12	0.125772	0.112179	0.00569297
	13	0.073812	0.109227	0.00597123
	14	0.082296	0.107304	0.00584637
	15	0.111896	0.10761	0.00546462
	16	0.1524	0.110409	0.00579593
	17	0.117192	0.110808	0.0054687
	18	0.080336	0.109115	0.00542059
	19	0.076808	0.107415	0.0053954
	20	0.11422	0.107755	0.00513635
	1	0.085868	0.085868	0
	2	0.098864	0.092366	0.00459478
	3	0.105544	0.0967587	0.00471665
	4	0.101444	0.09793	0.00368006
	5	0.117492	0.101842	0.00457306
	6	0.090408	0.0999367	0.0041892
	7	0.110952	0.10151	0.00387504
	8	0.101916	0.101561	0.00339099
	9	0.127564	0.10445	0.00406271
	10	0.089608	0.102966	0.00391818
	11	0.105668	0.103212	0.00356968
	12	0.085004	0.101694	0.00358018
	13	0.093824	0.101089	0.00335558
	14	0.120972	0.102509	0.00340319
	15	0.096968	0.10214	0.0031963
	16	0.112472	0.102786	0.00306107
	17	0.09136	0.102113	0.00295387
	18	0.123624	0.103308	0.00302185
	19	0.144924	0.105499	0.00356939
	20	0.110876	0.105768	0.00340103
	1	0.141276	0.141276	0
	2	0.094204	0.11774	0.0166425
	3	0.092372	0.109284	0.0130678
	4	0.114288	0.110535	0.00986056
	5	0.112108	0.11085	0.00789346
	6	0.124724	0.113162	0.0069083
	7	0.111472	0.112921	0.00592562
	8	0.06226	0.106588	0.00787224
	9	0.1111	0.107089	0.00701349
	10	0.129308	0.109311	0.00665478
	11	0.132568	0.111425	0.00637682
	12	0.127612	0.112774	0.00598638
	13	0.09972	0.11177	0.00560948
	14	0.12732	0.112881	0.00531763
	15	0.103448	0.112252	0.00500017
	16	0.106044	0.111864	0.00470268
	17	0.10934	0.111716	0.0044284
	18	0.125108	0.11246	0.00424442
	19	0.116192	0.112656	0.00402557
	20	0.123152	0.113181	0.00385835
	1	0.12538	0.12538	0
	2	0.097344	0.111362	0.00991222
	3	0.093532	0.105419	0.00819856
	4	0.11294	0.107299	0.00636089
	5	0.128168	0.111473	0.00631122
	6	0.109252	0.111103	0.00527019
	7	0.140584	0.115314	0.0059674
	8	0.106756	0.114244	0.0053165
	9	0.13282	0.116308	0.00511073
	10	0.125416	0.117219	0.0046801
	11	0.136904	0.119009	0.00458402
	12	0.111464	0.11838	0.00424491
	13	0.093668	0.116479	0.00432311
	14	0.160908	0.119653	0.00504643
	15	0.141088	0.121082	0.00490816
	16	0.143196	0.122464	0.00479206
	17	0.147436	0.123933	0.00472997
	18	0.1476	0.125248	0.00464635
	19	0.139144	0.125979	0.004459
	20	0.121924	0.125776	0.00424066
	1	0.170708	0.170708	0
	2	0.127032	0.14887	0.0154418
	3	0.142076	0.146605	0.0104593
	4	0.141204	0.145255	0.00793115
	5	0.081736	0.132551	0.0130141
	6	0.136368	0.133187	0.0108606
	7	0.131892	0.133002	0.00931069
	8	0.104968	0.129498	0.00878159
	9	0.126668	0.129184	0.00781148
	10	0.101336	0.126399	0.00751032
	11	0.093512	0.123409	0.00739875
	12	0.111528	0.122419	0.00684811
	13	0.1146	0.121818	0.00634769
	14	0.108932	0.120897	0.00596064
	15	0.136964	0.121968	0.00565868
	16	0.09886	0.120524	0.00548623
	17	0.119092	0.12044	0.00516416
	18	0.090456	0.118774	0.0051389
	19	0.122464	0.118968	0.0048721
	20	0.109528	0.118496	0.0046513
	1	0.09418	0.09418	0
	2	0.151648	0.122914	0.020318
	3	0.155608	0.133812	0.0162066
	4	0.16818	0.142404	0.0142517
	5	0.096244	0.133172	0.0140774
	6	0.114636	0.130083	0.0120654
	7	0.109108	0.127086	0.0107074
	8	0.130192	0.127474	0.009376
	9	0.130408	0.1278	0.00833988
	10	0.143908	0.129411	0.00765987
	11	0.151392	0.131409	0.00721946
	12	0.131904	0.131451	0.00661795
	13	0.133916	0.13164	0.0061116
	14	0.097316	0.129189	0.00614719
	15	0.119876	0.128568	0.00576864
	16	0.138188	0.129169	0.00543934
	17	0.154948	0.130685	0.00532657
	18	0.137572	0.131068	0.00504437
	19	0.086412	0.128718	0.0052982
	20	0.131136	0.128839	0.00503467
	1	0.109424	0.109424	0
	2	0.14468	0.127052	0.0124649
	3	0.09542	0.116508	0.0119655
	4	0.092252	0.110444	0.0103978
	5	0.10864	0.110083	0.00832446
	6	0.141968	0.115397	0.00846499
	7	0.175208	0.123942	0.0107342
	8	0.133564	0.125144	0.00945954
	9	0.135556	0.126301	0.00847892
	10	0.119964	0.125668	0.00765467
	11	0.119188	0.125079	0.00698142
	12	0.098892	0.122896	0.00673206
	13	0.115692	0.122342	0.00623697
	14	0.135828	0.123305	0.00586539
	15	0.122364	0.123243	0.0054747
	16	0.138788	0.124214	0.00521803
	17	0.130024	0.124556	0.00492227
	18	0.115008	0.124026	0.0046773
	19	0.136688	0.124692	0.00447836
	20	0.182436	0.127579	0.00510092
	1	0.130244	0.130244	0
	2	0.117388	0.123816	0.00454528
	3	0.147772	0.131801	0.00718974
	4	0.11358	0.127246	0.00668134
	5	0.145684	0.130934	0.0062808
	6	0.105708	0.126729	0.00649035
	7	0.14464	0.129288	0.00604651
	8	0.096224	0.125155	0.0065527
	9	0.096808	0.122005	0.00653792
	10	0.138656	0.12367	0.00609247
	11	0.127204	0.123992	0.00554707
	12	0.061184	0.118758	0.00713911
	13	0.123784	0.119144	0.00660041
	14	0.1432	0.120863	0.00634867
	15	0.162748	0.123655	0.00651062
	16	0.133148	0.124248	0.00613068
	17	0.133788	0.124809	0.00579567
	18	0.157304	0.126615	0.00574797
	19	0.068	0.12353	0.00621845
	20	0.145296	0.124618	0.00600201
	1	0.100592	0.100592	0
	2	0.168484	0.134538	0.0240034
	3	0.122376	0.130484	0.0163411
	4	0.121636	0.128272	0.0124046
	5	0.182468	0.139111	0.0138734
	6	0.146148	0.140284	0.0116106
	7	0.130432	0.138877	0.0100369
	8	0.095308	0.133431	0.0101529
	9	0.12302	0.132274	0.00909042
	10	0.080792	0.127126	0.00952829
	11	0.116556	0.126165	0.00871039
	12	0.097152	0.123747	0.0083133
	13	0.080108	0.12039	0.00832401
	14	0.086284	0.117954	0.00807806
	15	0.160732	0.120806	0.00802716
	16	0.100204	0.119518	0.00762804
	17	0.096384	0.118157	0.00729971
	18	0.11002	0.117705	0.00690815
	19	0.105128	0.117043	0.00657621
	20	0.08692	0.115537	0.00641756
	1	0.142208	0.142208	0
	2	0.182248	0.162228	0.0141563
	3	0.086512	0.136989	0.0226655
	4	0.160812	0.142945	0.0177644
	5	0.12428	0.139212	0.0145985
	6	0.1429	0.139827	0.0121783
	7	0.109944	0.135558	0.0111617
	8	0.12306	0.133995	0.00987524
	9	0.164204	0.137352	0.00933099
	10	0.130684	0.136685	0.00842168
	11	0.122832	0.135426	0.00774967
	12	0.124488	0.134514	0.00715726
	13	0.117932	0.133239	0.00671941
	14	0.180756	0.136633	0.00704469
	15	0.161036	0.13826	0.00676029
	16	0.171536	0.14034	0.00665
	17	0.136068	0.140088	0.00626357
	18	0.116564	0.138781	0.0060504
	19	0.132664	0.138459	0.00574052
	20	0.12502	0.137787	0.00549268
	1	0.153872	0.153872	0
	2	0.15046	0.152166	0.00120632
	3	0.186004	0.163445	0.00924458
	4	0.158852	0.162297	0.0070044
	5	0.148756	0.159589	0.00610466
	6	0.169152	0.161183	0.0052912
	7	0.13312	0.157174	0.00586044
	8	0.119256	0.152434	0.00677879
	9	0.130724	0.150022	0.0064405
	10	0.16456	0.151476	0.00595828
	11	0.136672	0.15013	0.00556653
	12	0.107	0.146536	0.00615455
	13	0.143596	0.14631	0.00568527
	14	0.130824	0.145203	0.00538571
	15	0.116544	0.143293	0.00535485
	16	0.11096	0.141272	0.005388
	17	0.12452	0.140287	0.00516039
	18	0.158644	0.141306	0.00497345
	19	0.148096	0.141664	0.00472451
	20	0.1152	0.140341	0.00466991
	1	0.1873	0.1873	0
	2	0.128548	0.157924	0.020772
	3	0.119136	0.144995	0.017413
	4	0.081864	0.129212	0.0189044
	5	0.195992	0.142568	0.0192724
	6	0.181212	0.149009	0.0171027
	7	0.118536	0.144655	0.0152034
	8	0.140844	0.144179	0.0133105
	9	0.172684	0.147346	0.0122025
	10	0.165828	0.149194	0.0111214
	11	0.096696	0.144422	0.0110872
	12	0.14988	0.144877	0.0101726
	13	0.11856	0.142852	0.00958937
	14	0.10662	0.140264	0.00924706
	15	0.139068	0.140185	0.00863093
	16	0.130092	0.139554	0.00811452
	17	0.156212	0.140534	0.00769613
	18	0.134408	0.140193	0.00727609
	19	0.182136	0.142401	0.00722024
	20	0.169104	0.143736	0.00698159
	1	0.125096	0.125096	0
	2	0.142976	0.134036	0.00632153
	3	0.213784	0.160619	0.02211
	4	0.13736	0.154804	0.0173302
	5	0.17924	0.159691	0.014537
	6	0.109784	0.151373	0.0142971
	7	0.16552	0.153394	0.0123967
	8	0.148408	0.152771	0.0108628
	9	0.1281	0.15003	0.00999569
	10	0.162708	0.151298	0.00907617
	11	0.13074	0.149429	0.00844128
	12	0.136976	0.148391	0.00780137
	13	0.209552	0.153096	0.00850233
	14	0.175196	0.154674	0.00804023
	15	0.180048	0.156366	0.0076801
	16	0.137748	0.155202	0.00728771
	17	0.131244	0.153793	0.00699396
	18	0.166256	0.154485	0.0066396
	19	0.133916	0.153403	0.00637779
	20	0.129996	0.152232	0.00616535
	1	0.131504	0.131504	0
	2	0.1527	0.142102	0.00749392
	3	0.201544	0.161916	0.0169319
	4	0.168808	0.163639	0.0127863
	5	0.189708	0.168853	0.0112419
	6	0.138012	0.163713	0.0104777
	7	0.162524	0.163543	0.00898223
	8	0.182488	0.165911	0.00816566
	9	0.1593	0.165176	0.00729133
	10	0.155888	0.164248	0.0066211
	11	0.132344	0.161347	0.00662402
	12	0.205032	0.164988	0.00700125
	13	0.102264	0.160163	0.00795332
	14	0.145316	0.159102	0.00745559
	15	0.097808	0.155016	0.00800038
	16	0.162088	0.155458	0.00751255
	17	0.103876	0.152424	0.00765891
	18	0.15488	0.15256	0.00723463
	19	0.132228	0.15149	0.00693255
	20	0.181676	0.152999	0.00674822
	1	0.129472	0.129472	0
	2	0.147156	0.138314	0.00625224
	3	0.131964	0.136197	0.00451225
	4	0.122516	0.132777	0.00449741
	5	0.105204	0.127262	0.00610522
	6	0.196828	0.138857	0.0117434
	7	0.136212	0.138479	0.0100718
	8	0.169996	0.142418	0.00955233
	9	0.190328	0.147742	0.00986332
	10	0.118572	0.144825	0.00929833
	11	0.216596	0.151349	0.0104955
	12	0.15944	0.152024	0.00964247
	13	0.184668	0.154535	0.00922192
	14	0.146948	0.153993	0.00857912
	15	0.197432	0.156889	0.00848188
	16	0.150584	0.156495	0.00796091
	17	0.158116	0.15659	0.00749319
	18	0.199252	0.15896	0.0074423
	19	0.150404	0.15851	0.00706421
	20	0.178512	0.15951	0.00678143
	1	0.155712	0.155712	0
	2	0.161168	0.15844	0.00192899
	3	0.194052	0.170311	0.0097773
	4	0.193744	0.176169	0.00891698
	5	0.123104	0.165556	0.0118742
	6	0.074944	0.150454	0.0169698
	7	0.223736	0.160923	0.0174789
	8	0.139908	0.158296	0.0154902
	9	0.1817	0.160896	0.0139856
	10	0.147236	0.15953	0.0126536
	11	0.099972	0.154116	0.0126086
	12	0.209744	0.158752	0.0123807
	13	0.127928	0.156381	0.0116532
	14	0.210804	0.160268	0.0114509
	15	0.128508	0.158151	0.0108815
	16	0.150824	0.157693	0.010211
	17	0.146212	0.157017	0.00963268
	18	0.15428	0.156865	0.00909873
	19	0.180484	0.158108	0.00870435
	20	0.14538	0.157472	0.00829237
	1	0.18986	0.18986	0
	2	0.175512	0.182686	0.00507278
	3	0.126976	0.164116	0.0155349
	4	0.161748	0.163524	0.0116625
	5	0.168376	0.164494	0.00937025
	6	0.140584	0.160509	0.00861437
	7	0.217468	0.168646	0.0105485
	8	0.169188	0.168714	0.00923016
	9	0.158324	0.16756	0.00827647
	10	0.109872	0.161791	0.00924314
	11	0.187672	0.164144	0.00869716
	12	0.178616	0.16535	0.00805558
	13	0.177764	0.166305	0.00749231
	14	0.229144	0.170793	0.00819205
	15	0.102376	0.166232	0.0088248
	16	0.187836	0.167582	0.00837591
	17	0.119032	0.164726	0.00835592
	18	0.155164	0.164195	0.00790857
	19	0.171696	0.16459	0.00750218
	20	0.192436	0.165982	0.00725511
	1	0.199908	0.199908	0
	2	0.177188	0.188548	0.00803273
	3	0.161888	0.179661	0.00901811
	4	0.154204	0.173297	0.00872494
	5	0.167276	0.172093	0.00706256
	6	0.216628	0.179515	0.00897499
	7	0.210584	0.183954	0.00872152
	8	0.237316	0.190624	0.0098574
	9	0.191792	0.190754	0.00876299
	10	0.193252	0.191004	0.00789025
	11	0.212284	0.192938	0.00740632
	12	0.152852	0.189598	0.00750476
	13	0.192168	0.189795	0.00693007
	14	0.138388	0.186123	0.00734372
	15	0.222764	0.188566	0.00724902
	16	0.161252	0.186859	0.00699408
	17	0.21116	0.188288	0.00672716
	18	0.177076	0.187666	0.0063822
	19	0.14644	0.185496	0.00640452
	20	0.186868	0.185564	0.00608466
	1	0.204524	0.204524	0
	2	0.179144	0.191834	0.00897319
	3	0.185584	0.189751	0.00621927
	4	0.20456	0.193453	0.00566017
	5	0.161744	0.187111	0.00725802
	6	0.130156	0.177619	0.0105675
	7	0.206688	0.181771	0.00984007
	8	0.262844	0.191906	0.0128061
	9	0.191892	0.191904	0.0113832
	10	0.204812	0.193195	0.0103178
	11	0.161908	0.190351	0.00976396
	12	0.207852	0.191809	0.00905857
	13	0.147916	0.188433	0.00896894
	14	0.2174	0.190502	0.00856365
	15	0.169924	0.18913	0.00810187
	16	0.22198	0.191183	0.00785134
	17	0.142912	0.188344	0.00788626
	18	0.225248	0.190394	0.00771004
	19	0.12124	0.186754	0.008118
	20	0.155316	0.185182	0.00786282
	1	0.222352	0.222352	0
	2	0.170588	0.19647	0.0183013
	3	0.147464	0.180135	0.0180764
	4	0.176444	0.179212	0.0135808
	5	0.151356	0.173641	0.0119529
	6	0.16032	0.171421	0.0101648
	7	0.1181	0.163803	0.0112091
	8	0.226872	0.171687	0.0122711
	9	0.179104	0.172511	0.0109352
	10	0.177956	0.173056	0.00985526
	11	0.191176	0.174703	0.00909596
	12	0.213812	0.177962	0.00890271
	13	0.172864	0.17757	0.00822652
	14	0.164256	0.176619	0.00769368
	15	0.153228	0.175059	0.0073371
	16	0.128024	0.17212	0.00744419
	17	0.230224	0.175538	0.00775133
	18	0.169196	0.175185	0.0073287
	19	0.185832	0.175746	0.00696437
	20	0.202708	0.177094	0.00674537
	1	0.207424	0.207424	0
	2	0.195972	0.201698	0.00404889
	3	0.164568	0.189321	0.0104598
	4	0.189776	0.189435	0.00784546
	5	0.254272	0.202402	0.0131877
	6	0.184028	0.19934	0.0113398
	7	0.177324	0.196195	0.0101466
	8	0.141396	0.189345	0.0109489
	9	0.202272	0.190781	0.00982614
	10	0.227844	0.194488	0.00951686
	11	0.143292	0.189833	0.00972336
	12	0.184724	0.189408	0.0089224
	13	0.221536	0.191879	0.0085715
	14	0.18576	0.191442	0.00797039
	15	0.19436	0.191637	0.0074414
	16	0.219548	0.193381	0.00717788
	17	0.200724	0.193813	0.00676863
	18	0.245812	0.196702	0.00698191
	19	0.134728	0.19344	0.0073369
	20	0.132016	0.190369	0.00758566
	1	0.222404	0.222404	0
	2	0.238228	0.230316	0.00559463
	3	0.155872	0.205501	0.0206015
	4	0.204052	0.205139	0.0154543
	5	0.221072	0.208326	0.0126877
	6	0.181588	0.203869	0.0113287
	7	0.202596	0.203687	0.00971177
	8	0.142444	0.196032	0.0111127
	9	0.217276	0.198392	0.0101256
	10	0.253768	0.20393	0.0105188
	11	0.23456	0.206715	0.00992426
	12	0.130644	0.200375	0.010936
	13	0.134548	0.195312	0.0112059
	14	0.220764	0.19713	0.010552
	15	0.176564	0.195759	0.00993716
	16	0.222068	0.197403	0.00945115
	17	0.247168	0.20033	0.00933756
	18	0.160168	0.198099	0.00908147
	19	0.196376	0.198008	0.00860395
	20	0.179212	0.197069	0.00822493
	1	0.220356	0.220356	0
	2	0.201796	0.211076	0.00656195
	3	0.285876	0.236009	0.0208227
	4	0.206324	0.228588	0.0168878
	5	0.219844	0.226839	0.0136005
	6	0.175668	0.218311	0.0137502
	7	0.204556	0.216346	0.0119254
	8	0.267472	0.222736	0.0120258
	9	0.133736	0.212848	0.0141843
	10	0.16602	0.208165	0.0135167
	11	0.174884	0.205139	0.012622
	12	0.211668	0.205683	0.0115819
	13	0.1683	0.202808	0.0110422
	14	0.2262	0.204479	0.0103791
	15	0.201224	0.204262	0.00968946
	16	0.173032	0.20231	0.00927837
	17	0.25074	0.205159	0.00915951
	18	0.143056	0.201708	0.00927771
	19	0.18008	0.20057	0.00885897
	20	0.190028	0.200043	0.00843168
	1	0.235892	0.235892	0
	2	0.228168	0.23203	0.00273085
	3	0.23858	0.234213	0.00254802
	4	0.164652	0.216823	0.0151812
	5	0.238356	0.22113	0.0127412
	6	0.20504	0.218448	0.0108962
	7	0.250968	0.223094	0.0102824
	8	0.146796	0.213556	0.0126703
	9	0.24328	0.216859	0.011685
	10	0.125004	0.207674	0.0136577
	11	0.123992	0.200066	0.0143795
	12	0.206872	0.200633	0.0131924
	13	0.169608	0.198247	0.0123916
	14	0.228996	0.200443	0.0116995
	15	0.280564	0.205785	0.0120775
	16	0.225428	0.207012	0.0113849
	17	0.128892	0.202417	0.0116056
	18	0.19922	0.202239	0.0109622
	19	0.184928	0.201328	0.010423
	20	0.10648	0.196586	0.0109276
	1	0.323204	0.323204	0
	2	0.241748	0.282476	0.028799
	3	0.212492	0.259148	0.0270446
	4	0.278996	0.26411	0.0207337
	5	0.235384	0.258365	0.0173647
	6	0.21312	0.250824	0.0160245
	7	0.176748	0.240242	0.0168714
	8	0.220204	0.237737	0.0149473
	9	0.264632	0.240725	0.0135819
	10	0.268824	0.243535	0.012511
	11	0.181168	0.237865	0.012593
	12	0.205188	0.235142	0.0118343
	13	0.201408	0.232547	0.0112049
	14	0.17564	0.228483	0.0111174
	15	0.220072	0.227922	0.0103904
	16	0.173144	0.224498	0.0102896
	17	0.216508	0.224028	0.00969503
	18	0.218004	0.223694	0.00916219
	19	0.162748	0.220486	0.00922439
	20	0.194032	0.219163	0.0088575
	1	0.270328	0.270328	0
	2	0.189084	0.229706	0.0287241
	3	0.236968	0.232127	0.0192511
	4	0.230432	0.231703	0.014443
	5	0.16124	0.21761	0.0170993
	6	0.21972	0.217962	0.014253
	7	0.229396	0.219595	0.0123101
	8	0.197084	0.216781	0.0110883
	9	0.298584	0.225871	0.0130606
	10	0.273168	0.2306	0.0125818
	11	0.223768	0.229979	0.0114534
	12	0.268364	0.233178	0.0109365
	13	0.222864	0.232385	0.0101239
	14	0.188384	0.229242	0.00987661
	15	0.246592	0.230398	0.00928565
	16	0.187016	0.227687	0.00909255
	17	0.16762	0.224154	0.00921869
	18	0.160768	0.220632	0.00935497
	19	0.28258	0.223893	0.00941363
	20	0.2296	0.224178	0.00894728
	1	0.331084	0.331084	0
	2	0.198132	0.264608	0.0470056
	3	0.195836	0.241684	0.0365014
	4	0.310872	0.258981	0.0312064
	5	0.315484	0.270282	0.0269336
	6	0.189416	0.256804	0.0255956
	7	0.187776	0.246943	0.0237629
	8	0.208948	0.242194	0.0212618
	9	0.231912	0.241051	0.0189301
	10	0.171172	0.234063	0.0182814
	11	0.249528	0.235469	0.0166734
	12	0.164	0.229513	0.016313
	13	0.323704	0.236759	0.0165894
	14	0.25194	0.237843	0.0154398
	15	0.247088	0.238459	0.0144228
	16	0.26156	0.239903	0.0135934
	17	0.22816	0.239212	0.0128114
	18	0.279588	0.241456	0.0122944
	19	0.176052	0.238013	0.0121197
	20	0.258576	0.239041	0.0115572
	1	0.273968	0.273968	0
	2	0.281928	0.277948	0.00281428
	3	0.24868	0.268192	0.00818371
	4	0.298088	0.275666	0.00892008
	5	0.20514	0.261561	0.0144944
	6	0.222232	0.255006	0.0134796
	7	0.196728	0.246681	0.013889
	8	0.264064	0.248854	0.0123217
	9	0.282084	0.252546	0.0114925
	10	0.1821	0.245501	0.0123145
	11	0.269556	0.247688	0.0113875
	12	0.22872	0.246107	0.0105477
	13	0.183112	0.241262	0.0107922
	14	0.254216	0.242187	0.0100609
	15	0.309936	0.246703	0.0103545
	16	0.183284	0.24274	0.0104384
	17	0.226856	0.241805	0.00986615
	18	0.248668	0.242187	0.00932539
	19	0.246244	0.2424	0.00883703
	20	0.319792	0.24627	0.00920348
	1	0.210064	0.210064	0
	2	0.317796	0.26393	0.038089
	3	0.230164	0.252675	0.0270045
	4	0.240168	0.249548	0.0204336
	5	0.325884	0.264815	0.0213
	6	0.259464	0.263923	0.0177687
	7	0.27844	0.265997	0.0153508
	8	0.35092	0.276613	0.0167038
	9	0.208988	0.269099	0.0164512
	10	0.24596	0.266785	0.014968
	11	0.241028	0.264443	0.0137892
	12	0.276596	0.265456	0.0126772
	13	0.201208	0.260514	0.0126287
	14	0.170036	0.254051	0.0132777
	15	0.289896	0.256441	0.0126057
	16	0.263116	0.256858	0.0118248
	17	0.162468	0.251306	0.0123642
	18	0.269424	0.252312	0.0117182
	19	0.23608	0.251458	0.0111326
	20	0.282356	0.253003	0.0106826
	1	0.300144	0.300144	0
	2	0.236468	0.268306	0.0225129
	3	0.25876	0.265124	0.0152318
	4	0.27522	0.267648	0.0116311
	5	0.260124	0.266143	0.00940171
	6	0.309044	0.273293	0.0101974
	7	0.216636	0.265199	0.0115131
	8	0.274452	0.266356	0.0101319
	9	0.208856	0.259967	0.0108348
	10	0.334144	0.267385	0.0120253
	11	0.100532	0.252216	0.0181294
	12	0.239236	0.251135	0.0166509
	13	0.166056	0.24459	0.0166064
	14	0.178544	0.239873	0.0160764
	15	0.240444	0.239911	0.0150047
	16	0.290096	0.243047	0.014391
	17	0.179844	0.239329	0.0140165
	18	0.352224	0.245601	0.0145736
	19	0.271076	0.246942	0.0138681
	20	0.289056	0.249048	0.0133336
	1	0.280628	0.280628	0
	2	0.210216	0.245422	0.0248944
	3	0.263728	0.251524	0.017328
	4	0.188488	0.235765	0.0188456
	5	0.269508	0.242514	0.0162399
	6	0.259476	0.245341	0.0137771
	7	0.276736	0.249826	0.0125177
	8	0.271256	0.252505	0.011236
	9	0.241844	0.25132	0.0100498
	10	0.245112	0.250699	0.00906396
	11	0.261012	0.251637	0.00828831
	12	0.249052	0.251421	0.00760041
	13	0.34994	0.259	0.0101111
	14	0.255288	0.258735	0.00939237
	15	0.332996	0.263685	0.00998612
	16	0.326156	0.26759	0.0100965
	17	0.284568	0.268588	0.00955182
	18	0.2706	0.2687	0.00902181
	19	0.2953	0.2701	0.00865492
	20	0.37378	0.275284	0.00965061
	1	0.243244	0.243244	0
	2	0.194984	0.219114	0.0170625
	3	0.15774	0.198656	0.0202092
	4	0.237328	0.208324	0.0173157
	5	0.33128	0.232915	0.0259938
	6	0.274216	0.239799	0.0225545
	7	0.203828	0.23466	0.0199092
	8	0.303532	0.243269	0.0191918
	9	0.3113	0.250828	0.0184882
	10	0.230852	0.24883	0.0167469
	11	0.336744	0.256823	0.017025
	12	0.267824	0.257739	0.015631
	13	0.32084	0.262593	0.0151635
	14	0.319764	0.266677	0.0146199
	15	0.263748	0.266482	0.0136466
	16	0.200096	0.262333	0.0134096
	17	0.137556	0.254993	0.014491
	18	0.32316	0.25878	0.0141721
	19	0.340292	0.26307	0.0140606
	20	0.3212	0.265976	0.0136546
	1	0.310732	0.310732	0
	2	0.215296	0.263014	0.0337417
	3	0.358692	0.294907	0.0344107
	4	0.305784	0.297626	0.0259153
	5	0.20286	0.278673	0.0267807
	6	0.401336	0.299117	0.0290921
	7	0.314076	0.301254	0.0250145
	8	0.277508	0.298286	0.0220631
	9	0.28722	0.297056	0.0196458
	10	0.331124	0.300463	0.0179742
	11	0.328256	0.302989	0.0165168
	12	0.299488	0.302698	0.015143
	13	0.370028	0.307877	0.0148375
	14	0.289732	0.306581	0.0138341
	15	0.167464	0.297306	0.0157161
	16	0.33284	0.299527	0.01489
	17	0.306052	0.299911	0.014019
	18	0.377904	0.304244	0.0138937
	19	0.40868	0.309741	0.0142082
	20	0.230004	0.305754	0.014046
	1	0.24738	0.24738	0
	2	0.399244	0.323312	0.053692
	3	0.388912	0.345179	0.0400003
	4	0.30092	0.334114	0.0314934
	5	0.22586	0.312463	0.031777
	6	0.262244	0.304093	0.0275611
	7	0.335164	0.308532	0.0239786
	8	0.445972	0.325712	0.0264286
	9	0.245356	0.316784	0.0249547
	10	0.426212	0.327726	0.0247425
	11	0.3051	0.325669	0.0225785
	12	0.399956	0.33186	0.0215289
	13	0.333064	0.331953	0.019873
	14	0.26484	0.327159	0.0190229
	15	0.258208	0.322562	0.0183017
	16	0.40124	0.32748	0.0178062
	17	0.4061	0.332104	0.0173489
	18	0.33106	0.332046	0.0163852
	19	0.238912	0.327144	0.0162395
	20	0.325312	0.327053	0.0154278
	1	0.337444	0.337444	0
	2	0.366732	0.352088	0.0103549
	3	0.362012	0.355396	0.00741283
	4	0.2656	0.332947	0.0202207
	5	0.387668	0.343891	0.0189077
	6	0.155596	0.312509	0.0326953
	7	0.36904	0.320585	0.0290048
	8	0.30878	0.319109	0.0254167
	9	0.306348	0.317691	0.0226322
	10	0.20016	0.305938	0.023221
	11	0.270572	0.302723	0.0213314
	12	0.28808	0.301503	0.0195887
	13	0.37002	0.306773	0.0187775
	14	0.33998	0.309145	0.0175854
	15	0.39728	0.315021	0.017367
	16	0.233048	0.309897	0.0170204
	17	0.347304	0.312098	0.0161609
	18	0.370472	0.315341	0.015585
	19	0.306528	0.314877	0.0147717
	20	0.371112	0.317689	0.0142982
	1	0.372552	0.372552	0
	2	0.287692	0.330122	0.0300025
	3	0.404776	0.355007	0.0285114
	4	0.358272	0.355823	0.0213952
	5	0.429332	0.370525	0.0215842
	6	0.303476	0.35935	0.0206782
	7	0.322904	0.354143	0.018368
	8	0.333484	0.351561	0.0162525
	9	0.30602	0.346501	0.015214
	10	0.387624	0.350613	0.0142375
	11	0.323244	0.348125	0.0131588
	12	0.343116	0.347708	0.0120689
	13	0.318284	0.345444	0.0113508
	14	0.366444	0.346944	0.0106386
	15	0.346128	0.34689	0.00992953
	16	0.324784	0.345508	0.00940457
	17	0.273104	0.341249	0.00976828
	18	0.309152	0.339466	0.00938694
	19	0.430548	0.34426	0.0100426
	20	0.17566	0.33583	0.012591
	1	0.375376	0.375376	0
	2	0.386436	0.380906	0.0039103
	3	0.333284	0.365032	0.0132206
	4	0.285952	0.345262	0.0197853
	5	0.387724	0.353754	0.0175564
	6	0.37082	0.356599	0.014859
	7	0.22682	0.338059	0.0213737
	8	0.185672	0.31901	0.0258311
	9	0.385692	0.32642	0.0240001
	10	0.308404	0.324618	0.0216676
	11	0.439612	0.335072	0.0220761
	12	0.259068	0.328738	0.0211255
	13	0.33564	0.329269	0.0195071
	14	0.375672	0.332584	0.0183932
	15	0.334264	0.332696	0.0171673
	16	0.395432	0.336617	0.0165361
	17	0.332732	0.336388	0.0155649
	18	0.358924	0.33764	0.0147505
	19	0.345128	0.338034	0.0139794
	20	0.347324	0.338499	0.0132881
	1	0.290356	0.290356	0
	2	0.301748	0.296052	0.00402768
	3	0.245396	0.279167	0.0140459
	4	0.179948	0.254362	0.0239254
	5	0.265048	0.256499	0.0192356
	6	0.335004	0.269583	0.0199903
	7	0.289596	0.272442	0.0173378
	8	0.309256	0.277044	0.0157694
	9	0.335352	0.283523	0.0152903
	10	0.489132	0.304084	0.0238715
	11	0.325804	0.306058	0.0217829
	12	0.41818	0.315402	0.02188
	13	0.25758	0.310954	0.020644
	14	0.366204	0.3149	0.019543
	15	0.383608	0.319481	0.0187693
	16	0.372992	0.322825	0.0178917
	17	0.259176	0.319081	0.0172265
	18	0.424588	0.324943	0.0172379
	19	0.317308	0.324541	0.0163353
	20	0.265932	0.32161	0.0157792
	1	0.473376	0.473376	0
	2	0.433976	0.453676	0.01393
	3	0.366976	0.424776	0.0253584
	4	0.410032	0.42109	0.0192848
	5	0.301948	0.397262	0.0263107
	6	0.3805	0.394468	0.0220734
	7	0.382144	0.392707	0.0189901
	8	0.453572	0.400315	0.0180763
	9	0.285656	0.387576	0.0200611
	10	0.200472	0.368865	0.025319
	11	0.485628	0.37948	0.0251441
	12	0.403344	0.381469	0.0231273
	13	0.408728	0.383566	0.0214431
	14	0.480512	0.39049	0.0209998
	15	0.419884	0.39245	0.019691
	16	0.290332	0.386067	0.0194672
	17	0.432156	0.388779	0.0185099
	18	0.425536	0.390821	0.0175939
	19	0.317356	0.386954	0.0170875
	20	0.341056	0.384659	0.0163865
	1	0.475668	0.475668	0
	2	0.404692	0.44018	0.0250938
	3	0.456884	0.445748	0.0173359
	4	0.384304	0.430387	0.0186016
	5	0.363148	0.416939	0.0191345
	6	0.265328	0.391671	0.0280417
	7	0.442708	0.398962	0.0249656
	8	0.34144	0.391772	0.0228569
	9	0.460936	0.399456	0.0215705
	10	0.290024	0.388513	0.022015
	11	0.379292	0.387675	0.0200296
	12	0.259196	0.376968	0.0210282
	13	0.444752	0.382182	0.0200467
	14	0.41092	0.384235	0.0187196
	15	0.460972	0.389351	0.0181572
	16	0.266412	0.381667	0.0185771
	17	0.456072	0.386044	0.0179925
	18	0.230804	0.37742	0.0189475
	19	0.284104	0.372508	0.0185759
	20	0.434148	0.37559	0.017901
	1	0.31722	0.31722	0
	2	0.323576	0.320398	0.00224719
	3	0.41608	0.352292	0.0260844
	4	0.493144	0.387505	0.0362311
	5	0.281044	0.366213	0.0346815
	6	0.34046	0.361921	0.0291656
	7	0.439248	0.372967	0.0270103
	8	0.349596	0.370046	0.0237914
	9	0.409424	0.374421	0.0215465
	10	0.295612	0.36654	0.0207832
	11	0.452336	0.37434	0.0203047
	12	0.404884	0.376885	0.0187715
	13	0.425432	0.38062	0.0176951
	14	0.312504	0.375754	0.017087
	15	0.445924	0.380432	0.0165758
	16	0.310524	0.376063	0.0161054
	17	0.40118	0.37754	0.0152256
	18	0.411656	0.379436	0.0144973
	19	0.34074	0.377399	0.0138766
	20	0.461536	0.381606	0.0138057
	1	0.450936	0.450936	0
	2	0.504844	0.47789	0.0190594
	3	0.396276	0.450685	0.0255899
	4	0.357076	0.427283	0.0279124
	5	0.282276	0.398282	0.034227
	6	0.320852	0.385377	0.0308596
	7	0.37414	0.383771	0.0264928
	8	0.495428	0.397728	0.0266049
	9	0.396156	0.397554	0.0236493
	10	0.500404	0.407839	0.0234143
	11	0.388544	0.406085	0.0213513
	12	0.431152	0.408174	0.019674
	13	0.45618	0.411866	0.0185039
	14	0.334668	0.406352	0.0179851
	15	0.355716	0.402977	0.0170999
	16	0.434232	0.40493	0.0161424
	17	0.27696	0.397402	0.0168569
	18	0.526088	0.404552	0.0173704
	19	0.395704	0.404086	0.0164624
	20	0.500268	0.408895	0.0163266
	1	0.522724	0.522724	0
	2	0.32678	0.424752	0.0692767
	3	0.478808	0.442771	0.0484711
	4	0.38378	0.428023	0.0385316
	5	0.458564	0.434131	0.0313057
	6	0.325172	0.415971	0.0309096
	7	0.518108	0.430562	0.0297391
	8	0.474832	0.436096	0.0265315
	9	0.388908	0.430853	0.0240961
	10	0.402168	0.427984	0.0218566
	11	0.51112	0.435542	0.0211359
	12	0.241936	0.419408	0.0247787
	13	0.47542	0.423717	0.0232442
	14	0.329692	0.417001	0.0225333
	15	0.296848	0.408991	0.0224097
	16	0.429872	0.410296	0.021047
	17	0.432612	0.411608	0.0198499
	18	0.438248	0.413088	0.0188022
	19	0.530448	0.419265	0.0187998
	20	0.586612	0.427633	0.0196338
	1	0.58266	0.58266	0
	2	0.57622	0.57944	0.00227688
	3	0.52152	0.560133	0.0158367
	4	0.465156	0.536389	0.023747
	5	0.486984	0.526508	0.0209527
	6	0.48798	0.520087	0.0184183
	7	0.591948	0.530353	0.0184273
	8	0.57214	0.535576	0.016848
	9	0.49228	0.530765	0.0156477
	10	0.264176	0.504106	0.0289475
	11	0.463484	0.500413	0.0265504
	12	0.591456	0.508	0.0253988
	13	0.381212	0.498247	0.0252482
	14	0.520864	0.499863	0.0234964
	15	0.455664	0.496916	0.0221139
	16	0.516376	0.498132	0.0207652
	17	0.494996	0.497948	0.0195446
	18	0.52812	0.499624	0.0185305
	19	0.539288	0.501712	0.0176724
	20	0.440468	0.49865	0.017052
	1	0.539664	0.539664	0
	2	0.46042	0.500042	0.028017
	3	0.56746	0.522515	0.026183
	4	0.398532	0.491519	0.0332591
	5	0.356424	0.4645	0.035944
	6	0.537296	0.476633	0.0319354
	7	0.589992	0.492827	0.0312102
	8	0.437464	0.485907	0.0280657
	9	0.436992	0.480472	0.0254681
	10	0.444088	0.476833	0.0231797
	11	0.479112	0.47704	0.0210734
	12	0.353376	0.466735	0.0216912
	13	0.305552	0.454336	0.0232983
	14	0.376988	0.448811	0.0222795
	15	0.493496	0.45179	0.0209924
	16	0.575452	0.459519	0.0210552
	17	0.46128	0.459623	0.0198169
	18	0.559016	0.465145	0.0194701
	19	0.473104	0.465564	0.0184498
	20	0.529324	0.468752	0.0178007
	1	0.536084	0.536084	0
	2	0.3707	0.453392	0.0584721
	3	0.400412	0.435732	0.0415628
	4	0.49114	0.449584	0.0334007
	5	0.582224	0.476112	0.0357348
	6	0.583684	0.494041	0.0339802
	7	0.499212	0.494779	0.0291339
	8	0.63262	0.51201	0.0301599
	9	0.61264	0.523191	0.0288069
	10	0.542784	0.52515	0.0259928
	11	0.47032	0.520165	0.024103
	12	0.413716	0.511295	0.0236706
	13	0.564508	0.515388	0.0222009
	14	0.497544	0.514113	0.0206516
	15	0.478156	0.511716	0.0194135
	16	0.556896	0.51454	0.0184044
	17	0.420692	0.50902	0.0181308
	18	0.356696	0.500557	0.018996
	19	0.497744	0.500409	0.0179968
	20	0.579876	0.504382	0.0175301
	1	0.541236	0.541236	0
	2	0.446608	0.493922	0.0334561
	3	0.487316	0.49172	0.0223764
	4	0.385908	0.465267	0.0283983
	5	0.496048	0.471423	0.0233764
	6	0.473856	0.471829	0.0194839
	7	0.50216	0.476162	0.0171755
	8	0.507172	0.480038	0.0154598
	9	0.36346	0.467085	0.0183844
	10	0.65126	0.485502	0.0240635
	11	0.451244	0.482388	0.0220765
	12	0.567056	0.489444	0.0213345
	13	0.41564	0.483766	0.0204348
	14	0.611524	0.492892	0.0209138
	15	0.580484	0.498731	0.0203184
	16	0.6183	0.506204	0.0203765
	17	0.4409	0.502363	0.0195366
	18	0.40076	0.496718	0.0192494
	19	0.570948	0.500625	0.0186285
	20	0.611876	0.506188	0.018509
	1	0.584864	0.584864	0
	2	0.41454	0.499702	0.0602186
	3	0.56062	0.520008	0.0434347
	4	0.544252	0.526069	0.0329962
	5	0.546576	0.53017	0.0266506
	6	0.576784	0.537939	0.0233137
	7	0.469012	0.528093	0.0219644
	8	0.487348	0.523	0.0198005
	9	0.626388	0.534487	0.0206659
	10	0.660572	0.547096	0.0221136
	11	0.584536	0.550499	0.0203635
	12	0.64164	0.558094	0.0200329
	13	0.549256	0.557414	0.0185035
	14	0.597168	0.560254	0.0173983
	15	0.55756	0.560074	0.0162394
	16	0.532016	0.558321	0.0153188
	17	0.612536	0.56151	0.0147459
	18	0.623264	0.564941	0.0143202
	19	0.47864	0.560399	0.0142687
	20	0.543804	0.559569	0.0135794
	1	0.559964	0.559964	0
	2	0.546616	0.55329	0.00471923
	3	0.583544	0.563375	0.00881468
	4	0.466564	0.539172	0.021978
	5	0.507172	0.532772	0.0184908
	6	0.647692	0.551925	0.0233055
	7	0.59766	0.558459	0.0208719
	8	0.649796	0.569876	0.0211563
	9	0.674604	0.581512	0.0217718
	10	0.589904	0.582352	0.0196108
	11	0.548548	0.579279	0.0180672
	12	0.58644	0.579875	0.0165714
	13	0.52392	0.575571	0.0158459
	14	0.70296	0.58467	0.0171284
	15	0.593092	0.585232	0.0159957
	16	0.714232	0.593294	0.0169063
	17	0.490412	0.587242	0.0169604
	18	0.654708	0.59099	0.0164271
	19	0.589296	0.590901	0.0155628
	20	0.579344	0.590323	0.0147953
	1	0.630716	0.630716	0
	2	0.405916	0.518316	0.0794788
	3	0.502652	0.513095	0.0531571
	4	0.58082	0.530026	0.0424788
	5	0.610636	0.546148	0.0369159
	6	0.593672	0.554069	0.0316015
	7	0.693416	0.573975	0.0327624
	8	0.620568	0.5798	0.0291802
	9	0.45434	0.56586	0.0290776
	10	0.541748	0.563448	0.0262696
	11	0.691988	0.575134	0.0263526
	12	0.634996	0.580122	0.0246242
	13	0.590852	0.580948	0.0227439
	14	0.514008	0.576166	0.021616
	15	0.472444	0.569251	0.0212522
	16	0.614768	0.572096	0.0201134
	17	0.547968	0.570677	0.0189803
	18	0.747604	0.580506	0.0203122
	19	0.547836	0.578787	0.0193157
	20	0.6724	0.583467	0.0189086
	1	0.607796	0.607796	0
	2	0.639916	0.623856	0.0113561
	3	0.727168	0.658293	0.0291193
	4	0.585748	0.640157	0.0269009
	5	0.747408	0.661607	0.0288311
	6	0.670996	0.663172	0.0240683
	7	0.578112	0.651021	0.0234981
	8	0.673676	0.653852	0.0207308
	9	0.704268	0.659454	0.0191692
	10	0.579008	0.65141	0.018865
	11	0.633064	0.649742	0.0172235
	12	0.64062	0.648982	0.015805
	13	0.571364	0.643011	0.0156765
	14	0.734056	0.649514	0.0158483
	15	0.705416	0.653241	0.0152236
	16	0.78266	0.66133	0.0162798
	17	0.661472	0.661338	0.0153222
	18	0.53302	0.654209	0.0160438
	19	0.582916	0.650457	0.015632
	20	0.714024	0.653635	0.0151701
	1	0.816136	0.816136	0
	2	0.191884	0.50401	0.220706
	3	0.612008	0.540009	0.150045
	4	0.520392	0.535105	0.112614
	5	0.757136	0.579511	0.0984577
	6	0.471516	0.561512	0.0836771
	7	0.728712	0.585398	0.075055
	8	0.45548	0.569158	0.0674071
	9	0.739576	0.588093	0.0625204
	10	0.752108	0.604495	0.0583801
	11	0.684332	0.611753	0.0535221
	12	0.670088	0.616614	0.0492822
	13	0.544616	0.611076	0.0458014
	14	0.652288	0.614019	0.0426244
	15	0.51146	0.607182	0.0403274
	16	0.47496	0.598918	0.0386444
	17	0.664936	0.602802	0.0365658
	18	0.59698	0.602478	0.0345358
	19	0.794424	0.612581	0.0341637
	20	0.725316	0.618217	0.0329173
	1	0.6636	0.6636	0
	2	0.583368	0.623484	0.0283663
	3	0.58992	0.612296	0.0210016
	4	0.696204	0.633273	0.0240443
	5	0.644636	0.635546	0.0193425
	6	0.796276	0.662334	0.0292887
	7	0.653144	0.661021	0.025134
	8	0.74008	0.670903	0.0238561
	9	0.777096	0.682703	0.0239462
	10	0.682464	0.682679	0.0215516
	11	0.553204	0.670908	0.022579
	12	0.66228	0.670189	0.0207088
	13	0.638448	0.667748	0.0192592
	14	0.61384	0.663897	0.0182644
	15	0.834956	0.675301	0.0202971
	16	0.624832	0.672147	0.0192721
	17	0.862728	0.683357	0.0211492
	18	0.6218	0.679938	0.0202489
	19	0.679848	0.679933	0.0191831
	20	0.847812	0.688327	0.0199762
	1	0.663548	0.663548	0
	2	0.404456	0.534002	0.0916029
	3	0.688304	0.585436	0.0741148
	4	0.75718	0.628372	0.0668763
	5	0.76928	0.656554	0.0591416
	6	0.67262	0.659231	0.0493452
	7	0.651596	0.658141	0.042308
	8	0.858228	0.683151	0.0437926
	9	0.779612	0.693869	0.0402169
	10	0.660564	0.690539	0.0363329
	11	0.73792	0.694846	0.0332843
	12	0.740084	0.698616	0.0307233
	13	0.747108	0.702346	0.0285855
	14	0.786948	0.708389	0.0271749
	15	0.766516	0.712264	0.0256381
	16	0.551668	0.702227	0.0259261
	17	0.821488	0.709242	0.0253324
	18	0.76786	0.712499	0.0241335
	19	0.825124	0.718427	0.02358
	20	0.679732	0.716492	0.0224803
	1	0.805844	0.805844	0
	2	0.54468	0.675262	0.0923354
	3	0.360136	0.57022	0.105571
	4	0.753396	0.616014	0.0885548
	5	0.767776	0.646366	0.0758674
	6	0.763824	0.665943	0.0657
	7	0.670424	0.666583	0.0563174
	8	0.771436	0.67969	0.05078
	9	0.73474	0.685806	0.0455047
	10	0.77902	0.695128	0.041898
	11	0.731712	0.698453	0.0382209
	12	0.819688	0.708556	0.0363465
	13	0.826532	0.717631	0.0346651
	14	0.842684	0.726564	0.03332
	15	0.684724	0.723774	0.0312152
	16	0.454496	0.706945	0.0334953
	17	0.360104	0.686542	0.0372236
	18	0.721612	0.68849	0.0352066
	19	0.814652	0.695131	0.033974
	20	0.768496	0.698799	0.0324727
	1	0.715112	0.715112	0
	2	0.753236	0.734174	0.0134789
	3	0.819176	0.762508	0.0248185
	4	0.755848	0.760843	0.0186696
	5	0.85136	0.778946	0.0220287
	6	0.741572	0.772717	0.0192177
	7	0.613624	0.74999	0.0267225
	8	0.673068	0.740374	0.0250524
	9	0.784792	0.74531	0.0227497
	10	0.851396	0.755918	0.0228145
	11	0.72548	0.753151	0.0209076
	12	0.66494	0.7458	0.0204167
	13	0.85706	0.754359	0.0205619
	14	0.68518	0.749417	0.019678
	15	0.808848	0.753379	0.0187608
	16	0.830864	0.758222	0.0182025
	17	0.786284	0.759873	0.0172065
	18	0.776776	0.760812	0.0162762
	19	0.725184	0.758937	0.0155272
	20	0.576476	0.749814	0.0172237
	1	0.891688	0.891688	0
	2	0.777064	0.834376	0.0405257
	3	0.862088	0.843613	0.0280502
	4	0.66346	0.798575	0.0443161
	5	0.563292	0.751518	0.0550306
	6	0.824024	0.763603	0.047167
	7	0.685608	0.752461	0.0417241
	8	0.698056	0.74566	0.0370587
	9	0.637032	0.73359	0.0348512
	10	0.6163	0.721861	0.0332813
	11	0.793308	0.728356	0.030883
	12	0.558176	0.714175	0.0313972
	13	0.739684	0.716137	0.0290433
	14	0.672076	0.71299	0.0271387
	15	0.917764	0.726641	0.0285574
	16	0.846264	0.734118	0.027734
	17	0.583436	0.725254	0.0274825
	18	0.839116	0.73158	0.0266737
	19	0.829296	0.736723	0.0257609
	20	0.8119	0.740482	0.0247456
	1	0.727504	0.727504	0
	2	0.873112	0.800308	0.0514802
	3	0.728768	0.776461	0.0394586
	4	0.833636	0.790755	0.0320785
	5	0.952408	0.823086	0.0386626
	6	0.836028	0.825243	0.0322789
	7	0.665576	0.802433	0.0348059
	8	0.86714	0.810522	0.0313809
	9	0.861084	0.81614	0.0283926
	10	0.886704	0.823196	0.0264156
	11	0.237848	0.769983	0.0561331
	12	0.731488	0.766775	0.051547
	13	0.93102	0.779409	0.0491057
	14	0.774304	0.779044	0.0455995
	15	0.80646	0.780872	0.0425962
	16	0.368488	0.755098	0.0470903
	17	0.798916	0.757676	0.0443908
	18	0.859164	0.763314	0.0422812
	19	0.727936	0.761452	0.0400968
	20	0.824092	0.764584	0.0382141
	1	0.945264	0.945264	0
	2	0.90958	0.927422	0.0126162
	3	0.90808	0.920975	0.00992238
	4	0.899244	0.915542	0.00880429
	5	0.940284	0.92049	0.00831861
	6	0.615048	0.869583	0.0469858
	7	0.921784	0.877041	0.040861
	8	0.634356	0.846705	0.0456456
	9	0.740776	0.834935	0.042064
	10	0.877652	0.839207	0.0380738
	11	0.81266	0.836793	0.034689
	12	0.940144	0.845406	0.03285
	13	0.685272	0.833088	0.0325507
	14	0.915796	0.838996	0.0307571
	15	0.891096	0.842469	0.0289021
	16	0.841116	0.842384	0.0270958
	17	0.895796	0.845526	0.0256835
	18	0.89124	0.848066	0.0243819
	19	0.843648	0.847833	0.0230997
	20	0.778588	0.844371	0.0222027
	1	0.914116	0.914116	0
	2	0.776864	0.84549	0.0485259
	3	0.8136	0.83486	0.0334947
	4	0.68564	0.797555	0.0409245
	5	0.513664	0.740777	0.0604226
	6	0.875492	0.763229	0.0543639
	7	0.595724	0.7393	0.0515961
	8	0.835464	0.75132	0.0465257
	9	0.782104	0.754741	0.0414817
	10	0.900944	0.769361	0.0398268
	11	0.874312	0.778902	0.0373315
	12	0.809304	0.781436	0.0343064
	13	0.946016	0.794096	0.0339231
	14	0.646068	0.783522	0.0331068
	15	0.668448	0.775851	0.0317761
	16	0.866984	0.781546	0.0302963
	17	0.715616	0.777668	0.0287613
	18	0.847208	0.781532	0.0274217
	19	0.91814	0.788721	0.0269045
	20	0.843792	0.791475	0.0256998
	1	0.644344	0.644344	0
	2	0.852056	0.7482	0.0734373
	3	0.961488	0.819296	0.0759386
	4	0.917804	0.843923	0.0608162
	5	0.676884	0.810515	0.0570962
	6	0.876636	0.821535	0.0486321
	7	0.719744	0.806994	0.0438048
	8	0.896068	0.818128	0.039719
	9	0.94244	0.83194	0.0376309
	10	0.921052	0.840852	0.034907
	11	0.925548	0.848551	0.0325717
	12	0.832096	0.84718	0.0298863
	13	0.395532	0.812438	0.0433039
	14	0.936376	0.821291	0.0411057
	15	0.88282	0.825393	0.0385695
	16	0.92364	0.831533	0.0366444
	17	0.951708	0.838602	0.0351641
	18	0.531888	0.821562	0.0371101
	19	0.567924	0.808213	0.0374812
	20	0.973036	0.816454	0.0365019
	1	0.952052	0.952052	0
	2	0.692964	0.822508	0.0916014
	3	0.939732	0.861583	0.0688995
	4	0.76346	0.837052	0.0558711
	5	0.937268	0.857095	0.048158
	6	0.952644	0.87302	0.0426836
	7	0.907928	0.878007	0.0368761
	8	0.94942	0.886934	0.0333295
	9	0.868388	0.884873	0.0296898
	10	0.874752	0.883861	0.0267381
	11	0.864464	0.882097	0.0243654
	12	0.942736	0.887151	0.022853
	13	0.776844	0.878666	0.0226155
	14	0.927372	0.882145	0.021266
	15	0.942472	0.886166	0.020225
	16	0.90606	0.88741	0.0189991
	17	0.946368	0.890878	0.0181953
	18	0.856484	0.888967	0.0172845
	19	0.930988	0.891179	0.0165157
	20	0.67654	0.880447	0.0188571
