0.064633	0	0
0.129266	0	0
0.193899	0	0
0.258532	0	0
0.323165	0	0
0.387798	0	0
0.452431	0	0
0.517064	0	0
0.581697	0	0
0.64633	0	0
0.710963	0	0
0.775596	0	0
0.84023	0	0
0.904863	0.000909997	0.000158848
0.969496	0.145918	0.00226829
1.03413	1.06688	0.00560429
1.09876	2.04249	0.0110624
1.16339	2.26284	0.0124479
1.22803	2.07667	0.00965647
1.29266	1.8289	0.00867666
1.35729	1.60331	0.00702552
1.42193	1.44467	0.00669339
1.48656	1.33205	0.00573976
1.55119	1.24844	0.00457326
1.61583	1.1738	0.00550717
1.68046	1.14519	0.00426629
1.74509	1.10697	0.00378128
1.80973	1.08734	0.00383385
1.87436	1.07894	0.0040475
1.93899	1.06698	0.00354572
2.00362	1.05933	0.00375337
2.06826	1.05436	0.00279377
2.13289	1.05398	0.00262969
2.19752	1.0408	0.00303989
2.26216	1.04096	0.00300142
2.32679	1.0434	0.00282792
2.39142	1.0314	0.00264584
2.45606	1.02692	0.0027185
2.52069	1.02292	0.00272547
2.58532	1.01915	0.00275259
2.64995	1.01685	0.00241856
2.71459	1.0132	0.00285068
2.77922	1.01154	0.0021555
2.84385	1.00557	0.00224627
2.90849	1.00423	0.00240908
2.97312	1.00077	0.00225291
3.03775	0.999804	0.00265556
3.10239	0.998181	0.00197134
3.16702	0.995205	0.00251923
3.23165	0.994464	0.00183866
3.29629	0.995208	0.00154754
3.36092	0.99325	0.00168063
3.42555	0.996315	0.00182432
3.49018	0.990071	0.00160056
3.55482	0.990523	0.00142981
3.61945	0.992926	0.00198919
3.68408	0.992449	0.0016779
3.74872	0.99064	0.00135782
3.81335	0.990827	0.00188698
3.87798	0.990786	0.00161077
3.94262	0.987558	0.00163468
4.00725	0.988269	0.00167185
4.07188	0.987357	0.00141684
4.13651	0.986975	0.00152055
4.20115	0.988743	0.00131128
4.26578	0.986433	0.00143696
4.33041	0.985057	0.00144811
4.39505	0.988675	0.00134388
4.45968	0.984821	0.00136817
4.52431	0.987719	0.00129017
4.58895	0.986632	0.00120832
4.65358	0.986847	0.001188
4.71821	0.989029	0.00121083
4.78285	0.985323	0.00135287
4.84748	0.986651	0.00149304
4.91211	0.984603	0.00140135
4.97674	0.985689	0.00123882
5.04138	0.986494	0.0013407
5.10601	0.986105	0.00124931
5.17064	0.985331	0.00124328
5.23528	0.985591	0.00129112
5.29991	0.986632	0.00106419
5.36454	0.983212	0.00116957
5.42918	0.986361	0.00105747
5.49381	0.985451	0.000958285
5.55844	0.985759	0.00103423
5.62307	0.986535	0.000834565
5.68771	0.98695	0.00132883
5.75234	0.986355	0.000896851
5.81697	0.986393	0.00109969
5.88161	0.986759	0.00109603
5.94624	0.986133	0.000867415
6.01087	0.985812	0.00112464
6.07551	0.983986	0.001018
6.14014	0.985717	0.000858441
6.20477	0.985814	0.00091579
6.2694	0.983529	0.00095032
6.33404	0.987472	0.00075258
6.39867	0.986192	0.000869473
6.4633	0.984816	0.00090726
