	1	0.048842	0.048842	0
	2	0.0492808	0.0490614	0.00021939
	3	0.0485589	0.0488939	0.000209998
	4	0.0492151	0.0489742	0.000168811
	5	0.0493267	0.0490447	0.000148558
	6	0.0495664	0.0491317	0.000149241
	7	0.0484393	0.0490328	0.000160287
	8	0.0482224	0.0489315	0.000171843
	9	0.048932	0.0489315	0.000151551
	10	0.0489191	0.0489303	0.000135557
	11	0.0499098	0.0490193	0.00015154
	12	0.0494461	0.0490549	0.000142836
	13	0.048866	0.0490404	0.000132191
	14	0.0491554	0.0490486	0.000122661
	15	0.0483635	0.0490029	0.000122985
	16	0.0491625	0.0490129	0.000115473
	17	0.0488687	0.0490044	0.000108799
	18	0.0491293	0.0490113	0.000102812
	19	0.0487328	0.0489967	9.83492e-05
	20	0.0488587	0.0489898	9.35568e-05
	21	0.048731	0.0489775	8.98397e-05
	22	0.0494381	0.0489984	8.81811e-05
	23	0.0489195	0.048995	8.43297e-05
	24	0.0501154	0.0490417	9.32653e-05
	25	0.0490795	0.0490432	8.94697e-05
	26	0.0498075	0.0490726	9.08475e-05
	27	0.0489278	0.0490672	8.75822e-05
	28	0.0497045	0.04909	8.74114e-05
	29	0.0490124	0.0490873	8.43857e-05
	30	0.0495397	0.0491024	8.29072e-05
	31	0.04907	0.0491013	8.0195e-05
	32	0.0486098	0.049086	7.91532e-05
	33	0.0496956	0.0491044	7.89097e-05
	34	0.0497316	0.0491229	7.87444e-05
	35	0.0492462	0.0491264	7.65426e-05
	36	0.0489322	0.049121	7.45815e-05
	37	0.0488279	0.0491131	7.2969e-05
	38	0.0493516	0.0491194	7.12995e-05
	39	0.0494873	0.0491288	7.00852e-05
	40	0.049154	0.0491294	6.83135e-05
	41	0.0492044	0.0491313	6.66515e-05
	42	0.0482186	0.0491095	6.8579e-05
	43	0.0487494	0.0491012	6.74869e-05
	44	0.0496287	0.0491131	6.70164e-05
	45	0.0495298	0.0491224	6.61613e-05
	46	0.0489567	0.0491188	6.48073e-05
	47	0.0487431	0.0491108	6.39152e-05
	48	0.0492587	0.0491139	6.26452e-05
	49	0.0487502	0.0491065	6.18008e-05
	50	0.0489132	0.0491026	6.06753e-05
