	1	-0.423319	-0.423319	0
	2	-0.399736	-0.411528	0.0117919
	3	-0.414118	-0.412391	0.00686262
	4	-0.410528	-0.411925	0.0048749
	5	-0.407031	-0.410947	0.00390089
	6	-0.408548	-0.410547	0.00321005
	7	-0.413834	-0.411016	0.00275333
	8	-0.422022	-0.412392	0.00275285
	9	-0.408176	-0.411924	0.00247256
	10	-0.41398	-0.412129	0.00222106
	11	-0.408495	-0.411799	0.00203601
	12	-0.422809	-0.412717	0.00207276
	13	-0.412225	-0.412679	0.00190704
	14	-0.416036	-0.412919	0.00178179
	15	-0.409338	-0.41268	0.00167584
	16	-0.406165	-0.412273	0.00161962
	17	-0.432314	-0.413452	0.00192466
	18	-0.416059	-0.413596	0.00182036
	19	-0.416989	-0.413775	0.00173112
	20	-0.42289	-0.414231	0.00170435
	21	-0.415715	-0.414301	0.0016227
	22	-0.411315	-0.414166	0.00155313
	23	-0.407948	-0.413895	0.00150848
	24	-0.409043	-0.413693	0.00145835
	25	-0.41609	-0.413789	0.00140208
	26	-0.406623	-0.413513	0.00137498
	27	-0.405248	-0.413207	0.00135803
	28	-0.398115	-0.412668	0.00141528
	29	-0.420377	-0.412934	0.00139124
	30	-0.410809	-0.412863	0.00134593
	31	-0.413677	-0.41289	0.00130206
	32	-0.4255	-0.413284	0.00132087
	33	-0.413199	-0.413281	0.00128022
	34	-0.402673	-0.412969	0.00128058
	35	-0.408512	-0.412842	0.00124996
	36	-0.415237	-0.412908	0.00121656
	37	-0.41708	-0.413021	0.00118858
	38	-0.407941	-0.412887	0.00116458
	39	-0.406389	-0.412721	0.0011465
	40	-0.412329	-0.412711	0.00111751
	41	-0.417718	-0.412833	0.00109673
	42	-0.416254	-0.412914	0.0010734
	43	-0.405087	-0.412732	0.00106383
	44	-0.412888	-0.412736	0.00103937
	45	-0.410491	-0.412686	0.00101724
	46	-0.414608	-0.412728	0.000995757
	47	-0.402606	-0.412513	0.000997857
	48	-0.419631	-0.412661	0.00098804
	49	-0.423845	-0.412889	0.00099422
	50	-0.422023	-0.413072	0.000991114
