	1	-1.65148	-1.65148	0
	2	-1.63173	-1.6416	0.00987225
	3	-1.52441	-1.60254	0.0394781
	4	-1.38327	-1.54772	0.0615155
	5	-1.36112	-1.5104	0.0605248
	6	-1.30231	-1.47572	0.0603741
	7	-1.27853	-1.44755	0.0582852
	8	-1.28646	-1.42741	0.0543447
	9	-1.27223	-1.41017	0.0509347
	10	-1.2156	-1.39072	0.0495383
	11	-1.23714	-1.37675	0.0469338
	12	-1.16729	-1.3593	0.0462636
	13	-1.33415	-1.35736	0.0426003
	14	-1.41188	-1.36126	0.039632
	15	-1.5537	-1.37409	0.0390623
	16	-1.54228	-1.3846	0.0380215
	17	-1.57604	-1.39586	0.0374483
	18	-1.56269	-1.40513	0.0365029
	19	-1.59542	-1.41515	0.0359515
	20	-1.57114	-1.42294	0.0349871
	21	-1.57163	-1.43002	0.0340242
	22	-1.7637	-1.44519	0.0358113
	23	-1.74696	-1.45831	0.036648
	24	-1.77411	-1.47147	0.0374739
	25	-1.78842	-1.48415	0.038114
	26	-1.6685	-1.49124	0.0372989
	27	-1.71731	-1.49961	0.0368546
	28	-1.81313	-1.51081	0.0372373
	29	-1.7034	-1.51745	0.0365389
	30	-1.67585	-1.52273	0.0356927
	31	-1.78762	-1.53128	0.0355639
	32	-1.75687	-1.53832	0.0351488
	33	-1.6739	-1.54243	0.0343139
	34	-1.8152	-1.55046	0.0342424
	35	-1.80735	-1.5578	0.0340502
	36	-1.66447	-1.56076	0.0332232
	37	-1.65832	-1.5634	0.0324202
	38	-1.76874	-1.5688	0.0320149
	39	-1.77222	-1.57402	0.0316164
	40	-1.73967	-1.57816	0.0310929
	41	-1.6939	-1.58098	0.0304562
	42	-1.83094	-1.58693	0.0303122
	43	-1.96213	-1.59566	0.0308582
	44	-1.99541	-1.60474	0.0314878
	45	-2.12987	-1.61641	0.032918
	46	-2.05105	-1.62586	0.0335524
	47	-1.82932	-1.63019	0.0331149
	48	-1.81548	-1.63405	0.0326467
	49	-1.90125	-1.6395	0.0324352
	50	-1.70675	-1.64085	0.0318083
