0.064633	0	0
0.129266	0	0
0.193899	0	0
0.258532	0	0
0.323165	0	0
0.387798	0	0
0.452431	0	0
0.517064	0	0
0.581697	0	0
0.64633	0	0
0.710963	0	0
0.775596	0	0
0.84023	0	0
0.904863	0.000790261	0.000790261
0.969496	0.132133	0.0145208
1.03413	1.09624	0.0500939
1.09876	1.94517	0.0897882
1.16339	2.11518	0.0665338
1.22803	2.00286	0.0627138
1.29266	1.73822	0.0685302
1.35729	1.69425	0.0734755
1.42193	1.50073	0.0515942
1.48656	1.43454	0.0527594
1.55119	1.33238	0.049231
1.61583	1.29429	0.0465251
1.68046	1.2256	0.034534
1.74509	1.1149	0.0309351
1.80973	1.14402	0.032694
1.87436	1.10554	0.0294714
1.93899	1.07391	0.0312573
2.00362	1.07281	0.0251849
2.06826	1.09604	0.0255482
2.13289	1.12576	0.0273032
2.19752	1.06788	0.0251285
2.26216	1.05987	0.0258437
2.32679	1.07973	0.0256974
2.39142	1.05223	0.0247944
2.45606	1.03646	0.0235194
2.52069	0.989157	0.0203243
2.58532	0.976111	0.0188158
2.64995	0.989732	0.0206808
2.71459	0.988776	0.0201301
2.77922	1.01979	0.0195293
2.84385	1.01551	0.0219946
2.90849	1.00711	0.0174479
2.97312	1.03483	0.0211443
3.03775	1.02961	0.0167125
3.10239	1.03622	0.021572
3.16702	1.01691	0.0157245
3.23165	1.01616	0.0173314
3.29629	1.03317	0.0190402
3.36092	1.03497	0.0159375
3.42555	1.03372	0.0165809
3.49018	0.998312	0.0155352
3.55482	0.994051	0.0158608
3.61945	0.994616	0.016097
3.68408	0.99704	0.0156467
3.74872	0.991452	0.0167925
3.81335	0.979102	0.0142979
3.87798	1.0025	0.0142527
3.94262	1.02238	0.011796
4.00725	1.00257	0.0120539
4.07188	0.993331	0.0105861
4.13651	0.988599	0.011248
4.20115	0.988175	0.0124732
4.26578	0.994804	0.011907
4.33041	1.00866	0.0109602
4.39505	1.00891	0.0102776
4.45968	1.02161	0.0115865
4.52431	0.996644	0.0110928
4.58895	1.0016	0.0106931
4.65358	1.00048	0.009482
4.71821	0.993772	0.00897656
4.78285	0.984511	0.010549
4.84748	0.992534	0.0102692
4.91211	0.992631	0.00931692
4.97674	0.989932	0.00920745
5.04138	0.987272	0.0103201
5.10601	0.985641	0.00917431
5.17064	0.985145	0.0093697
5.23528	1.01292	0.0101871
5.29991	0.997737	0.0109505
5.36454	0.978872	0.00932037
5.42918	0.984025	0.00980876
5.49381	0.989308	0.00937885
5.55844	0.985294	0.00896908
5.62307	1.00956	0.0112675
5.68771	1.01286	0.00888237
5.75234	1.00409	0.00867461
5.81697	0.995503	0.00912131
5.88161	0.991164	0.00874401
5.94624	0.985425	0.00911088
6.01087	0.991083	0.00872563
6.07551	0.996775	0.00656758
6.14014	0.985212	0.00761294
6.20477	0.987581	0.00738944
6.2694	0.997502	0.00846656
6.33404	0.999122	0.00776561
6.39867	1.0028	0.00926065
6.4633	0.994362	0.00825886
