0.489859   -0.484196   0.485388
-0.335707   -0.365473   -0.490355
-0.493513   -0.316886   -0.358172
-0.336326   0.457011   -0.368745
-0.173248   0.475336   -0.498153
-0.0378163   -0.352982   0.494706
-0.195392   -0.33094   -0.343228
-0.0127423   -0.496639   -0.3355
0.16005   0.477435   0.495882
0.33036   -0.335016   0.468554
0.15115   -0.314121   -0.329322
0.29196   -0.489115   -0.330231
0.494728   -0.160625   0.492111
-0.316967   0.0272175   0.490828
0.488342   0.0079054   -0.345628
-0.324694   -0.166376   -0.370891
-0.18765   -0.187432   0.478618
-0.00585853   -0.0146461   0.473744
-0.188216   0.00134698   -0.352946
-0.0445587   -0.171556   -0.366678
0.137222   -0.203828   0.474531
0.310471   -0.0442873   0.484284
0.144631   -0.0151275   -0.337358
0.306685   -0.169018   -0.340207
0.461744   0.171875   0.483158
-0.353901   0.31507   0.483762
0.466131   0.342796   -0.314961
-0.329957   0.169226   -0.339825
-0.157391   0.173758   -0.486918
-0.0131712   0.327284   0.478189
-0.16137   0.31388   -0.313949
-0.0191645   0.154343   -0.326371
0.147961   0.168454   0.491428
0.328598   0.35134   -0.494311
0.166142   0.322009   -0.322363
0.323523   0.172508   -0.353882
-0.493985   -0.481352   -0.183525
-0.330275   -0.326401   -0.18557
0.47244   -0.336594   -0.00158403
-0.343357   0.481445   -0.00687304
-0.203724   -0.49961   -0.175746
-0.037844   -0.323003   -0.182354
-0.191902   -0.314083   0.00300258
-0.0216538   -0.479422   -0.0247309
0.15015   -0.480074   -0.171941
0.322179   -0.324892   -0.191
0.143874   -0.333118   -0.0128652
0.299861   -0.496809   -0.0100287
0.46821   -0.180062   -0.176208
-0.3612   -0.0298819   -0.194681
0.49795   0.0233845   -0.0059192
-0.350259   -0.147393   -0.000152015
-0.185122   -0.145783   -0.196706
-0.0221214   -0.000304669   -0.152597
-0.192253   -0.00290198   -0.025109
-0.0115576   -0.176697   -9.24935e-05
0.138707   -0.156956   -0.176439
0.308472   0.0235702   -0.158623
0.157833   -0.0114221   0.00557103
0.322605   -0.157382   0.000964515
0.483815   0.163553   -0.155877
-0.355055   0.336097   -0.179107
0.467913   0.350996   -0.0313587
-0.363832   0.201951   0.00580926
-0.193231   0.168168   -0.1697
0.00363589   0.339243   -0.152793
-0.157822   0.347459   -0.0128333
-0.019567   0.160744   0.00695471
0.146366   0.162773   -0.151531
0.303036   0.322823   -0.151601
0.136598   0.320028   -0.00319846
0.322941   0.160085   0.0228427
0.479962   -0.490103   0.164412
-0.350678   -0.337345   0.149723
0.497955   -0.329174   0.329526
-0.342169   0.484315   0.339067
-0.203466   0.493109   0.147419
-0.0154659   -0.337494   0.147686
-0.189602   -0.357386   0.322207
-0.0316872   0.466417   0.315206
0.123472   0.498073   0.153112
0.302689   -0.336673   0.156293
0.104068   -0.352213   0.326629
0.28396   0.496031   0.319759
0.495631   -0.182046   0.146189
-0.338932   0.00660288   0.157671
-0.477734   -0.0023406   0.345016
-0.353616   -0.166646   0.293532
-0.191972   -0.161619   0.158854
-0.0217377   -0.0162079   0.134271
-0.169451   0.000999044   0.320916
-0.0425528   -0.184317   0.326753
0.120709   -0.186176   0.179919
0.367375   0.0082387   0.166782
0.174681   -0.0245007   0.293234
0.326109   -0.174898   0.301188
0.482473   0.181004   0.186616
-0.367463   0.324835   0.169995
0.490519   0.332617   0.344658
-0.354388   0.15764   0.318995
-0.181043   0.162532   0.174126
-0.01035   0.329655   0.15092
-0.203354   0.319728   0.321046
0.0109226   0.152291   0.316059
0.136878   0.174146   0.148916
0.32201   0.35041   0.160122
0.156792   0.321433   0.313044
0.323103   0.158378   0.323545
