1.37093
1.34408
1.32268
1.30779
1.30041
1.30156
1.31124
1.32704
1.34405
1.35728
1.3641
1.3647
1.36116
1.35654
1.35453
1.35867
1.37009
1.38591
1.40025
1.4072
1.40317
1.38796
1.36453
1.33821
1.31558
1.30302
1.30508
1.32294
1.35379
1.39191
1.43069
1.46487
1.4911
1.5077
1.51405
1.51028
1.49716
1.47636
1.45043
1.42234
1.3949
1.36994
1.34802
1.32852
1.31021
1.29196
1.27416
1.2599
1.25495
1.26515
1.2921
1.33084
1.37237
1.40819
1.43323
1.44606
1.44814
1.44259
1.43314
1.42358
1.41812
1.42077
1.4331
1.45178
1.46895
1.47617
1.46867
1.44722
1.41737
1.38699
1.36317
1.34954
1.34493
1.34551
1.34857
1.35374
1.36079
1.36789
1.37257
1.37376
1.37246
1.37108
1.37145
1.37354
1.37574
1.3763
1.37488
1.37334
1.37455
1.38057
1.39153
1.40539
1.41877
1.42844
1.43286
1.43241
1.42857
1.42301
1.41703
1.41139
1.4061
1.40051
1.3943
1.38809
1.38315
1.38017
1.37812
1.37447
1.36695
1.35581
1.34459
1.33822
1.33944
1.34685
1.35709
1.36793
1.37918
1.39083
1.40146
1.40802
1.40724
1.39697
1.37714
1.34967
1.31824
1.28778
1.26417
1.25299
1.25719
1.27503
1.30069
1.32724
1.3498
1.36693
1.37941
1.38828
1.39342
1.39375
1.38827
1.3766
1.35946
1.33931
1.32018
1.30619
1.29982
1.30169
1.31152
1.32872
1.35238
1.38074
1.41094
1.43962
1.46378
1.48091
1.489
1.48664
1.47387
1.45279
1.42708
1.40121
1.37922
1.36349
1.35441
1.35125
1.35339
1.36051
1.37204
1.3864
1.40088
1.41209
1.41673
1.41241
1.39841
1.37613
1.34887
1.32115
1.29714
1.27949
1.26901
1.26523
1.26665
1.27086
1.27526
1.27878
1.28295
1.29096
1.30514
1.32492
1.34709
1.3678
1.38489
1.39886
1.41214
1.42724
1.44489
1.46357
1.48057
1.49336
1.50012
1.49991
1.49315
1.4822
1.47112
1.46376
1.46138
1.46201
1.46227
1.45979
1.45431
1.447
1.43911
1.4307
1.4207
1.4074
1.38888
1.36314
1.32925
1.28947
1.25071
1.22251
1.21193
1.21902
1.23786
1.26155
1.28615
1.31087
1.33652
1.36378
1.39205
1.41908
1.44121
1.4545
1.4566
1.44779
1.43092
1.4106
1.39174
1.37738
1.36734
1.35897
1.34954
1.33816
1.32617
1.31716
1.31631
1.32858
1.35574
1.39429
1.43643
1.47342
1.49882
1.50999
1.50762
1.49373
1.47023
1.43887
1.40307
1.36923
1.34617
1.34117
1.35521
1.38178
1.41071
1.43291
1.44313
1.44039
1.42676
1.40596
1.38219
1.35931
1.34061
1.32854
1.32414
1.32645
1.33271
1.33942
1.34407
1.34743
1.35351
1.36616
1.38506
1.4063
1.42589
1.44088
1.4493
1.45029
1.44379
1.43064
1.41291
1.39448
1.3795
1.36957
1.364
1.36341
1.37045
1.38607
1.40703
1.42661
1.43778
1.4359
1.42071
1.39611
1.3686
1.34575
1.33492
1.34046
1.36085
1.38904
1.41689
1.43961
1.45689
1.47122
1.48527
1.50045
1.51656
1.53216
1.54542
1.55457
1.55774
1.55238
1.5358
1.50735
1.47023
1.43127
1.39814
1.37569
1.36479
1.364
1.37033
1.37809
1.37936
1.36735
1.33964
1.29927
1.25385
1.21242
1.18199
1.16538
1.16135
1.16635
1.17655
1.18968
1.20609
1.22834
1.25923
1.29865
1.34225
1.38317
1.41491
1.43346
1.43801
1.43108
1.41763
1.40331
1.39241
1.38715
1.38818
1.39537
1.40783
1.42397
1.44207
1.46072
1.47835
1.49303
1.50337
1.50954
1.51312
1.51557
1.51671
1.51442
1.50575
1.48861
1.46275
1.42987
1.39339
1.35817
1.32967
1.31273
1.30966
1.31875
1.33502
1.35331
1.37128
1.39019
1.4122
1.43667
1.45918
1.47392
1.47626
1.46435
1.43971
1.40743
1.37548
1.35249
1.34421
1.3509
1.36762
1.38738
1.40419
1.41383
1.41392
1.40476
1.3906
1.37794
1.37163
1.37263
1.37929
1.39006
1.40401
1.42001
1.43596
1.44907
1.45694
1.45838
1.45382
1.44502
1.43452
1.42496
1.41715
1.40928
1.39814
1.38256
1.36519
1.35082
1.34312
1.34232
1.34533
1.34717
1.34357
1.33421
1.32436
1.32298
1.3378
1.37077
1.41727
1.46829
1.51393
1.5463
1.56043
1.5539
1.52655
1.48079
1.4225
1.36118
1.30805
1.27253
1.25905
1.26535
1.28363
1.30512
1.32454
1.34061
1.35327
1.36131
1.36312
1.35881
1.35128
1.34553
1.34667
1.35769
1.37839
1.40572
1.43549
1.4638
1.48757
1.50428
1.51207
1.51053
1.50121
1.48679
1.46979
1.45129
1.43132
1.41004
1.38923
1.37211
1.36159
1.35822
1.35912
1.35971
1.3578
1.35564
1.35732
1.36439
1.37447
1.38275
1.3838
1.3732
1.34957
1.31653
1.28305
1.25995
1.25456
1.26852
1.30029
1.34639
1.40012
1.45189
1.49271
1.51759
1.52658
1.52363
1.51451
1.50437
1.49585
1.48881
1.48136
1.4714
1.45821
1.44372
1.43211
1.4272
1.4291
1.43344
1.43354
1.4237
1.40127
1.36856
1.33285
1.3023
1.2818
1.27367
1.27995
1.3013
1.33472
1.37359
1.40967
1.43549
1.44636
1.44143
1.424
1.40068
1.37944
1.36745
1.36898
1.38438
1.41053
1.44281
1.47675
1.50812
1.53238
1.54516
1.54369
1.52773
1.4991
1.46068
1.41547
1.36696
1.31964
1.2789
1.2499
1.23559
1.2349
1.24297
1.25416
1.26537
1.27711
1.29171
1.31074
1.33321
1.35575
1.37379
1.38319
1.38137
1.36785
1.34419
1.31355
1.28003
1.24842
1.22377
1.21062
1.21176
1.22742
1.2557
1.29361
1.33736
1.38268
1.42537
1.46218
1.49163
1.51421
1.53149
1.545
1.55538
1.56213
1.56396
1.55931
1.54678
1.5258
1.49736
1.46423
1.43016
1.3981
1.36916
1.34366
1.32303
1.3096
1.30502
1.3088
1.31852
1.33143
1.34625
1.36312
1.38117
1.39708
1.40658
1.40699
1.39913
1.38776
1.3792
1.37674
1.37899
1.3823
1.38419
1.38439
1.38376
1.38298
1.38222
1.38151
1.3812
1.38195
1.38422
1.38775
1.39151
1.39407
1.39428
1.39199
1.38764
1.38147
1.37404
1.36794
1.36966
1.3872
1.42275
1.46808
1.50901
1.53344
1.53579
1.51673
1.48131
1.43778
1.39708
1.37133
1.3696
1.39244
1.4307
1.4704
1.49959
1.51289
1.51211
1.50284
1.49001
1.47599
1.46123
1.44492
1.4256
1.40227
1.37623
1.35178
1.33426
1.32662
1.32769
1.33331
1.33872
1.34011
1.33522
1.32378
1.30787
1.29184
1.28113
1.2802
1.29041
1.30873
1.32796
1.33976
1.34009
1.33241
1.32531
1.32631
1.33734
1.3554
1.37624
1.3971
1.41687
1.43435
1.44705
1.45234
1.44918
1.43858
1.42306
1.40585
1.39064
1.381
1.37916
1.3848
1.39504
1.40586
1.41392
1.41752
1.41681
1.41317
1.4085
1.40447
1.40138
1.39802
1.39281
1.38547
1.37769
1.37206
1.37046
1.37358
1.38137
1.3938
1.41044
1.42956
1.44787
1.46194
1.46964
1.47071
1.46632
1.45847
1.44928
1.44064
1.43362
1.42787
1.42144
1.41139
1.39508
1.3722
1.3462
1.32366
1.30953
1.30285
1.29889
1.29438
1.28854
1.28198
1.27597
1.27235
1.27215
1.27386
1.27382
1.26874
1.25716
1.23921
1.21577
1.18843
1.1605
1.13777
1.127
1.13233
1.15326
1.1864
1.22784
1.27411
1.32253
1.37162
1.42076
1.46903
1.51455
1.55505
1.5885
1.61329
1.62815
1.63212
1.62511
1.60831
1.58415
1.55599
1.5277
1.50266
1.48207
1.46384
1.44382
1.4194
1.39233
1.36842
1.35353
1.34911
1.35184
1.35695
1.36143
1.36423
1.36531
1.36571
1.36739
1.37158
1.37769
1.38415
1.38968
1.39368
1.39617
1.39791
1.40044
1.40535
1.4131
1.42188
1.42826
1.42912
1.4236
1.41386
1.40388
1.39706
1.39446
1.39527
1.39831
1.40329
1.41069
1.41999
1.42804
1.4304
1.42476
1.41251
1.39735
1.38273
1.37003
1.35866
1.34717
1.33431
1.32015
1.30751
1.30285
1.31339
1.3418
1.38331
1.42792
1.46505
1.48693
1.48985
1.47362
1.44059
1.39456
1.3406
1.28551
1.23798
1.20749
1.20042
1.21542
1.2434
1.27359
1.29868
1.31592
1.32588
1.33154
1.33634
1.34183
1.3469
1.35046
1.35327
1.35744
1.36434
1.37348
1.38341
1.39331
1.40378
1.41594
1.42986
1.4436
1.45393
1.45736
1.45181
1.43796
1.42003
1.40455
1.39749
1.40108
1.41246
1.42525
1.43348
1.43498
1.43147
1.42634
1.42303
1.42495
1.43528
1.45429
1.47745
1.49786
1.50991
1.5107
1.49992
1.4793
1.45217
1.42269
1.39505
1.37265
1.35776
1.35195
1.35674
1.37304
1.39992
1.43373
1.46817
1.49593
1.51076
1.50935
1.49219
1.46301
1.42733
1.39078
1.35752
1.32932
1.30558
1.28414
1.26323
1.24259
1.22399
1.21095
1.20826
1.22009
1.24652
1.28107
1.31296
1.3326
1.33586
1.32534
1.30894
1.2954
1.28921
1.28942
1.29341
1.30054
1.31245
1.33097
1.35615
1.38647
1.42031
1.45592
1.49055
1.52014
1.54055
1.54866
1.54289
1.52331
1.49212
1.45363
1.41325
1.37573
1.34451
1.32263
1.3134
1.31861
1.33594
1.35951
1.38242
1.39877
1.40482
1.40014
1.38668
1.36668
1.34255
1.31853
1.3004
1.29258
1.29483
1.3023
1.30878
1.31107
1.31182
1.31919
1.34098
1.37708
1.41847
1.45342
1.47341
1.47496
1.45932
1.4317
1.40023
1.37339
1.35667
1.3506
1.3521
1.35712
1.36257
1.36671
1.36907
1.36991
1.36918
1.36604
1.35897
1.34662
1.32962
1.31165
1.29851
1.29456
1.29998
1.3116
1.32508
1.33687
1.34558
1.35221
1.35857
1.36537
1.37162
1.37601
1.37846
1.38065
1.38545
1.3958
1.41432
1.42254
1.42166
1.4114
1.39339
1.37137
1.3505
1.33543
1.32869
1.32987
1.33629
1.34471
1.35301
1.36088
1.36946
1.37953
1.38974
1.3963
1.39504
1.38425
1.36598
1.34575
1.33053
1.32602
1.33477
1.35536
1.38277
1.40978
1.42904
1.43524
1.4262
1.40295
1.3694
1.33264
1.30209
1.28655
1.29074
1.31378
1.35032
1.39244
1.43145
1.45979
1.47264
1.46857
1.44884
1.41643
1.37517
1.32944
1.28361
1.24124
1.20504
1.17786
1.16245
1.15998
1.16911
1.18644
1.20833
1.23231
1.25755
1.28417
1.31199
1.33957
1.36455
1.38475
1.39913
1.40771
1.41091
1.4093
1.40381
1.39627
1.38962
1.38718
1.39106
1.4008
1.41315
1.42324
1.4265
1.42029
1.40472
1.38282
1.36008
1.34364
1.33975
1.35053
1.37185
1.39524
1.41214
1.41703
1.40859
1.38929
1.36421
1.33921
1.31964
1.30976
1.31255
1.32892
1.3568
1.39176
1.42912
1.465
1.49546
1.51565
1.5204
1.50662
1.47572
1.43461
1.39343
1.36048
1.3378
1.32167
1.30719
1.29241
1.27932
1.27135
1.26993
1.27304
1.27679
1.27848
1.279
1.28251
1.29324
1.31187
1.33463
1.35547
1.36852
1.37018
1.36
1.34009
1.31388
1.28563
1.26055
1.24443
1.24163
1.2532
1.27644
1.3063
1.33717
1.36449
1.38543
1.39881
1.4047
1.40389
1.39717
1.38497
1.36736
1.34483
1.3198
1.29855
1.29087
1.30593
1.34573
1.40281
1.46469
1.52013
1.56202
1.58721
1.59537
1.58778
1.56682
1.536
1.49995
1.4638
1.43142
1.40414
1.38048
1.35747
1.33235
1.30377
1.27262
1.24281
1.22081
1.2135
1.22439
1.25054
1.28275
1.30963
1.32341
1.32332
1.31531
1.30774
1.30578
1.30915
1.31387
1.31581
1.31295
1.30523
1.29329
1.27779
1.25952
1.24006
1.22194
1.20856
1.20418
1.21293
1.23682
1.27374
1.31792
1.36237
1.40152
1.43246
1.45462
1.46863
1.47552
1.47638
1.47204
1.46265
1.44766
1.42805
1.40895
1.39893
1.40353
1.41879
1.43441
1.4424
1.4409
1.43235
1.4203
1.40763
1.39601
1.38642
1.3798
1.37705
1.37864
1.38387
1.39072
1.39648
1.39871
1.39563
1.38601
1.36885
1.34338
1.30978
1.27051
1.23155
1.20171
1.18955
1.20002
1.23302
1.28305
1.34044
1.39495
1.43953
1.47154
1.49142
1.50073
1.50068
1.49158
1.47312
1.44503
1.40756
1.36228
1.31302
1.26623
1.22974
1.21009
1.20933
1.22409
1.24791
1.2746
1.30061
1.32522
1.34871
1.37007
1.38594
1.39176
1.38437
1.36391
1.33455
1.30363
1.27979
1.26951
1.27361
1.28707
1.30276
1.31568
1.32484
1.33238
1.34098
1.35179
1.36386
1.37523
1.3843
1.39062
1.39399
1.39282
1.38427
1.36705
1.34388
1.32096
1.30502
1.30004
1.30603
1.32013
1.33904
1.36142
1.38833
1.4215
1.46052
1.50153
1.53838
1.56498
1.57708
1.57282
1.55226
1.51728
1.47112
1.41809
1.36321
1.31199
1.27016
1.24254
1.23073
1.23195
1.24155
1.25637
1.27611
1.30183
1.33424
1.37261
1.41466
1.4563
1.4922
1.51736
1.5286
1.52456
1.50499
1.47025
1.42186
1.36358
1.30181
1.24446
1.19846
1.16766
1.15226
1.15038
1.15958
1.17757
1.2021
1.23045
1.25933
1.28531
1.30549
1.31845
1.32498
1.32803
1.33189
1.34025
1.35443
1.37309
1.39346
1.41259
1.4277
1.43633
1.43688
1.42963
1.41705
1.40309
1.39136
1.38407
1.3822
1.38577
1.3934
1.40232
1.40921
1.41222
1.41203
1.41064
1.40927
1.40841
1.40885
1.41074
1.41255
1.41216
1.40858
1.40237
1.39486
1.38703
1.37933
1.37163
1.36271
1.34998
1.3309
1.30521
1.27586
1.24819
1.22804
1.21993
1.2259
1.24501
1.27357
1.3061
1.33666
1.3602
1.37366
1.37609
1.36735
1.34794
1.32048
1.29101
1.26802
1.25861
1.26482
1.28355
1.30909
1.33576
1.35901
1.3755
1.38261
1.37826
1.36115
1.33145
1.2918
1.24758
1.20614
1.17417
1.1549
1.14811
1.15224
1.16564
1.18651
1.21239
1.2409
1.27123
1.30392
1.33842
1.37095
1.39637
1.41172
1.41733
1.41585
1.41078
1.40516
1.40094
1.39846
1.39674
1.39393
1.38812
1.37809
1.36384
1.34717
1.33153
1.32135
1.32126
1.33467
1.3617
1.39714
1.43139
1.45435
1.45972
1.44671
1.41909
1.38267
1.34326
1.30579
1.27458
1.25409
1.24863
1.2606
1.28883
1.3282
1.37111
1.40989
1.43889
1.45547
1.45972
1.45334
1.43863
1.41801
1.39396
1.36869
1.34379
1.32003
1.29817
1.27957
1.26584
1.258
1.25635
1.26033
1.26895
1.28137
1.29724
1.31556
1.33341
1.34699
1.35414
1.35564
1.35439
1.35329
1.35343
1.35344
1.35077
1.34363
1.33258
1.32106
1.31404
1.31584
1.32767
1.34655
1.36639
1.38067
1.38541
1.38055
1.36902
1.35402
1.33658
1.31545
1.28925
1.25903
1.22991
1.2109
1.21193
1.23858
1.28833
1.35135
1.4148
1.46671
1.49863
1.50768
1.4976
1.47717
1.45401
1.43
1.40442
1.37956
1.36108
1.35493
1.36401
1.38593
1.41374
1.43889
1.45487
1.45889
1.45188
1.43702
1.41751
1.39465
1.36828
1.3394
1.31275
1.29622
1.29704
1.3169
1.3506
1.38925
1.4244
1.44979
1.46138
1.45747
1.43883
1.40886
1.37321
1.33844
1.3102
1.29162
1.28218
1.27856
1.27756
1.27854
1.28241
1.28893
1.29573
1.30001
1.30081
1.29982
1.30036
1.30549
1.31615
1.33095
1.34743
1.36351
1.37821
1.39147
1.40277
1.41015
1.41132
1.40618
1.39787
1.39016
1.38538
1.38549
1.39228
1.405
1.41938
1.42968
1.43115
1.42206
1.405
1.38614
1.37253
1.36853
1.37355
1.38364
1.3944
1.40331
1.41029
1.41666
1.42338
1.4296
1.43314
1.43184
1.4248
1.41251
1.39639
1.37856
1.3616
1.34832
1.34059
1.33792
1.33733
1.33525
1.32961
1.3203
1.30787
1.29223
1.27333
1.25323
1.23683
1.22975
1.23502
1.2514
1.27457
1.29983
1.32383
1.34489
1.36258
1.3772
1.38914
1.39854
1.40513
1.40874
1.40954
1.40807
1.40494
1.4005
1.39489
1.38835
1.38122
1.37326
1.36325
1.34977
1.33281
1.31541
1.3034
1.30295
1.31729
1.34491
1.38025
1.41598
1.44599
1.46738
1.48013
1.48525
1.48387
1.47706
1.46544
1.44924
1.42936
1.40794
1.38767
1.37021
1.35496
1.33978
1.32279
1.30434
1.28683
1.27311
1.26491
1.26282
1.26679
1.27683
1.29308
1.3152
1.34154
1.3689
1.39294
1.40927
1.41417
1.40536
1.38264
1.34861
1.30909
1.27255
1.24807
1.24217
1.25639
1.28704
1.32686
1.36776
1.40286
1.42713
1.43741
1.43231
1.4123
1.37901
1.33473
1.28283
1.22888
1.18116
1.14861
1.13762
1.14996
1.18306
1.23094
1.28536
1.33769
1.38103
1.41112
1.42631
1.42738
1.41721
1.40048
1.38275
1.36897
1.362
1.36191
1.36681
1.37416
1.38121
1.38483
1.38287
1.37733
1.37549
1.38409
1.40248
1.42462
1.44554
1.46338
1.47767
1.48797
1.49345
1.49307
1.48533
1.46873
1.44314
1.41087
1.37663
1.34564
1.3212
1.30337
1.28921
1.27471
1.257
1.23632
1.21633
1.20172
1.19518
1.19696
1.20637
1.22323
1.24751
1.27804
1.31207
1.34621
1.37805
1.4062
1.42924
1.44488
1.45073
1.44613
1.43327
1.41664
1.40149
1.39235
1.39193
1.40023
1.41428
1.42848
1.43669
1.43455
1.42046
1.39567
1.36443
1.33296
1.3074
1.29155
1.28601
1.28874
1.29629
1.30481
1.31112
1.31396
1.31422
1.3144
1.31735
1.3253
1.33964
1.36045
1.38617
1.41358
1.43858
1.45723
1.46695
1.46698
1.4584
1.44417
1.42829
1.4148
1.40665
1.40485
1.40833
1.41417
1.41782
1.41383
1.39798
1.36971
1.33312
1.29595
1.2665
1.25044
1.24935
1.2621
1.28671
1.3208
1.36063
1.40016
1.43163
1.44786
1.44445
1.42104
1.38129
1.33247
1.28415
1.24605
1.22511
1.22319
1.237
1.26033
1.28708
1.31296
1.33573
1.3545
1.36903
1.37919
1.38477
1.38597
1.3839
1.38018
1.37564
1.36979
1.3613
1.34908
1.33286
1.31355
1.29417
1.28037
1.27907
1.29483
1.32629
1.36604
1.40426
1.43332
1.45004
1.45523
1.45146
1.44099
1.42478
1.40343
1.37841
1.35256
1.32992
1.31471
1.31035
1.31785
1.33453
1.35445
1.37106
1.38086
1.38534
1.38978
1.39968
1.41692
1.43882
1.45988
1.47437
1.47839
1.47082
1.45291
1.42743
1.39801
1.36884
1.34402
1.32621
1.3155
1.30961
1.30579
1.30243
1.29947
1.29814
1.30102
1.31122
1.33022
1.35646
1.38584
1.41291
1.43245
1.44067
1.43544
1.41644
1.38505
1.34433
1.29837
1.25124
1.20657
1.16778
1.13834
1.12175
1.12075
1.13624
1.16643
1.20672
1.25104
1.29377
1.33117
1.3617
1.3851
1.40161
1.41139
1.41462
1.41185
1.404
1.39242
1.3792
1.36752
1.3616
1.36561
1.38102
1.40475
1.43026
1.45077
1.46208
1.46338
1.45682
1.44614
1.43516
1.42669
1.4217
1.41929
1.41772
1.41566
1.41288
1.40974
1.40658
1.40275
1.39657
1.38631
1.37214
1.35702
1.34474
1.33712
1.33365
1.3335
1.33648
1.34222
1.34892
1.35329
1.35189
1.34267
1.326
1.30444
1.2822
1.26425
1.25436
1.25297
1.25739
1.2643
1.27217
1.28167
1.29433
1.31097
1.33077
1.35151
1.37029
1.38489
1.39479
1.40126
1.40582
1.40812
1.40592
1.39751
1.38392
1.36857
1.35495
1.34449
1.33641
1.32919
1.32191
1.31498
1.30984
1.30814
1.31096
1.31807
1.32748
1.33542
1.33759
1.33135
1.3171
1.29814
1.27893
1.26343
1.25434
1.39688
1.39779
1.40266
1.40941
1.41513
1.41789
1.41754
1.41496
1.41113
1.4073
1.40566
1.40888
1.41779
1.42963
1.4395
1.44308
1.4387
1.42694
1.40992
1.39078
1.37328
1.36049
1.35336
1.35092
1.35185
1.35581
1.36371
1.37732
1.39936
1.43395
1.48468
1.54775
1.60942
1.65429
1.67351
1.66526
1.63194
1.5788
1.51402
1.44804
1.39138
1.35155
1.33158
1.33027
1.34358
1.36624
1.39285
1.41888
1.4413
1.45858
1.46965
1.47272
1.46555
1.44723
1.41985
1.38886
1.36128
1.34351
1.3394
1.34967
1.37204
1.40213
1.43571
1.47005
1.50359
1.53462
1.56038
1.57693
1.57914
1.56134
1.52022
1.45891
1.38878
1.32579
1.2834
1.26803
1.27884
1.30937
1.3503
1.39256
1.42957
1.45729
1.47364
1.47887
1.4756
1.4676
1.45783
1.44721
1.43523
1.42077
1.40364
1.38616
1.37321
1.37036
1.38105
1.40518
1.43931
1.47806
1.51556
1.54636
1.56651
1.57535
1.57674
1.57587
1.57272
1.56166
1.53988
1.51266
1.4884
1.46992
1.45376
1.43708
1.42171
1.41146
1.40788
1.40937
1.41316
1.41722
1.42098
1.42513
1.4312
1.44093
1.45441
1.46847
1.47786
1.47833
1.469
1.45142
1.42772
1.39992
1.37055
1.34307
1.32151
1.30981
1.31058
1.32404
1.34691
1.37293
1.39566
1.4111
1.4185
1.4194
1.41603
1.40988
1.40136
1.39146
1.3833
1.38163
1.39006
1.40797
1.43056
1.45242
1.47103
1.48714
1.50195
1.51413
1.51962
1.51441
1.49789
1.47424
1.45138
1.43786
1.43929
1.45544
1.4804
1.50511
1.52109
1.52331
1.51074
1.48491
1.44838
1.40442
1.35807
1.31636
1.2864
1.27247
1.27465
1.28949
1.31172
1.33597
1.35816
1.3765
1.39162
1.40507
1.41724
1.42649
1.43142
1.43404
1.43948
1.45138
1.46895
1.48881
1.50734
1.52117
1.52718
1.5236
1.51119
1.49362
1.47655
1.46532
1.46304
1.46983
1.48342
1.50015
1.515
1.52238
1.51867
1.50436
1.48387
1.46325
1.44719
1.43756
1.43307
1.43004
1.42432
1.41359
1.39836
1.38102
1.36423
1.34952
1.3375
1.32858
1.32329
1.32351
1.33282
1.35457
1.38797
1.42663
1.46241
1.48996
1.50712
1.51312
1.507
1.48813
1.45812
1.42345
1.39617
1.3894
1.40985
1.45248
1.50274
1.5458
1.57391
1.58643
1.58662
1.57906
1.56839
1.55794
1.5487
1.53979
1.52923
1.51478
1.4948
1.46916
1.43977
1.4101
1.38374
1.363
1.34835
1.33939
1.33583
1.33775
1.34485
1.35591
1.36956
1.38492
1.40114
1.41631
1.42753
1.43205
1.42878
1.41908
1.40672
1.39667
1.39235
1.3935
1.39777
1.40463
1.41677
1.43616
1.45924
1.47808
1.48602
1.48143
1.46763
1.45032
1.43517
1.42719
1.43076
1.44756
1.47488
1.50643
1.53515
1.55551
1.56368
1.55672
1.53275
1.49229
1.43945
1.38158
1.3274
1.28449
1.25768
1.24915
1.25876
1.28422
1.32215
1.36942
1.42256
1.47668
1.526
1.56602
1.59455
1.61101
1.61518
1.60668
1.58583
1.55511
1.51908
1.48339
1.45263
1.4288
1.41112
1.39753
1.38647
1.37776
1.37238
1.3713
1.37431
1.37988
1.38594
1.39101
1.39489
1.39854
1.40304
1.40943
1.41982
1.43763
1.4648
1.49796
1.52727
1.54031
1.52923
1.4948
1.44543
1.39335
1.34969
1.32106
1.30869
1.3109
1.32587
1.35197
1.38624
1.42368
1.45835
1.48517
1.50092
1.50441
1.49674
1.4811
1.46191
1.44296
1.42606
1.41082
1.39575
1.38006
1.36498
1.35443
1.35405
1.36824
1.39687
1.4345
1.47301
1.50528
1.52683
1.5356
1.5317
1.51749
1.49796
1.47995
1.46979
1.47018
1.47872
1.48939
1.49581
1.49397
1.48368
1.46791
1.45084
1.43554
1.42286
1.41197
1.40129
1.38939
1.37572
1.36105
1.34725
1.33677
1.33205
1.33496
1.34604
1.36425
1.38728
1.412
1.43471
1.45143
1.45863
1.45416
1.43812
1.41308
1.38391
1.35653
1.33611
1.32551
1.32514
1.33409
1.35088
1.37312
1.3968
1.41706
1.43051
1.43684
1.43807
1.43661
1.43378
1.42964
1.4243
1.41963
1.4198
1.42925
1.44901
1.47476
1.49877
1.51397
1.51675
1.50762
1.49047
1.47164
1.45731
1.44965
1.44586
1.4418
1.43589
1.42965
1.42489
1.42148
1.41732
1.41035
1.39959
1.38511
1.36824
1.35241
1.34303
1.34517
1.3604
1.38605
1.41776
1.45199
1.48662
1.51983
1.54941
1.57353
1.59208
1.60651
1.61728
1.62206
1.61706
1.59996
1.57155
1.5355
1.49736
1.46327
1.43797
1.42281
1.41503
1.40905
1.39964
1.38475
1.36654
1.34967
1.33844
1.33448
1.33728
1.34663
1.36289
1.38457
1.40787
1.42883
1.44443
1.45241
1.45229
1.44619
1.43863
1.43495
1.43948
1.45515
1.48153
1.51212
1.5369
1.54872
1.54597
1.53063
1.50638
1.47868
1.45502
1.44118
1.43618
1.4337
1.42799
1.41688
1.40111
1.38317
1.36638
1.35444
1.35098
1.35839
1.37617
1.40072
1.42624
1.44588
1.45333
1.44569
1.4255
1.39896
1.37134
1.34505
1.32207
1.30577
1.30002
1.30783
1.33056
1.36737
1.41455
1.46572
1.51288
1.54896
1.56949
1.57288
1.55994
1.53392
1.50092
1.46828
1.44119
1.42006
1.40148
1.38198
1.36117
1.34223
1.33021
1.32936
1.3412
1.36443
1.39584
1.43097
1.46499
1.49334
1.51254
1.52066
1.51774
1.50619
1.49073
1.47789
1.47402
1.48285
1.50348
1.53079
1.55796
1.57924
1.59081
1.59045
1.57769
1.55439
1.52418
1.49016
1.45397
1.41715
1.38263
1.35439
1.33561
1.3264
1.32293
1.31917
1.31054
1.29831
1.29142
1.30142
1.33138
1.37153
1.4075
1.43041
1.43934
1.43815
1.43171
1.42387
1.41738
1.41429
1.4162
1.42387
1.43697
1.45389
1.47216
1.48939
1.50416
1.51577
1.52264
1.52215
1.51288
1.49615
1.4756
1.45634
1.44363
1.44116
1.44914
1.46338
1.47649
1.48086
1.47162
1.44799
1.4131
1.37282
1.33468
1.30667
1.29485
1.30006
1.31658
1.33435
1.34412
1.34261
1.33316
1.32066
1.30729
1.29411
1.28483
1.28562
1.30132
1.33166
1.3706
1.40878
1.43755
1.45277
1.45672
1.45651
1.46041
1.47402
1.49874
1.53221
1.56969
1.60548
1.63374
1.64961
1.65085
1.63884
1.6177
1.59281
1.56861
1.54682
1.52576
1.50119
1.46872
1.42715
1.38062
1.33761
1.3064
1.29123
1.29237
1.30768
1.33299
1.36366
1.39704
1.43309
1.47231
1.51314
1.55111
1.57969
1.59227
1.58419
1.55486
1.50916
1.4572
1.41095
1.379
1.36286
1.35872
1.36177
1.36887
1.37829
1.38775
1.39386
1.39356
1.38626
1.37513
1.36645
1.367
1.38074
1.40699
1.44124
1.4773
1.50927
1.53272
1.54524
1.5463
1.53705
1.51948
1.4955
1.46697
1.43653
1.40856
1.38833
1.37891
1.37945
1.38725
1.40041
1.41869
1.44226
1.46997
1.49834
1.52258
1.53808
1.54143
1.53048
1.5054
1.47038
1.43405
1.40697
1.3965
1.40254
1.41882
1.43797
1.45374
1.46074
1.45483
1.43477
1.4035
1.36744
1.33392
1.30924
1.29821
1.30408
1.32675
1.36159
1.40136
1.43975
1.47324
1.50056
1.52169
1.53692
1.5464
1.5496
1.54569
1.5345
1.51794
1.49997
1.48441
1.47236
1.46175
1.44912
1.43167
1.40891
1.38319
1.35984
1.34544
1.34465
1.35845
1.38368
1.41443
1.44517
1.47248
1.49398
1.50675
1.50771
1.49559
1.47229
1.44327
1.41576
1.39534
1.38273
1.37438
1.36626
1.35698
1.34699
1.33665
1.32709
1.32179
1.32585
1.34259
1.37119
1.4065
1.44127
1.46929
1.48796
1.49877
1.50439
1.50542
1.50075
1.49011
1.47546
1.4602
1.44721
1.43681
1.42677
1.41422
1.39746
1.37839
1.36405
1.36402
1.3839
1.4212
1.46739
1.51314
1.55162
1.5788
1.59184
1.58771
1.5633
1.51795
1.45771
1.3968
1.35235
1.33447
1.34176
1.36633
1.3998
1.43516
1.4666
1.48949
1.50076
1.49957
1.48778
1.46983
1.45095
1.43506
1.42418
1.4194
1.42179
1.43206
1.44939
1.47073
1.49069
1.5028
1.50194
1.48674
1.4607
1.43105
1.40558
1.38886
1.38074
1.3782
1.37843
1.3806
1.38648
1.39917
1.4205
1.44821
1.47467
1.48975
1.48567
1.46102
1.42241
1.38196
1.35119
1.33617
1.33735
1.35163
1.3742
1.40097
1.42961
1.45867
1.48646
1.51054
1.52817
1.53696
1.53574
1.52557
1.50993
1.49375
1.48186
1.47819
1.48493
1.50114
1.52267
1.54351
1.55798
1.56221
1.55459
1.53573
1.5082
1.47618
1.44442
1.41628
1.39202
1.36941
1.3462
1.3226
1.30242
1.29247
1.29889
1.32249
1.35789
1.39652
1.43004
1.45228
1.46035
1.45531
1.44189
1.42653
1.41513
1.41103
1.41419
1.42178
1.42944
1.43309
1.43026
1.42045
1.40439
1.38356
1.36042
1.33886
1.32347
1.3175
1.32122
1.33201
1.34665
1.3628
1.37931
1.39519
1.40869
1.41711
1.4179
1.41019
1.39537
1.37681
1.35931
1.34818
1.34778
1.35971
1.38279
1.41423
1.45055
1.48795
1.52221
1.54895
1.56471
1.56772
1.55848
1.53953
1.51539
1.49228
1.47664
1.47216
1.4779
1.48956
1.50198
1.51066
1.51152
1.50061
1.47546
1.43818
1.39759
1.36521
1.34637
1.33853
1.3372
1.34035
1.34885
1.3649
1.39015
1.42337
1.45947
1.49121
1.51232
1.51992
1.51547
1.50438
1.49351
1.48726
1.48488
1.4815
1.47189
1.45411
1.43037
1.40565
1.38594
1.37726
1.38426
1.40787
1.44396
1.48528
1.52462
1.55695
1.57912
1.58919
1.58603
1.5698
1.5427
1.50922
1.47566
1.44863
1.43307
1.43036
1.43765
1.41131
1.42232
1.42724
1.423
1.40845
1.38399
1.35228
1.31953
1.29465
1.28511
1.2921
1.30968
1.32948
1.34621
1.35991
1.3746
1.39487
1.4225
1.45546
1.48938
1.51977
1.54323
1.55739
1.56017
1.54985
1.52579
1.48948
1.4446
1.39711
1.35547
1.32883
1.32292
1.33698
1.36468
1.39718
1.42542
1.44127
1.43892
1.4165
1.37801
1.33329
1.29484
1.27206
1.26758
1.27866
1.30128
1.33215
1.36818
1.40551
1.43997
1.46902
1.49395
1.51833
1.54208
1.55858
1.56065
1.5465
1.52007
1.48846
1.45877
1.43609
1.42307
1.42001
1.42395
1.42925
1.43113
1.42883
1.42505
1.42297
1.42362
1.42582
1.42718
1.425
1.41699
1.40256
1.38386
1.36544
1.35225
1.34674
1.34786
1.35228
1.35599
1.35554
1.34879
1.33611
1.32103
1.30978
1.30856
1.31901
1.33587
1.35037
1.35594
1.35115
1.3393
1.32627
1.31805
1.31878
1.33011
1.3515
1.38078
1.41451
1.44862
1.47894
1.50227
1.51681
1.52228
1.51947
1.50934
1.49255
1.46949
1.44105
1.40949
1.3792
1.35563
1.34282
1.34135
1.34874
1.36127
1.375
1.38645
1.39369
1.39794
1.40416
1.41925
1.44754
1.48697
1.53005
1.56853
1.59662
1.61127
1.61147
1.59779
1.57221
1.53794
1.49884
1.4588
1.42139
1.38939
1.36411
1.3453
1.33175
1.32269
1.31869
1.32025
1.32572
1.33095
1.33189
1.32714
1.31822
1.30757
1.29629
1.28439
1.27327
1.26748
1.27272
1.29186
1.32263
1.35848
1.39145
1.41494
1.42563
1.42418
1.41489
1.40415
1.39767
1.39851
1.40686
1.42139
1.4406
1.4634
1.48846
1.51292
1.53207
1.54033
1.53316
1.50913
1.47077
1.42321
1.37238
1.32507
1.28972
1.27491
1.28568
1.3205
1.37165
1.42886
1.48322
1.52848
1.5606
1.57745
1.57889
1.56665
1.5441
1.51625
1.48958
1.47096
1.46477
1.47061
1.48359
1.49698
1.50494
1.50378
1.49215
1.47081
1.44222
1.4094
1.37515
1.3426
1.31584
1.29892
1.29377
1.29911
1.31138
1.32724
1.34514
1.36515
1.38737
1.41026
1.43042
1.44401
1.44876
1.44504
1.43556
1.42433
1.41536
1.41125
1.4118
1.41331
1.41066
1.40103
1.3861
1.3709
1.36075
1.35895
1.36625
1.38159
1.40276
1.42697
1.45106
1.47149
1.48506
1.49047
1.48959
1.48713
1.48798
1.49435
1.50448
1.51342
1.51575
1.50855
1.49225
1.46942
1.44275
1.41414
1.38511
1.35737
1.33321
1.31586
1.3097
1.31888
1.34465
1.38324
1.42723
1.46917
1.50414
1.5299
1.5464
1.55512
1.55832
1.55798
1.55501
1.54922
1.5399
1.52633
1.50789
1.48427
1.45605
1.42465
1.39227
1.36146
1.33502
1.31514
1.30223
1.29406
1.28726
1.27977
1.27226
1.2673
1.26797
1.27669
1.2948
1.32204
1.35607
1.39196
1.42348
1.44612
1.45967
1.46774
1.47496
1.48371
1.49245
1.49623
1.4906
1.47533
1.45476
1.43465
1.41848
1.40673
1.39931
1.3977
1.40408
1.41895
1.4398
1.46233
1.48249
1.49725
1.50427
1.50198
1.49052
1.47232
1.45176
1.43429
1.42484
1.42548
1.43375
1.44373
1.44895
1.44492
1.42997
1.40523
1.37377
1.34013
1.31023
1.29067
1.28622
1.29709
1.3184
1.34244
1.36174
1.3714
1.37026
1.36073
1.34748
1.33596
1.3314
1.3374
1.35255
1.36886
1.37942
1.38755
1.4034
1.43077
1.46409
1.49692
1.52612
1.55001
1.56666
1.57414
1.57156
1.55965
1.54041
1.51617
1.48833
1.45687
1.42119
1.38229
1.34464
1.31574
1.30319
1.31051
1.33402
1.3638
1.38777
1.39673
1.38732
1.36309
1.33388
1.31293
1.31161
1.33384
1.3737
1.41807
1.45322
1.47115
1.47179
1.46046
1.44382
1.42626
1.40906
1.39203
1.37631
1.3658
1.36636
1.38264
1.415
1.45813
1.50309
1.54203
1.57104
1.58914
1.59531
1.58767
1.5656
1.53216
1.49462
1.46131
1.4356
1.41431
1.39341
1.3724
1.35285
1.33706
1.32832
1.32982
1.34155
1.35845
1.37355
1.38294
1.38755
1.39167
1.40116
1.42109
1.4512
1.48353
1.50754
1.51646
1.50895
1.48805
1.45933
1.42919
1.40361
1.38782
1.38552
1.39723
1.4187
1.44219
1.4601
1.46826
1.46718
1.46159
1.45829
1.46107
1.46674
1.46742
1.45595
1.42971
1.39197
1.35155
1.31948
1.3033
1.30286
1.31141
1.32106
1.32822
1.33572
1.34944
1.37194
1.40082
1.43287
1.46666
1.5006
1.53133
1.55457
1.56735
1.56939
1.56282
1.55096
1.53693
1.52291
1.51004
1.4984
1.48699
1.4742
1.45882
1.44108
1.42275
1.40645
1.39455
1.38829
1.38706
1.38831
1.3887
1.38623
1.38164
1.37757
1.37631
1.37739
1.37774
1.37383
1.36381
1.34822
1.32959
1.3113
1.29603
1.28468
1.27641
1.27007
1.26644
1.26868
1.28042
1.30221
1.33079
1.36127
1.38935
1.4117
1.42644
1.4331
1.43259
1.42684
1.41897
1.41295
1.41242
1.41924
1.43269
1.45026
1.46882
1.48522
1.49584
1.49667
1.4841
1.4562
1.41402
1.36256
1.31061
1.26849
1.24467
1.24283
1.26115
1.29378
1.33375
1.37578
1.41704
1.45536
1.48691
1.50643
1.51055
1.50074
1.48293
1.46435
1.45054
1.44448
1.44672
1.45554
1.46699
1.47567
1.47629
1.46535
1.44302
1.41497
1.39246
1.38766
1.40604
1.44238
1.48455
1.52063
1.54336
1.55048
1.54294
1.52293
1.49288
1.45544
1.41413
1.37357
1.33907
1.31536
1.30495
1.30745
1.32024
1.33906
1.35824
1.37166
1.37505
1.36765
1.35296
1.3385
1.33462
1.34985
1.38415
1.42805
1.4698
1.50203
1.52256
1.53224
1.53275
1.52524
1.5099
1.48664
1.45652
1.42256
1.39002
1.36533
1.35381
1.35716
1.37234
1.39289
1.41168
1.42323
1.4248
1.41593
1.39784
1.37345
1.34817
1.32959
1.32463
1.33576
1.36091
1.39539
1.4318
1.46102
1.47669
1.47904
1.47366
1.46634
1.45885
1.44956
1.43697
1.42261
1.41098
1.40708
1.41333
1.42785
1.44549
1.46026
1.46776
1.46607
1.45527
1.4365
1.4119
1.3849
1.36005
1.3414
1.33088
1.32739
1.32759
1.32803
1.3273
1.3267
1.32914
1.33704
1.35106
1.3699
1.39111
1.41196
1.42952
1.44026
1.44089
1.43006
1.40959
1.38466
1.36313
1.35269
1.35726
1.3752
1.40149
1.431
1.46047
1.48871
1.51547
1.53986
1.55908
1.56871
1.56408
1.54207
1.50294
1.4517
1.39743
1.3499
1.31542
1.29506
1.28566
1.28266
1.28266
1.28474
1.29017
1.30162
1.32148
1.34872
1.37773
1.40102
1.41377
1.41646
1.41423
1.41412
1.42136
1.43668
1.4562
1.47349
1.48281
1.48188
1.47275
1.4599
1.44761
1.43878
1.43545
1.4387
1.44774
1.45963
1.47033
1.47634
1.47547
1.4672
1.45293
1.43619
1.42162
1.41262
1.40956
1.41036
1.4125
1.41445
1.41557
1.41566
1.41482
1.41367
1.41277
1.41156
1.40828
1.40117
1.39032
1.37876
1.37116
1.37064
1.37608
1.38315
1.38717
1.38544
1.37796
1.36676
1.35485
1.34486
1.33832
1.3354
1.33483
1.33408
1.33037
1.32257
1.31234
1.30355
1.29996
1.30321
1.31265
1.32668
1.3443
1.36543
1.39043
1.41944
1.45147
1.48305
1.5081
1.52081
1.51823
1.5013
1.47394
1.4415
1.40968
1.38357
1.36741
1.36458
1.3771
1.40413
1.44057
1.47876
1.51204
1.53674
1.55178
1.55662
1.54939
1.52716
1.48794
1.43303
1.36896
1.30878
1.27135
1.27352
1.31647
1.3813
1.44247
1.48312
1.49922
1.49587
1.48085
1.45945
1.43384
1.40594
1.38111
1.36934
1.37831
1.40358
1.43058
1.44569
1.44309
1.42471
1.39686
1.36682
1.34116
1.32512
1.32175
1.33093
1.35014
1.37612
1.40582
1.43675
1.46596
1.48922
1.50187
1.5007
1.48598
1.46178
1.43442
1.40953
1.38979
1.37518
1.36519
1.36012
1.36114
1.36876
1.38091
1.39222
1.39571
1.3861
1.36302
1.33306
1.30796
1.29813
1.30732
1.33296
1.36962
1.41074
1.44935
1.47975
1.49886
1.50622
1.50311
1.49225
1.47782
1.46537
1.46044
1.46692
1.48443
1.50713
1.5264
1.53562
1.53239
1.51755
1.49332
1.46221
1.42659
1.38841
1.35005
1.31571
1.29155
1.28289
1.29037
1.3093
1.3323
1.35178
1.36169
1.35979
1.34995
1.34045
1.33795
1.34216
1.34682
1.34525
1.33519
1.3201
1.30731
1.30409
1.31391
1.33523
1.36318
1.39242
1.41881
1.43995
1.4553
1.46623
1.47456
1.48015
1.48076
1.47446
1.46126
1.44265
1.42069
1.39772
1.37619
1.35858
1.34716
1.3438
1.34984
1.36579
1.39109
1.42321
1.45736
1.48681
1.50458
1.50522
1.48676
1.45223
1.40967
1.36914
1.33815
1.319
1.30998
1.30873
1.31473
1.32898
1.351
1.37693
1.40148
1.42091
1.43445
1.44464
1.45666
1.47509
1.49983
1.52633
1.54939
1.5658
1.57394
1.57252
1.56031
1.53673
1.5027
1.4615
1.4185
1.37966
1.34937
1.32913
1.31764
1.31149
1.30668
1.30037
1.2923
1.28479
1.28152
1.28611
1.30069
1.32515
1.3568
1.39078
1.42137
1.44361
1.45433
1.45313
1.44293
1.4293
1.41825
1.4134
1.41488
1.4205
1.42742
1.43321
1.43597
1.43438
1.42785
1.41666
1.40216
1.38631
1.37064
1.35537
1.34103
1.33091
1.33018
1.34046
1.35795
1.37771
1.39711
1.41523
1.43139
1.4445
1.45318
1.45633
1.45336
1.44427
1.42972
1.41118
1.39092
1.37222
1.35903
1.35504
1.36151
1.37584
1.3925
1.4053
1.40974
1.40461
1.39269
1.38089
1.37833
1.39198
1.42233
1.46285
1.50335
1.53458
1.55098
1.5518
1.54058
1.5226
1.50191
1.47944
1.4535
1.37089
1.33604
1.29936
1.26568
1.2406
1.22928
1.23633
1.26361
1.30526
1.34798
1.37964
1.39491
1.39396
1.37994
1.35774
1.33361
1.31461
1.30732
1.31547
1.33796
1.36922
1.4021
1.43134
1.45537
1.47598
1.49587
1.5157
1.53353
1.54645
1.55234
1.55033
1.54035
1.5226
1.49691
1.46337
1.42335
1.37988
1.33761
1.30215
1.27936
1.27375
1.28606
1.31202
1.34413
1.37464
1.39747
1.40897
1.40817
1.39668
1.37807
1.35629
1.33406
1.3118
1.28854
1.26401
1.24066
1.22394
1.22067
1.23596
1.27074
1.32116
1.37979
1.43793
1.48782
1.5241
1.54415
1.54755
1.53509
1.50856
1.4707
1.42558
1.37901
1.33782
1.30827
1.29447
1.29718
1.314
1.3402
1.37048
1.40015
1.42561
1.44418
1.45411
1.45435
1.44473
1.42588
1.39983
1.37094
1.34633
1.33424
1.33959
1.36112
1.39323
1.42951
1.46343
1.48827
1.49861
1.4919
1.46901
1.43374
1.39226
1.35227
1.32096
1.30288
1.29858
1.3051
1.31817
1.33386
1.34895
1.36014
1.36417
1.3587
1.34364
1.32221
1.30125
1.28961
1.29474
1.31878
1.35721
1.40113
1.44157
1.47243
1.49062
1.49426
1.48163
1.4523
1.40944
1.36086
1.31685
1.28627
1.27316
1.27536
1.28605
1.29777
1.30637
1.31215
1.31798
1.32678
1.3401
1.35821
1.38057
1.40626
1.43383
1.46069
1.48358
1.50014
1.51004
1.51485
1.51655
1.51665
1.51664
1.51812
1.52208
1.52783
1.53294
1.53372
1.52566
1.50431
1.46765
1.41808
1.3634
1.31483
1.28232
1.26985
1.27466
1.29016
1.30897
1.32486
1.33416
1.33685
1.33626
1.33689
1.34204
1.35285
1.36883
1.38867
1.41077
1.43348
1.4552
1.47403
1.48758
1.49313
1.48813
1.47149
1.44529
1.41533
1.38982
1.37597
1.37634
1.38784
1.4035
1.41563
1.41844
1.40957
1.3903
1.36454
1.33708
1.31166
1.29027
1.27373
1.26322
1.26049
1.2671
1.28253
1.30359
1.32516
1.34211
1.35122
1.35236
1.34878
1.34598
1.3494
1.36159
1.38122
1.40429
1.42648
1.44459
1.45695
1.46256
1.46059
1.45088
1.43516
1.41768
1.40435
1.4005
1.40782
1.4223
1.43572
1.44012
1.4312
1.4092
1.37791
1.34357
1.31236
1.28825
1.273
1.26742
1.27155
1.28408
1.30232
1.32292
1.34258
1.35898
1.37184
1.38337
1.39727
1.41647
1.44112
1.46828
1.49244
1.5078
1.51147
1.50466
1.49084
1.4731
1.45323
1.43284
1.41449
1.40072
1.39209
1.38713
1.38375
1.38008
1.37431
1.36551
1.35537
1.34779
1.34545
1.34736
1.35006
1.35078
1.34923
1.34758
1.34899
1.35575
1.3683
1.38545
1.40492
1.42388
1.43902
1.4473
1.4469
1.43809
1.42346
1.40649
1.38961
1.37336
1.35755
1.34295
1.33141
1.32471
1.32403
1.33097
1.34816
1.37702
1.41542
1.45826
1.49988
1.53539
1.56035
1.57114
1.56631
1.5478
1.52009
1.48787
1.45416
1.4207
1.38947
1.36327
1.34427
1.33245
1.32584
1.32145
1.31661
1.31064
1.30545
1.3042
1.30867
1.31786
1.32871
1.3378
1.34314
1.34494
1.34532
1.34696
1.35161
1.35925
1.36854
1.37749
1.3843
1.38779
1.38777
1.38514
1.38138
1.37811
1.37726
1.38162
1.39411
1.41577
1.44408
1.47378
1.49918
1.5162
1.52254
1.51669
1.49768
1.46613
1.42551
1.38189
1.34155
1.30912
1.28785
1.28064
1.28966
1.31434
1.35072
1.39232
1.43141
1.46034
1.47349
1.46894
1.44846
1.4165
1.37848
1.34018
1.30839
1.29137
1.29581
1.32107
1.35824
1.39537
1.42329
1.43798
1.44094
1.4379
1.43642
1.44283
1.4594
1.48323
1.50755
1.52478
1.52926
1.51859
1.49383
1.45862
1.41795
1.37704
1.34009
1.30963
1.2861
1.26839
1.25557
1.24928
1.25388
1.27325
1.30663
1.34787
1.38888
1.42352
1.44922
1.46678
1.47862
1.48593
1.48673
1.47772
1.45773
1.42961
1.39874
1.37055
1.34865
1.33458
1.32812
1.32833
1.33435
1.34535
1.35966
1.37449
1.38709
1.39641
1.40378
1.41174
1.42126
1.43
1.43358
1.42842
1.41409
1.39321
1.36981
1.34731
1.32754
1.31077
1.29673
1.28605
1.28058
1.28232
1.29169
1.30671
1.32373
1.33901
1.34983
1.3545
1.35267
1.34519
1.33386
1.32077
1.30808
1.29846
1.29525
1.30163
1.31925
1.34744
1.38337
1.42295
1.46142
1.49411
1.51736
1.52937
1.53046
1.52287
1.50956
1.49271
1.47297
1.44965
1.42212
1.39145
1.36065
1.3335
1.31294
1.29983
1.29257
1.28798
1.28313
1.27711
1.27167
1.27049
1.27739
1.29451
1.32062
1.3503
1.37484
1.38547
1.37766
1.35404
1.32472
1.30334
1.29999
1.31636
1.34684
1.38303
1.41698
1.44237
1.45548
1.45646
1.45006
1.44394
1.44406
1.45091
1.46083
1.46966
1.47459
1.47491
1.47157
1.46589
1.45853
1.44986
1.44123
1.43525
1.4344
1.43967
1.45052
1.46487
1.47973
1.49271
1.50238
1.50744
1.50594
1.49553
1.4739
1.44001
1.39534
1.34493
1.29649
1.2571
1.22957
1.21176
1.19923
1.18901
1.18193
1.18244
1.19528
1.22141
1.25659
1.29353
1.32516
1.34685
1.35754
1.36113
1.36737
1.38664
1.41964
1.45729
1.4899
1.51107
1.51609
1.50185
1.46878
1.42282
1.37593
1.34191
1.3281
1.33109
1.34202
1.35408
1.36522
1.37661
1.38969
1.40438
1.41863
1.42929
1.4335
1.43014
1.42082
1.40995
1.40286
1.40283
1.40974
1.42171
1.43702
1.45402
1.47009
1.48191
1.4865
1.48243
1.4702
1.45163
1.42904
1.40492
1.38188
1.36211
1.34696
1.33676
1.3306
1.32599
1.31905
1.30542
1.28278
1.2542
1.22948
1.22154
1.23826
1.27713
1.32829
1.38107
1.42765
1.46375
1.48875
1.50551
1.5187
1.5315
1.54377
1.55292
1.55595
1.55063
1.53592
1.51215
1.48048
1.44209
1.39792
1.34951
1.30069
1.25784
1.22693
1.20955
1.2019
1.19834
1.19541
1.19321
1.19422
1.20125
1.21597
1.23847
1.2672
1.29938
1.33177
1.36091
1.38331
1.3959
1.3974
1.38995
1.37925
1.37264
1.3757
1.38961
1.41131
1.43549
1.45671
1.47073
1.4751
1.46952
1.45635
1.44046
1.42726
1.42007
1.41909
1.42231
1.42765
1.4341
1.44143
1.44888
1.45463
1.45632
1.45211
1.44161
1.42687
1.41284
1.40586
1.40996
1.42349
1.44039
1.45411
1.46013
1.45609
1.44167
1.41866
1.39091
1.36316
1.34018
1.32688
1.32743
1.34221
1.36636
1.39206
1.41184
1.42026
1.41504
1.39843
1.37762
1.36119
1.35343
1.35213
1.35232
1.35174
1.35247
1.35808
1.37002
1.38636
1.403
1.41588
1.42257
1.42304
1.41933
1.41343
1.40565
1.39491
1.3812
1.36674
1.35459
1.34706
1.34518
1.34884
1.35685
1.36725
1.3775
1.38468
1.3863
1.38171
1.37304
1.36412
1.35757
1.3528
1.34702
1.33829
1.32738
1.31681
1.30851
1.30303
1.30101
1.30447
1.31494
1.33165
1.35168
1.37192
1.39084
1.40883
1.42707
1.44581
1.46341
1.47716
1.48503
1.48676
1.483
1.47426
1.46152
1.448
1.4388
1.43758
1.44321
1.45022
1.45235
1.44529
1.42768
1.40085
1.36857
1.33582
1.30732
1.28626
1.27421
1.27112
1.27469
1.28059
1.28429
1.28311
1.27722
1.26945
1.26374
1.26309
1.269
1.28239
1.30272
1.3264
1.34773
1.36179
1.36631
1.36209
1.35214
1.34028
1.33
1.32411
1.32461
1.33225
1.34611
1.36425
1.38555
1.41053
1.43971
1.47105
1.49934
1.51806
1.52226
1.51095
1.48735
1.45675
1.42355
1.39011
1.35815
1.33016
1.30952
1.29847
1.2966
1.30142
1.31042
1.32274
1.33932
1.36159
1.38955
1.42044
1.449
1.46938
1.47752
1.47287
1.45847
1.43923
1.41954
1.4013
1.38413
1.36785
1.35485
1.34943
1.35414
1.36733
1.38421
1.39915
1.40689
1.40359
1.38855
1.3659
1.34399
1.33195
1.33532
1.35439
1.38532
1.42192
1.45618
1.4792
1.48325
1.46446
1.42484
1.37302
1.32264
1.28797
1.2776
1.29091
1.32035
1.35616
1.38991
1.41624
1.4331
1.44168
1.44563
1.4498
1.45775
1.4695
1.48215
1.49182
1.49507
1.48955
1.47488
1.45296
1.4279
1.40509
1.38957
1.38377
1.38592
1.39082
1.39253
1.38717
1.37477
1.35941
1.34725
1.34326
1.34874
1.36079
1.37376
1.38172
1.38117
1.37186
1.35645
1.33967
1.32754
1.32552
1.33506
1.3519
1.36936
1.38367
1.39556
1.40787
1.42246
1.43901
1.45529
1.4676
1.47191
1.4652
1.447
1.42057
1.39315
1.37281
1.36197
1.35564
1.34668
1.33234
1.31607
1.30423
1.30147
1.30844
1.3225
1.3398
1.3571
1.37272
1.38617
1.39745
1.40674
1.41358
1.41642
1.41376
1.40632
1.39674
1.38789
1.38263
1.38324
1.38995
1.40113
1.41432
1.42671
1.43638
1.44373
1.45103
1.46051
1.47218
1.48315
1.48945
1.48944
1.48506
1.48007
1.47663
1.47294
1.46328
1.44133
1.40376
1.35246
1.29573
1.24687
1.21849
1.21546
1.23327
1.26173
1.29105
1.31761
1.34578
1.38221
1.42583
1.46616
1.49225
1.49922
1.48804
1.46319
1.43073
1.39681
1.3662
1.34202
1.32622
1.32086
1.3283
1.34841
1.3758
1.40142
1.41725
1.41868
1.40484
1.37853
1.3459
1.31526
1.29438
1.28773
1.29531
1.31359
1.33768
1.36321
1.38742
1.40895
1.42735
1.44238
1.45374
1.46129
1.46539
1.46702
1.46721
1.46635
1.46387
1.4589
1.45127
1.4417
1.43107
1.42015
1.40952
1.39902
1.38744
1.37349
1.35726
1.34052
1.32627
1.31783
1.31761
1.32608
1.34141
1.36074
1.38215
1.40521
1.42956
1.45261
1.46929
1.40535
1.40003
1.38561
1.36747
1.3511
1.33945
1.33263
1.32968
1.32972
1.3315
1.33271
1.33097
1.32565
1.31865
1.31342
1.31288
1.31754
1.32566
1.33491
1.34345
1.35038
1.35538
1.35802
1.3574
1.35283
1.34458
1.33442
1.3253
1.32084
1.32424
1.3367
1.35673
1.38048
1.40256
1.41737
1.41997
1.40703
1.37797
1.33545
1.28574
1.23731
1.19761
1.1698
1.1535
1.1493
1.16003
1.18658
1.22509
1.26931
1.31329
1.35173
1.37963
1.39328
1.3918
1.37783
1.35684
1.33584
1.32181
1.31931
1.32817
1.34376
1.36011
1.37328
1.38191
1.38639
1.38776
1.38734
1.38655
1.38659
1.38869
1.39375
1.40181
1.41146
1.42077
1.4281
1.43195
1.43061
1.42238
1.4069
1.38628
1.3648
1.34681
1.33423
1.32585
1.3189
1.31169
1.30527
1.3032
1.30925
1.32442
1.34534
1.36522
1.37695
1.37619
1.36267
1.33931
1.3109
1.28364
1.26429
1.25714
1.26084
1.26981
1.27852
1.28443
1.28941
1.29965
1.32259
1.36082
1.40883
1.45652
1.49492
1.51854
1.52525
1.51564
1.49289
1.46181
1.42691
1.39083
1.3547
1.31948
1.28672
1.25923
1.24173
1.24046
1.25876
1.29227
1.33127
1.36738
1.39655
1.41758
1.42981
1.43211
1.42321
1.40301
1.37395
1.3418
1.31445
1.29828
1.29376
1.2956
1.29764
1.29662
1.2927
1.28891
1.28982
1.29886
1.31545
1.33526
1.3532
1.36584
1.3722
1.37348
1.37237
1.37202
1.37447
1.37957
1.38475
1.38553
1.37716
1.35654
1.32353
1.28149
1.23699
1.19859
1.17435
1.16912
1.18286
1.21143
1.24874
1.2886
1.32593
1.35788
1.38468
1.40879
1.43201
1.45317
1.46909
1.47684
1.47477
1.46231
1.43982
1.40883
1.3729
1.33847
1.31306
1.30093
1.2998
1.30382
1.30927
1.31622
1.32639
1.34103
1.35978
1.38034
1.39875
1.41065
1.41328
1.40704
1.39517
1.38196
1.37049
1.3614
1.35334
1.34447
1.33318
1.31837
1.29971
1.27816
1.25654
1.23942
1.23177
1.23695
1.25468
1.28095
1.3104
1.33891
1.36457
1.38712
1.4069
1.42395
1.43773
1.44717
1.4512
1.44939
1.44243
1.43209
1.42059
1.4099
1.40123
1.39524
1.39237
1.39247
1.3941
1.39439
1.38973
1.3774
1.35693
1.33097
1.30479
1.28437
1.27345
1.27187
1.27644
1.28327
1.28983
1.29529
1.29992
1.30379
1.30592
1.30497
1.3008
1.29665
1.29932
1.31458
1.34099
1.36976
1.39102
1.39915
1.39391
1.37886
1.35955
1.34162
1.32919
1.32349
1.32323
1.32612
1.3303
1.33491
1.33965
1.34444
1.34961
1.35547
1.36172
1.3672
1.3701
1.36886
1.36342
1.3553
1.34594
1.33461
1.31969
1.30205
1.28613
1.27753
1.27958
1.29213
1.31186
1.33429
1.35578
1.3744
1.3898
1.40207
1.41105
1.41626
1.41774
1.41671
1.41563
1.41747
1.4244
1.43698
1.45388
1.47212
1.48719
1.49375
1.48745
1.46699
1.43597
1.40183
1.37155
1.34789
1.33007
1.31695
1.30804
1.30242
1.29776
1.29112
1.28015
1.26427
1.24482
1.22478
1.20836
1.19963
1.2004
1.20893
1.22117
1.23341
1.24361
1.25096
1.25547
1.25818
1.2612
1.26657
1.27517
1.28613
1.29673
1.30293
1.30089
1.28971
1.27386
1.26234
1.26286
1.27701
1.30167
1.33236
1.36491
1.39629
1.425
1.45024
1.47046
1.4829
1.48417
1.47162
1.44456
1.40502
1.35774
1.30903
1.26554
1.23307
1.21581
1.21583
1.23223
1.26089
1.29536
1.32842
1.35434
1.3706
1.37847
1.38188
1.38471
1.3888
1.39472
1.40479
1.42283
1.44865
1.47541
1.49547
1.50549
1.5056
1.49673
1.47916
1.45302
1.41939
1.38117
1.34318
1.31101
1.28945
1.28062
1.28272
1.29026
1.2963
1.29571
1.28746
1.27527
1.26578
1.26509
1.27595
1.29761
1.32596
1.35397
1.37432
1.38357
1.38394
1.38171
1.38303
1.3904
1.40187
1.41337
1.42093
1.421
1.40997
1.38506
1.34659
1.29937
1.25193
1.21381
1.19306
1.19437
1.21819
1.26071
1.31427
1.36916
1.4159
1.44746
1.46013
1.45351
1.42976
1.39297
1.3487
1.30382
1.26613
1.24298
1.23906
1.25436
1.28356
1.31813
1.34961
1.37287
1.38694
1.39352
1.39488
1.39294
1.38964
1.38683
1.38512
1.38329
1.37913
1.37092
1.35857
1.34398
1.33147
1.32655
1.33306
1.35094
1.37686
1.40669
1.43679
1.46389
1.48462
1.4959
1.49646
1.48814
1.47435
1.45679
1.43414
1.40401
1.36558
1.3207
1.27388
1.23117
1.19811
1.17732
1.16748
1.16472
1.16535
1.16787
1.17325
1.18394
1.20285
1.23216
1.27176
1.31795
1.36416
1.40373
1.43219
1.44784
1.45111
1.44366
1.42806
1.40773
1.38631
1.36671
1.35034
1.33775
1.32937
1.32582
1.32742
1.33347
1.3418
1.34994
1.35714
1.3646
1.37347
1.38261
1.38866
1.38826
1.38105
1.37169
1.36754
1.37234
1.38304
1.39285
1.39625
1.39158
1.38109
1.36926
1.36043
1.3567
1.35683
1.35733
1.3544
1.34562
1.33081
1.3123
1.29461
1.28254
1.2784
1.28042
1.28419
1.28601
1.28456
1.28074
1.2762
1.27224
1.26934
1.2675
1.26669
1.26727
1.26969
1.27448
1.28254
1.29519
1.31306
1.33491
1.35736
1.37592
1.3861
1.38461
1.37026
1.34444
1.31134
1.27695
1.24773
1.22992
1.22899
1.24763
1.2827
1.32513
1.36408
1.39187
1.40642
1.41073
1.4106
1.41145
1.4156
1.42141
1.42479
1.42194
1.41164
1.39605
1.38021
1.37015
1.36955
1.3772
1.38797
1.39625
1.39895
1.39601
1.38932
1.3812
1.37309
1.36496
1.35564
1.34446
1.33251
1.3222
1.31527
1.31167
1.31032
1.30989
1.30869
1.30508
1.29897
1.29304
1.29185
1.29945
1.31683
1.34157
1.36931
1.39561
1.4168
1.43003
1.43338
1.42633
1.4098
1.38612
1.35857
1.33076
1.30621
1.28747
1.27502
1.26756
1.26363
1.26277
1.26509
1.27037
1.2779
1.28629
1.29359
1.29738
1.29503
1.28438
1.26458
1.2373
1.20763
1.18367
1.17413
1.18501
1.21751
1.26734
1.3254
1.38044
1.42309
1.44852
1.45664
1.45
1.43191
1.4056
1.37475
1.34383
1.31755
1.29986
1.29353
1.30058
1.32215
1.35684
1.39944
1.44204
1.47703
1.49965
1.50845
1.50435
1.48985
1.46828
1.44326
1.41818
1.39581
1.37824
1.36674
1.36198
1.36449
1.37419
1.38898
1.4046
1.41712
1.42515
1.42968
1.43186
1.43103
1.42513
1.41274
1.39519
1.37676
1.36264
1.35636
1.35799
1.36403
1.3681
1.36286
1.34277
1.30663
1.2588
1.20864
1.16836
1.14895
1.15546
1.18439
1.22587
1.26898
1.30591
1.33322
1.35097
1.36136
1.36768
1.37343
1.38157
1.39389
1.41058
1.4299
1.44845
1.46185
1.46597
1.45792
1.43647
1.40268
1.36085
1.31885
1.28615
1.26966
1.27034
1.28362
1.30252
1.32029
1.33207
1.33634
1.33513
1.33263
1.33347
1.3409
1.35604
1.37767
1.40259
1.42635
1.44409
1.45167
1.44688
1.43061
1.40732
1.38389
1.36707
1.36076
1.36442
1.37353
1.3815
1.3821
1.37201
1.3529
1.3317
1.31743
1.31559
1.32434
1.33611
1.34297
1.34099
1.33123
1.31824
1.30802
1.30614
1.31627
1.33965
1.37395
1.41237
1.44541
1.46445
1.46407
1.44295
1.40391
1.35377
1.30245
1.26127
1.2398
1.24228
1.26584
1.30323
1.34666
1.38976
1.42678
1.45213
1.46179
1.45525
1.43585
1.40898
1.37971
1.35177
1.32779
1.31017
1.30099
1.30084
1.30765
1.31692
1.32306
1.3216
1.31103
1.29318
1.27223
1.25318
1.24024
1.23554
1.23843
1.2459
1.25449
1.26212
1.26819
1.27261
1.27514
1.27548
1.27382
1.27158
1.2719
1.27907
1.29583
1.32053
1.34726
1.36929
1.38284
1.38878
1.39149
1.39513
1.4002
1.4041
1.40403
1.39933
1.39115
1.38115
1.37087
1.36181
1.35584
1.35518
1.36124
1.37351
1.38911
1.40371
1.41317
1.41553
1.41274
1.41044
1.41378
1.42159
1.42682
1.42277
1.40721
1.382
1.35174
1.3224
1.29942
1.28625
1.28432
1.29362
1.31291
1.33976
1.37067
1.40081
1.42388
1.43327
1.42413
1.39553
1.35143
1.30047
1.2532
1.21722
1.19417
1.18141
1.17672
1.18096
1.19651
1.22307
1.25478
1.28304
1.30225
1.31205
1.31554
1.31674
1.31907
1.32486
1.33461
1.34642
1.35713
1.36488
1.37098
1.37914
1.39214
1.40903
1.42558
1.4371
1.43991
1.43209
1.41391
1.38839
1.36142
1.34029
1.33086
1.33504
1.35049
1.37266
1.39753
1.42247
1.44566
1.46497
1.47741
1.47991
1.47081
1.45118
1.42481
1.39718
1.37364
1.3578
1.35038
1.34892
1.34924
1.34722
1.34002
1.32663
1.30825
1.28796
1.26941
1.25498
1.24525
1.23975
1.23868
1.24408
1.25915
1.28597
1.32328
1.36654
1.40976
1.44693
1.47258
1.48256
1.47536
1.45256
1.41778
1.37447
1.3252
1.27416
1.22896
1.19801
1.18553
1.19024
1.20774
1.23231
1.2578
1.27917
1.29375
1.3013
1.30303
1.30064
1.2966
1.29447
1.29843
1.31167
1.33464
1.36404
1.39358
1.41611
1.42615
1.42161
1.404
1.37736
1.34737
1.32054
1.30279
1.29712
1.30229
1.31415
1.32805
1.34078
1.35146
1.36182
1.37529
1.39431
1.41755
1.4397
1.45371
1.4536
1.43801
1.41314
1.38948
1.37303
1.36235
1.35425
1.3475
1.34151
1.33519
1.32819
1.32281
1.32337
1.33376
1.35427
1.38104
1.40796
1.42904
1.44011
1.43962
1.42931
1.41446
1.402
1.39657
1.39749
1.3991
1.39462
1.37989
1.35487
1.32333
1.29163
1.2672
1.2553
1.25522
1.26058
1.26385
1.26061
1.25172
1.3994
1.38738
1.37662
1.36927
1.36535
1.36567
1.36991
1.37486
1.37692
1.37483
1.3701
1.36636
1.36781
1.37673
1.39174
1.40822
1.42066
1.42555
1.42271
1.41574
1.41108
1.41534
1.43165
1.45753
1.4861
1.50957
1.52281
1.52555
1.52207
1.51809
1.51683
1.51715
1.51553
1.50935
1.49853
1.48467
1.46935
1.45304
1.43586
1.41939
1.40806
1.40776
1.42192
1.44712
1.4742
1.49442
1.50371
1.50257
1.49403
1.48211
1.47063
1.4624
1.45887
1.45987
1.4635
1.46634
1.46445
1.45493
1.43722
1.41289
1.38469
1.35624
1.33177
1.31576
1.31179
1.3211
1.342
1.37055
1.4021
1.4319
1.45498
1.4662
1.46125
1.43885
1.40368
1.36645
1.33872
1.32688
1.33188
1.35202
1.38342
1.41935
1.4521
1.47618
1.4896
1.49376
1.49166
1.48558
1.47533
1.45943
1.43775
1.41347
1.39264
1.38198
1.38606
1.40464
1.43138
1.45656
1.4718
1.47328
1.46241
1.44532
1.43086
1.42637
1.43418
1.45155
1.47241
1.48946
1.49623
1.4893
1.46998
1.44397
1.41863
1.39972
1.39026
1.39112
1.40138
1.41762
1.43428
1.44563
1.44804
1.44082
1.42525
1.40357
1.37904
1.35652
1.34241
1.34267
1.35889
1.38641
1.41692
1.44306
1.46073
1.46872
1.46787
1.46029
1.44827
1.43389
1.4193
1.40755
1.40259
1.40792
1.4252
1.45365
1.49003
1.52902
1.56368
1.58701
1.59413
1.58394
1.55914
1.52451
1.48476
1.44368
1.40522
1.37414
1.35448
1.34696
1.34827
1.3533
1.35824
1.3619
1.36514
1.37017
1.38046
1.39922
1.42622
1.45679
1.484
1.50235
1.50946
1.50638
1.49697
1.48676
1.48064
1.47983
1.48066
1.47745
1.46632
1.44639
1.41862
1.38523
1.35029
1.32059
1.30412
1.3059
1.32544
1.35797
1.39679
1.43403
1.46122
1.47164
1.46323
1.44042
1.41254
1.38885
1.37487
1.37269
1.38176
1.3988
1.41926
1.43947
1.45754
1.47271
1.4844
1.49167
1.49383
1.49118
1.48556
1.47967
1.47549
1.47335
1.47213
1.47034
1.4668
1.46078
1.45179
1.43941
1.42339
1.40481
1.38834
1.38095
1.38588
1.40004
1.41875
1.43939
1.45981
1.47652
1.48538
1.4829
1.46715
1.43879
1.40289
1.36942
1.34923
1.34753
1.36212
1.3869
1.41548
1.44288
1.46592
1.48308
1.49439
1.50142
1.50612
1.50957
1.51132
1.50981
1.50296
1.48914
1.46771
1.43945
1.40675
1.37346
1.34478
1.32683
1.32507
1.34166
1.37343
1.41308
1.45252
1.48571
1.50982
1.52535
1.53463
1.53855
1.53449
1.51804
1.48694
1.44377
1.3956
1.35153
1.31965
1.30484
1.30788
1.3263
1.35635
1.3944
1.43646
1.47717
1.51048
1.53174
1.53901
1.53283
1.51511
1.48836
1.45494
1.41737
1.37855
1.34263
1.3148
1.30013
1.30114
1.31639
1.34146
1.37172
1.40388
1.43572
1.46467
1.48712
1.49909
1.49741
1.48112
1.45184
1.41338
1.37088
1.32946
1.2936
1.26702
1.25249
1.25087
1.26053
1.27813
1.30071
1.32654
1.35426
1.38174
1.4059
1.42345
1.43237
1.43303
1.42826
1.42261
1.42111
1.42792
1.44443
1.46778
1.49275
1.51546
1.53515
1.55289
1.56904
1.58171
1.58716
1.58183
1.56481
1.53923
1.51203
1.49138
1.48255
1.48553
1.49651
1.51053
1.52228
1.52655
1.51991
1.50253
1.47732
1.44725
1.41367
1.37696
1.3373
1.29519
1.25271
1.2152
1.19173
1.19203
1.22119
1.27521
1.3417
1.40556
1.45543
1.4862
1.49764
1.4922
1.47407
1.4505
1.43159
1.42635
1.43766
1.46111
1.48791
1.50964
1.52182
1.52477
1.52133
1.51441
1.50564
1.49551
1.48391
1.4711
1.45911
1.45257
1.45659
1.47164
1.49095
1.50412
1.50301
1.48501
1.45371
1.41846
1.3914
1.38111
1.38689
1.40064
1.41451
1.42599
1.43718
1.45085
1.46686
1.48116
1.48823
1.48457
1.47006
1.44728
1.42051
1.39522
1.37733
1.37185
1.3819
1.40591
1.43501
1.45678
1.4638
1.45671
1.44093
1.42244
1.40563
1.39352
1.38834
1.39124
1.40152
1.41684
1.43395
1.44947
1.46081
1.46677
1.46812
1.46773
1.46952
1.47648
1.48879
1.50357
1.51589
1.52037
1.51256
1.49015
1.45407
1.40882
1.36117
1.31785
1.28288
1.2562
1.23518
1.21683
1.2
1.1861
1.17911
1.18427
1.20578
1.24453
1.29708
1.35699
1.41699
1.47093
1.51497
1.54736
1.56708
1.57222
1.56009
1.52962
1.48394
1.43119
1.38255
1.34822
1.33392
1.33924
1.3585
1.38375
1.40773
1.42597
1.43751
1.44453
1.45074
1.45841
1.46654
1.47227
1.47373
1.47128
1.46644
1.46046
1.45381
1.44627
1.43777
1.42894
1.42118
1.41618
1.41533
1.41954
1.42965
1.44683
1.47221
1.5055
1.54333
1.57902
1.6043
1.61167
1.59647
1.55809
1.50008
1.43003
1.35967
1.304
1.27601
1.27914
1.3063
1.34577
1.38723
1.42411
1.45277
1.47131
1.47914
1.47689
1.46632
1.45029
1.43272
1.41809
1.41005
1.40977
1.41532
1.42253
1.42712
1.42665
1.42083
1.41032
1.39571
1.37818
1.36095
1.34934
1.34835
1.35978
1.38175
1.41022
1.44035
1.46724
1.48713
1.49889
1.50449
1.50775
1.51129
1.5137
1.51036
1.49767
1.47644
1.45134
1.42739
1.40691
1.38958
1.37445
1.36103
1.34931
1.33951
1.33281
1.33185
1.34088
1.36477
1.40616
1.46177
1.52213
1.57664
1.61828
1.64455
1.65586
1.65384
1.64025
1.61637
1.58309
1.54116
1.49167
1.43652
1.37953
1.32719
1.28675
1.26248
1.25412
1.25896
1.27399
1.29671
1.32443
1.35326
1.37887
1.39745
1.40584
1.40254
1.3892
1.37117
1.3558
1.35016
1.35876
1.38129
1.41233
1.44434
1.47277
1.49815
1.52315
1.5477
1.56763
1.57777
1.57537
1.56106
1.53801
1.51116
1.48643
1.46895
1.46092
1.46013
1.46106
1.45846
1.45057
1.43923
1.42727
1.41627
1.40657
1.39923
1.39706
1.40335
1.41913
1.44152
1.46478
1.48312
1.49253
1.49161
1.48201
1.46871
1.45817
1.45401
1.45447
1.45503
1.45207
1.44386
1.42995
1.41185
1.39401
1.38287
1.38319
1.39451
1.41162
1.4284
1.44109
1.44836
1.44981
1.44478
1.43245
1.41276
1.38703
1.35844
1.33168
1.31138
1.29993
1.2959
1.29529
1.29439
1.29202
1.29004
1.29218
1.30181
1.31987
1.34425
1.37112
1.39718
1.42034
1.43888
1.45051
1.45301
1.44588
1.43158
1.41552
1.40458
1.40402
1.41497
1.43398
1.45471
1.47021
1.47511
1.46639
1.44351
1.4086
1.36721
1.32852
1.3029
1.29722
1.31243
1.34451
1.38692
1.43298
1.47731
1.51591
1.54564
1.5639
1.56915
1.56176
1.54412
1.52034
1.49487
1.47091
1.44977
1.43109
1.41356
1.39593
1.37769
1.35921
1.34139
1.32511
1.31074
1.29862
1.29042
1.28969
1.30053
1.32541
1.36366
1.41115
1.46133
1.50689
1.54159
1.5614
1.56548
1.55664
1.54094
1.5249
1.5115
1.49894
1.48332
1.4612
1.43086
1.39319
1.35285
1.3175
1.295
1.29025
1.303
1.32838
1.3594
1.38918
1.41218
1.42434
1.42349
1.41004
1.3872
1.3611
1.34
1.3316
1.33887
1.35854
1.38463
1.41283
1.44192
1.47208
1.50308
1.53408
1.56404
1.59149
1.61403
1.62854
1.63205
1.62318
1.60313
1.57566
1.54579
1.51764
1.49252
1.46921
1.44596
1.4229
1.40273
1.38933
1.38454
1.38636
1.39066
1.39381
1.39424
1.39286
1.39192
1.39274
1.3937
1.39033
1.37759
1.3524
1.31533
1.27155
1.23156
1.20869
1.21146
1.23702
1.27357
1.30867
1.3346
1.34923
1.35499
1.35759
1.36424
1.38129
1.4117
1.45332
1.49973
1.54353
1.57938
1.60491
1.6198
1.62487
1.62174
1.61261
1.59891
1.58006
1.55392
1.51952
1.47982
1.44178
1.41331
1.39909
1.39887
1.4079
1.41913
1.42608
1.42515
1.4162
1.40212
1.38797
1.37927
1.37919
1.3865
1.39667
1.40585
1.41392
1.42434
1.44144
1.4668
1.49736
1.52655
1.54765
1.55634
1.55177
1.53614
1.51333
1.48734
1.46112
1.43614
1.4125
1.38972
1.36809
1.34957
1.33778
1.3368
1.34878
1.37181
1.39918
1.42111
1.42904
1.42037
1.40028
1.37834
1.36205
1.35342
1.3509
1.35287
1.35894
1.36963
1.38455
1.40096
1.41471
1.42218
1.42137
1.41194
1.3952
1.37467
1.35659
1.34933
1.36079
1.39424
1.44549
1.50415
1.55889
1.6026
1.63369
1.65325
1.66157
1.65741
1.63979
1.61036
1.57326
1.53343
1.49435
1.45696
1.42055
1.38572
1.35656
1.33989
1.34057
1.35663
1.37918
1.39744
1.40392
1.39702
1.38084
1.36301
1.35112
1.34852
1.35298
1.35903
1.36131
1.35654
1.34471
1.32933
1.31659
1.3131
1.32267
1.34441
1.37361
1.40461
1.43341
1.45756
1.47478
1.48292
1.48144
1.47285
1.46186
1.45237
1.44485
1.43661
1.42439
1.40715
1.38744
1.37059
1.36226
1.36593
1.38148
1.40533
1.43166
1.45425
1.46791
1.46921
1.45695
1.43294
1.40228
1.37267
1.35221
1.34637
1.35544
1.37499
1.39882
1.42222
1.44323
1.4618
1.47828
1.49305
1.50679
1.51999
1.53122
1.53727
1.53606
1.52912
1.52053
1.51367
1.50948
1.50705
1.50549
1.50443
1.50316
1.49957
1.49054
1.47303
1.44554
1.40949
1.36999
1.33507
1.31305
1.30887
1.32205
1.3476
1.37844
1.40774
1.43067
1.44478
1.44972
1.44638
1.43635
1.42177
1.40514
1.38935
1.37753
1.37288
1.37824
1.39514
1.42265
1.45707
1.49318
1.52514
1.5469
1.5532
1.54283
1.52139
1.49928
1.4852
1.48166
1.48509
1.48872
1.48618
1.47434
1.45463
1.43164
1.41038
-nan
-nan
-nan
-nan
-nan
-nan
-nan
-nan
-nan
-nan
-nan
-nan
-nan
-nan
-nan
-nan
-nan
-nan
-nan
-nan
-nan
-nan
-nan
-nan
-nan
-nan
-nan
-nan
-nan
-nan
-nan
-nan
-nan
-nan
-nan
-nan
-nan
-nan
-nan
-nan
-nan
-nan
-nan
-nan
-nan
-nan
-nan
-nan
-nan
-nan
-nan
-nan
-nan
-nan
-nan
-nan
-nan
-nan
-nan
-nan
-nan
-nan
-nan
-nan
-nan
-nan
-nan
-nan
-nan
-nan
-nan
-nan
-nan
-nan
-nan
-nan
-nan
-nan
-nan
-nan
-nan
-nan
-nan
-nan
-nan
-nan
-nan
-nan
-nan
-nan
-nan
-nan
-nan
-nan
-nan
-nan
-nan
-nan
-nan
-nan
-nan
-nan
-nan
-nan
-nan
-nan
-nan
-nan
-nan
-nan
-nan
-nan
-nan
-nan
-nan
-nan
-nan
-nan
-nan
-nan
-nan
-nan
-nan
-nan
-nan
-nan
-nan
-nan
-nan
-nan
-nan
-nan
-nan
-nan
-nan
-nan
-nan
-nan
-nan
-nan
-nan
-nan
-nan
-nan
-nan
-nan
-nan
-nan
-nan
-nan
-nan
-nan
-nan
-nan
-nan
-nan
-nan
-nan
-nan
-nan
-nan
-nan
-nan
-nan
-nan
-nan
-nan
-nan
-nan
-nan
-nan
-nan
-nan
-nan
-nan
-nan
-nan
-nan
-nan
-nan
-nan
-nan
-nan
-nan
-nan
-nan
-nan
-nan
-nan
-nan
-nan
-nan
-nan
-nan
-nan
-nan
-nan
-nan
-nan
-nan
-nan
-nan
-nan
-nan
-nan
-nan
-nan
-nan
-nan
-nan
-nan
-nan
-nan
-nan
-nan
-nan
-nan
-nan
-nan
-nan
-nan
-nan
-nan
-nan
-nan
-nan
-nan
-nan
-nan
-nan
-nan
-nan
-nan
-nan
-nan
-nan
-nan
-nan
-nan
-nan
-nan
-nan
-nan
-nan
-nan
-nan
-nan
-nan
-nan
-nan
-nan
-nan
-nan
-nan
-nan
-nan
-nan
-nan
-nan
-nan
-nan
-nan
-nan
-nan
-nan
-nan
-nan
-nan
-nan
-nan
-nan
-nan
-nan
-nan
-nan
-nan
-nan
-nan
-nan
-nan
-nan
-nan
-nan
-nan
-nan
-nan
-nan
-nan
-nan
-nan
-nan
-nan
-nan
-nan
-nan
-nan
-nan
-nan
-nan
-nan
-nan
-nan
-nan
-nan
-nan
-nan
-nan
-nan
-nan
-nan
-nan
-nan
-nan
-nan
-nan
-nan
-nan
-nan
-nan
-nan
-nan
-nan
-nan
-nan
-nan
-nan
-nan
-nan
-nan
-nan
-nan
-nan
-nan
-nan
-nan
-nan
-nan
-nan
-nan
-nan
-nan
-nan
-nan
-nan
-nan
-nan
-nan
-nan
-nan
-nan
-nan
-nan
-nan
-nan
-nan
-nan
-nan
-nan
-nan
-nan
-nan
-nan
-nan
-nan
-nan
-nan
-nan
-nan
-nan
-nan
-nan
-nan
-nan
-nan
-nan
-nan
-nan
-nan
-nan
-nan
-nan
-nan
-nan
-nan
-nan
-nan
-nan
-nan
-nan
-nan
-nan
-nan
-nan
-nan
-nan
-nan
-nan
-nan
-nan
-nan
-nan
-nan
-nan
-nan
-nan
-nan
-nan
-nan
-nan
-nan
-nan
-nan
-nan
-nan
-nan
-nan
-nan
-nan
-nan
-nan
-nan
-nan
-nan
-nan
-nan
-nan
-nan
-nan
-nan
-nan
-nan
-nan
-nan
-nan
-nan
-nan
-nan
-nan
-nan
-nan
-nan
-nan
-nan
-nan
-nan
-nan
-nan
-nan
-nan
-nan
-nan
-nan
-nan
-nan
-nan
-nan
-nan
-nan
-nan
-nan
-nan
-nan
-nan
-nan
-nan
-nan
-nan
-nan
-nan
-nan
-nan
-nan
-nan
-nan
-nan
-nan
-nan
-nan
-nan
-nan
-nan
-nan
-nan
-nan
-nan
-nan
-nan
-nan
-nan
-nan
-nan
-nan
-nan
-nan
-nan
-nan
-nan
-nan
-nan
-nan
-nan
-nan
-nan
-nan
-nan
-nan
-nan
-nan
-nan
-nan
-nan
-nan
-nan
-nan
-nan
-nan
-nan
-nan
-nan
-nan
-nan
-nan
-nan
-nan
-nan
-nan
-nan
-nan
-nan
-nan
-nan
-nan
-nan
-nan
-nan
-nan
-nan
-nan
-nan
-nan
-nan
-nan
-nan
-nan
-nan
-nan
-nan
-nan
-nan
-nan
-nan
-nan
-nan
-nan
-nan
-nan
-nan
-nan
-nan
-nan
-nan
-nan
-nan
-nan
-nan
-nan
-nan
-nan
-nan
-nan
-nan
-nan
-nan
-nan
-nan
-nan
-nan
-nan
-nan
-nan
-nan
-nan
-nan
-nan
-nan
-nan
-nan
-nan
-nan
-nan
-nan
-nan
-nan
-nan
-nan
-nan
-nan
-nan
-nan
-nan
-nan
-nan
-nan
-nan
-nan
-nan
-nan
-nan
-nan
-nan
-nan
-nan
-nan
-nan
-nan
-nan
-nan
-nan
-nan
-nan
-nan
-nan
-nan
-nan
-nan
-nan
-nan
-nan
-nan
-nan
-nan
-nan
-nan
-nan
-nan
-nan
-nan
-nan
-nan
-nan
-nan
-nan
-nan
-nan
-nan
-nan
-nan
-nan
-nan
-nan
-nan
-nan
-nan
-nan
-nan
-nan
-nan
-nan
-nan
-nan
-nan
-nan
-nan
-nan
-nan
-nan
-nan
-nan
-nan
-nan
-nan
-nan
-nan
-nan
-nan
-nan
-nan
-nan
-nan
-nan
-nan
-nan
-nan
-nan
-nan
-nan
-nan
-nan
-nan
-nan
-nan
-nan
-nan
-nan
-nan
-nan
-nan
-nan
-nan
-nan
-nan
-nan
-nan
-nan
-nan
-nan
-nan
-nan
-nan
-nan
-nan
-nan
-nan
-nan
-nan
-nan
-nan
-nan
-nan
-nan
-nan
-nan
-nan
-nan
-nan
-nan
-nan
-nan
-nan
-nan
-nan
-nan
-nan
-nan
-nan
-nan
-nan
-nan
-nan
-nan
-nan
-nan
-nan
-nan
-nan
-nan
-nan
-nan
-nan
-nan
-nan
-nan
-nan
-nan
-nan
-nan
-nan
-nan
-nan
-nan
-nan
-nan
-nan
-nan
-nan
-nan
-nan
-nan
-nan
-nan
-nan
-nan
-nan
-nan
-nan
-nan
-nan
-nan
-nan
-nan
-nan
-nan
-nan
-nan
-nan
-nan
-nan
-nan
-nan
-nan
-nan
-nan
-nan
-nan
-nan
-nan
-nan
-nan
-nan
-nan
-nan
-nan
-nan
-nan
-nan
-nan
-nan
-nan
-nan
-nan
-nan
-nan
-nan
-nan
-nan
-nan
-nan
-nan
-nan
-nan
-nan
-nan
-nan
-nan
-nan
-nan
-nan
-nan
-nan
-nan
-nan
-nan
-nan
-nan
-nan
-nan
-nan
-nan
-nan
-nan
-nan
-nan
-nan
-nan
-nan
-nan
-nan
-nan
-nan
-nan
-nan
-nan
-nan
-nan
-nan
-nan
-nan
-nan
-nan
-nan
-nan
-nan
-nan
-nan
-nan
-nan
-nan
-nan
-nan
-nan
-nan
-nan
-nan
-nan
-nan
-nan
-nan
-nan
-nan
-nan
-nan
-nan
-nan
-nan
-nan
-nan
-nan
-nan
-nan
-nan
-nan
-nan
-nan
-nan
-nan
-nan
-nan
-nan
-nan
-nan
-nan
-nan
-nan
-nan
-nan
-nan
-nan
-nan
-nan
-nan
-nan
-nan
-nan
-nan
-nan
-nan
-nan
-nan
-nan
-nan
-nan
-nan
-nan
-nan
-nan
-nan
-nan
-nan
-nan
-nan
-nan
-nan
-nan
-nan
-nan
-nan
-nan
-nan
-nan
-nan
-nan
-nan
-nan
-nan
-nan
-nan
-nan
-nan
-nan
-nan
-nan
-nan
-nan
-nan
-nan
-nan
-nan
-nan
-nan
-nan
-nan
-nan
-nan
-nan
-nan
-nan
-nan
-nan
-nan
-nan
-nan
-nan
-nan
-nan
-nan
-nan
-nan
-nan
-nan
-nan
-nan
-nan
-nan
-nan
-nan
-nan
-nan
-nan
-nan
-nan
-nan
-nan
-nan
-nan
-nan
-nan
-nan
-nan
-nan
-nan
-nan
-nan
-nan
-nan
-nan
-nan
-nan
-nan
-nan
-nan
-nan
-nan
-nan
-nan
-nan
-nan
-nan
-nan
-nan
-nan
-nan
-nan
-nan
-nan
-nan
-nan
-nan
-nan
-nan
-nan
-nan
-nan
-nan
-nan
-nan
-nan
-nan
-nan
-nan
-nan
-nan
-nan
-nan
-nan
-nan
-nan
-nan
-nan
-nan
-nan
-nan
-nan
-nan
-nan
-nan
-nan
-nan
-nan
-nan
-nan
-nan
-nan
-nan
-nan
-nan
-nan
-nan
-nan
-nan
-nan
-nan
-nan
-nan
-nan
-nan
-nan
-nan
-nan
-nan
-nan
-nan
-nan
-nan
-nan
-nan
-nan
-nan
-nan
-nan
-nan
-nan
-nan
-nan
-nan
-nan
-nan
-nan
-nan
-nan
-nan
-nan
-nan
-nan
-nan
-nan
-nan
-nan
-nan
-nan
-nan
-nan
-nan
-nan
-nan
-nan
-nan
-nan
-nan
-nan
-nan
-nan
-nan
-nan
-nan
-nan
-nan
-nan
-nan
-nan
-nan
-nan
-nan
-nan
-nan
-nan
-nan
-nan
-nan
-nan
-nan
-nan
-nan
-nan
-nan
-nan
-nan
-nan
-nan
-nan
-nan
-nan
-nan
-nan
-nan
-nan
-nan
-nan
-nan
-nan
-nan
-nan
-nan
-nan
-nan
-nan
-nan
-nan
-nan
-nan
-nan
-nan
-nan
-nan
-nan
-nan
-nan
-nan
-nan
-nan
-nan
-nan
-nan
-nan
-nan
-nan
-nan
-nan
-nan
-nan
-nan
-nan
-nan
-nan
-nan
-nan
-nan
-nan
-nan
-nan
-nan
-nan
-nan
-nan
-nan
-nan
-nan
-nan
-nan
-nan
-nan
-nan
-nan
-nan
-nan
-nan
-nan
-nan
-nan
-nan
-nan
-nan
-nan
-nan
-nan
-nan
-nan
-nan
-nan
-nan
-nan
-nan
-nan
-nan
-nan
-nan
-nan
-nan
-nan
-nan
-nan
-nan
-nan
-nan
-nan
-nan
-nan
-nan
-nan
-nan
-nan
-nan
-nan
-nan
-nan
-nan
-nan
-nan
-nan
-nan
-nan
-nan
-nan
-nan
-nan
-nan
-nan
-nan
-nan
-nan
-nan
-nan
-nan
-nan
-nan
-nan
-nan
-nan
-nan
-nan
-nan
-nan
-nan
-nan
-nan
-nan
-nan
-nan
-nan
-nan
-nan
-nan
-nan
-nan
-nan
-nan
-nan
-nan
-nan
-nan
-nan
-nan
-nan
-nan
-nan
-nan
-nan
-nan
-nan
-nan
-nan
-nan
-nan
-nan
-nan
-nan
-nan
-nan
-nan
-nan
-nan
-nan
-nan
-nan
-nan
-nan
-nan
-nan
-nan
-nan
-nan
-nan
-nan
-nan
-nan
-nan
-nan
-nan
-nan
-nan
-nan
-nan
-nan
-nan
-nan
-nan
-nan
-nan
-nan
-nan
-nan
-nan
-nan
-nan
-nan
-nan
-nan
-nan
-nan
-nan
-nan
-nan
-nan
-nan
-nan
-nan
-nan
-nan
-nan
-nan
-nan
-nan
-nan
-nan
-nan
-nan
-nan
-nan
-nan
-nan
-nan
-nan
-nan
-nan
-nan
-nan
-nan
-nan
-nan
-nan
-nan
-nan
-nan
-nan
-nan
-nan
-nan
-nan
-nan
-nan
-nan
-nan
-nan
-nan
-nan
-nan
-nan
-nan
-nan
-nan
-nan
-nan
-nan
-nan
-nan
-nan
-nan
-nan
-nan
-nan
-nan
-nan
-nan
-nan
-nan
-nan
-nan
-nan
-nan
-nan
-nan
-nan
-nan
-nan
-nan
-nan
-nan
-nan
-nan
-nan
-nan
-nan
-nan
-nan
-nan
-nan
-nan
-nan
-nan
-nan
-nan
-nan
-nan
-nan
-nan
-nan
-nan
-nan
-nan
-nan
-nan
-nan
-nan
-nan
-nan
-nan
-nan
-nan
-nan
-nan
-nan
-nan
-nan
-nan
-nan
-nan
-nan
-nan
-nan
-nan
-nan
-nan
-nan
-nan
-nan
-nan
-nan
-nan
-nan
-nan
-nan
-nan
-nan
-nan
-nan
-nan
-nan
-nan
-nan
-nan
-nan
-nan
-nan
-nan
-nan
-nan
-nan
-nan
-nan
-nan
-nan
-nan
-nan
-nan
-nan
-nan
-nan
-nan
-nan
-nan
1.40081
1.41551
1.42288
1.42104
1.4099
1.39129
1.36914
1.34867
1.33436
1.32849
1.33033
1.33709
1.34556
1.35381
1.36168
1.3704
1.38059
1.39063
1.39658
1.39439
1.38269
1.36393
1.34389
1.32953
1.32629
1.33635
1.3579
1.38562
1.41216
1.4303
1.43503
1.42448
1.39996
1.36573
1.32914
1.29974
1.28605
1.29226
1.31694
1.35443
1.39662
1.43487
1.46182
1.47299
1.46727
1.44611
1.41263
1.37073
1.32479
1.27917
1.2373
1.20187
1.17576
1.16162
1.16042
1.17053
1.18848
1.21066
1.23478
1.26015
1.28691
1.31479
1.34222
1.36681
1.38646
1.40025
1.40826
1.41095
1.40891
1.4031
1.39551
1.38914
1.38727
1.39181
1.40199
1.41434
1.42394
1.42633
1.41912
1.40274
1.38047
1.35803
1.34261
1.34019
1.35231
1.37425
1.39734
1.41323
1.41677
1.40708
1.38695
1.36161
1.33693
1.31816
1.30944
1.31359
1.33124
1.36006
1.39546
1.43283
1.46836
1.49803
1.51689
1.51987
1.50423
1.47191
1.43032
1.38967
1.35778
1.33598
1.32021
1.30572
1.29097
1.27825
1.27092
1.27009
1.27345
1.27706
1.27853
1.27913
1.28321
1.29478
1.31405
1.3369
1.35721
1.36923
1.36968
1.3584
1.33769
1.31107
1.28288
1.25844
1.2435
1.24216
1.25507
1.27923
1.30943
1.34012
1.3669
1.38711
1.39973
1.40491
1.40347
1.39619
1.38346
1.36531
1.34237
1.31736
1.29699
1.29125
1.30885
1.35085
1.40899
1.47067
1.52501
1.56531
1.58878
1.59529
1.58624
1.56412
1.53255
1.49626
1.46035
1.42846
1.40166
1.3782
1.35509
1.32965
1.30073
1.26949
1.24013
1.21932
1.21376
1.22643
1.25368
1.28585
1.31167
1.32397
1.32274
1.31441
1.30725
1.30593
1.30964
1.31424
1.31575
1.31238
1.30421
1.29189
1.27607
1.2576
1.23814
1.22032
1.20765
1.2044
1.21464
1.24
1.27795
1.32246
1.3666
1.40501
1.43506
1.45637
1.46962
1.47586
1.47617
1.47134
1.46141
1.44586
1.42599
1.40739
1.39871
1.40472
1.42051
1.43563
1.44266
1.4403
1.43125
1.41902
1.4064
1.39494
1.38561
1.37934
1.37702
1.37902
1.38452
1.39139
1.3969
1.39866
1.39498
1.38465
1.36668
1.34037
1.30604
1.26647
1.228
1.19958
1.18953
1.20236
1.2374
1.28864
1.34617
1.39993
1.44331
1.47405
1.4928
1.50113
1.50018
1.49016
1.47075
1.44169
1.40334
1.35744
1.3081
1.26199
1.22694
1.20918
1.2102
1.22618
1.25053
1.27726
1.30313
1.32762
1.35098
1.37198
1.38705
1.39165
1.38287
1.36128
1.33139
1.30079
1.27808
1.26932
1.27465
1.28865
1.30422
1.31674
1.32562
1.33315
1.34196
1.35297
1.36506
1.37626
1.38506
1.3911
1.39412
1.39234
1.38292
1.36492
1.34146
1.31895
1.304
1.30018
1.30714
1.32184
1.34112
1.36387
1.39135
1.42517
1.46462
1.50551
1.54159
1.56689
1.5774
1.57148
1.54937
1.5131
1.46605
1.4126
1.35783
1.30729
1.2667
1.24066
1.23034
1.23261
1.24282
1.25811
1.2784
1.30477
1.33783
1.3767
1.41892
1.46024
1.49527
1.51914
1.52889
1.5233
1.50219
1.46599
1.41639
1.35744
1.29575
1.23925
1.19467
1.16544
1.15151
1.15084
1.16102
1.17977
1.20482
1.23337
1.26212
1.28763
1.30712
1.31936
1.32538
1.3283
1.33248
1.34141
1.35613
1.3751
1.39548
1.41432
1.42889
1.43676
1.43649
1.42855
1.41565
1.40177
1.39041
1.38363
1.38233
1.38638
1.39429
1.40315
1.4097
1.41232
1.41191
1.41049
1.40915
1.40838
1.40898
1.41096
1.41264
1.41195
1.40806
1.40166
1.39408
1.38625
1.37857
1.37083
1.36166
1.34839
1.3286
1.30236
1.27292
1.24575
1.22664
1.21989
1.22726
1.24752
1.27674
1.30934
1.3394
1.36203
1.37441
1.37572
1.36587
1.34549
1.31749
1.28827
1.26639
1.25854
1.26622
1.2859
1.31179
1.3383
1.36101
1.37667
1.38272
1.37713
1.35872
1.32787
1.28747
1.24318
1.20243
1.17165
1.15368
1.14806
1.15319
1.16742
1.18892
1.21515
1.24385
1.27438
1.30733
1.34185
1.37388
1.39838
1.41269
1.41744
1.41545
1.4102
1.40465
1.40062
1.39828
1.39654
1.39351
1.38732
1.37684
1.36224
1.3455
1.33019
1.32081
1.32196
1.3368
1.365
1.4008
1.43434
1.45573
1.45921
1.44452
1.41574
1.37878
1.33935
1.30232
1.27197
1.2528
1.24903
1.26275
1.29238
1.33246
1.37529
1.4133
1.44112
1.45644
1.45952
1.45221
1.4368
1.41572
1.39146
1.36617
1.34136
1.31774
1.29613
1.27796
1.26478
1.25756
1.25651
1.261
1.27002
1.2828
1.29899
1.31743
1.33502
1.34801
1.3545
1.35558
1.35424
1.35326
1.35347
1.35333
1.35027
1.34266
1.33137
1.32007
1.31377
1.31659
1.32932
1.3486
1.36816
1.3816
1.38533
1.37964
1.36764
1.35239
1.33466
1.31307
1.28636
1.25594
1.22738
1.20996
1.21341
1.24263
1.29423
1.35789
1.42069
1.4709
1.50055
1.50741
1.49587
1.4749
1.45166
1.42751
1.40183
1.37732
1.35982
1.35514
1.36571
1.38859
1.41651
1.44098
1.45582
1.45864
1.45068
1.43524
1.41537
1.39217
1.36546
1.33652
1.3105
1.29544
1.2982
1.31978
1.3544
1.39304
1.42746
1.45161
1.46169
1.45623
1.43626
1.40544
1.36959
1.33525
1.30789
1.29031
1.28162
1.27838
1.27756
1.27878
1.28297
1.28965
1.29631
1.30024
1.30075
1.29975
1.30063
1.30631
1.31748
1.33256
1.34908
1.36504
1.3796
1.39271
1.40372
1.41058
1.41106
1.40543
1.39702
1.38952
1.38514
1.38585
1.39333
1.40645
1.42069
1.43028
1.43071
1.42064
1.40308
1.38443
1.37167
1.36867
1.3744
1.38475
1.39539
1.40408
1.41093
1.41731
1.42405
1.43012
1.43325
1.43139
1.42379
1.41104
1.39465
1.37678
1.36006
1.34729
1.34013
1.33783
1.33724
1.33486
1.32883
1.31919
1.30645
1.29047
1.27131
1.25133
1.23562
1.2297
1.23621
1.25349
1.27707
1.30233
1.32608
1.34681
1.36417
1.37851
1.39019
1.39933
1.40563
1.40894
1.40948
1.40782
1.40456
1.39999
1.39427
1.38766
1.38047
1.37237
1.36208
1.34821
1.33101
1.31386
1.30275
1.30371
1.31952
1.34821
1.38393
1.41932
1.44853
1.46903
1.48096
1.48538
1.48342
1.47611
1.46402
1.44739
1.42724
1.40582
1.38579
1.36861
1.35348
1.33818
1.32098
1.3025
1.28525
1.27202
1.26443
1.26295
1.26752
1.27817
1.29504
1.31768
1.3443
1.37153
1.39499
1.41032
1.41393
1.4037
1.37967
1.34479
1.30515
1.26943
1.24657
1.24271
1.25882
1.29075
1.33102
1.37163
1.40584
1.42883
1.4376
1.43096
1.40954
1.37503
1.32982
1.27741
1.22367
1.17709
1.14648
1.13782
1.15241
1.18731
1.23624
1.29082
1.34252
1.38469
1.41331
1.42702
1.42681
1.41574
1.39866
1.38113
1.36794
1.3617
1.36222
1.36748
1.37492
1.38178
1.3849
1.38239
1.37683
1.37582
1.38557
1.40463
1.42682
1.44748
1.46497
1.47889
1.48875
1.49369
1.49266
1.48408
1.46656
1.44015
1.40744
1.37331
1.34288
1.31915
1.30185
1.28784
1.27311
1.25503
1.23421
1.21456
1.20068
1.195
1.19756
1.20772
1.22533
1.25031
1.28134
1.31553
1.34953
1.38105
1.40877
1.43118
1.44594
1.45073
1.44515
1.43169
1.41497
1.40024
1.39189
1.39239
1.40145
1.41581
1.42966
1.43699
1.43369
1.41841
1.39275
1.36118
1.33006
1.30535
1.29055
1.28596
1.28935
1.29716
1.30558
1.31157
1.31407
1.31419
1.31453
1.3179
1.32643
1.34144
1.36284
1.38889
1.41626
1.44079
1.45863
1.46739
1.46647
1.45717
1.44259
1.42677
1.41372
1.40618
1.40499
1.40887
1.41472
1.41786
1.41282
1.39568
1.36631
1.32929
1.29253
1.26424
1.24966
1.25004
1.26406
1.28974
1.3246
1.36472
1.4038
1.43404
1.44844
1.44299
1.4177
1.37666
1.32744
1.27974
1.24311
1.22408
1.22395
1.23902
1.26294
1.28976
1.3154
1.33779
1.35615
1.37025
1.37995
1.38507
1.38589
1.38358
1.37976
1.37513
1.36909
1.36025
1.34764
1.33104
1.31155
1.29243
1.27957
1.27984
1.29735
1.33005
1.37008
1.40767
1.43556
1.45105
1.45521
1.45069
1.43962
1.42287
1.40106
1.3758
1.35009
1.328
1.31374
1.31058
1.31918
1.3365
1.35635
1.37236
1.38148
1.38568
1.39045
1.40108
1.41898
1.44106
1.46171
1.47528
1.47815
1.46946
1.45065
1.4246
1.39501
1.3661
1.3419
1.32484
1.31474
1.30918
1.30544
1.30211
1.29924
1.29818
1.30166
1.31273
1.33257
1.35934
1.38874
1.41528
1.43383
1.44077
1.43416
1.41382
1.38133
1.3399
1.29364
1.2466
1.20237
1.16436
1.13604
1.12092
1.12156
1.13866
1.1701
1.21108
1.25546
1.29779
1.33455
1.36435
1.38705
1.4029
1.412
1.4146
1.41127
1.40298
1.39113
1.3779
1.36659
1.3615
1.36666
1.38311
1.40734
1.43263
1.45236
1.46264
1.46303
1.45588
1.445
1.43417
1.42604
1.42137
1.41912
1.41754
1.41541
1.41257
1.40943
1.40624
1.40227
1.39574
1.38504
1.37061
1.35561
1.34377
1.33661
1.33349
1.33365
1.33695
1.34289
1.34952
1.35346
1.35133
1.34131
1.324
1.30217
1.28013
1.26285
1.25386
1.25321
1.25801
1.26505
1.27302
1.28277
1.29582
1.31284
1.33285
1.35352
1.37197
1.38608
1.39556
1.40178
1.40617
1.40814
1.40537
1.39634
1.3824
1.36708
1.35377
1.3436
1.33568
1.32846
1.32118
1.31436
1.30949
1.30821
1.31149
1.31896
1.32841
1.33596
1.33737
1.33025
1.31534
1.29616
1.27715
1.26219
1.3997
1.39677
1.39812
1.4033
1.41007
1.41555
1.41798
1.41737
1.41462
1.41072
1.40699
1.40573
1.40954
1.41891
1.43079
1.44019
1.44301
1.43783
1.42543
1.40804
1.38889
1.37176
1.35952
1.35293
1.35088
1.35211
1.3564
1.36477
1.37909
1.40217
1.43828
1.4906
1.55426
1.61488
1.65744
1.6739
1.66299
1.62741
1.57269
1.50729
1.4418
1.38655
1.34865
1.33066
1.33102
1.34552
1.3688
1.39554
1.42132
1.44327
1.45999
1.47035
1.47249
1.46422
1.44483
1.4168
1.38583
1.35898
1.34244
1.33979
1.35142
1.37478
1.40539
1.43914
1.47347
1.50684
1.53749
1.56252
1.57789
1.57835
1.55828
1.51487
1.45205
1.3819
1.32045
1.28061
1.268
1.28114
1.31316
1.3546
1.39658
1.43281
1.45945
1.47464
1.47887
1.47495
1.46667
1.4568
1.4461
1.43391
1.41916
1.40184
1.38456
1.37239
1.37079
1.3829
1.40822
1.44307
1.48196
1.51902
1.5489
1.56787
1.57573
1.57669
1.57572
1.57207
1.55993
1.53725
1.50999
1.48631
1.46827
1.45212
1.43542
1.42041
1.41081
1.40784
1.40969
1.41357
1.4176
1.42136
1.42562
1.43199
1.44213
1.45587
1.46971
1.47835
1.47783
1.46758
1.44929
1.42509
1.397
1.36765
1.34058
1.31984
1.3093
1.31138
1.32599
1.34949
1.37544
1.39756
1.4122
1.41884
1.41922
1.41552
1.40913
1.4004
1.39049
1.38276
1.38199
1.39148
1.41011
1.43285
1.45444
1.47272
1.48867
1.50333
1.51506
1.51963
1.51324
1.49574
1.47177
1.44948
1.43729
1.4403
1.45768
1.48304
1.50721
1.52197
1.52271
1.50872
1.48169
1.44425
1.39979
1.35356
1.31274
1.28425
1.272
1.27565
1.29147
1.31414
1.33833
1.36017
1.37813
1.39302
1.40636
1.41833
1.42717
1.43171
1.43437
1.44036
1.45293
1.47089
1.49078
1.50899
1.52216
1.52726
1.52272
1.50958
1.49179
1.47509
1.46466
1.46334
1.47093
1.48502
1.50182
1.51616
1.52253
1.51767
1.50249
1.48172
1.46139
1.44594
1.43693
1.43278
1.42964
1.42349
1.41224
1.39667
1.37929
1.36265
1.34819
1.33646
1.32787
1.32302
1.32396
1.3344
1.35745
1.39174
1.43046
1.4656
1.49216
1.50824
1.51307
1.50569
1.48557
1.4547
1.42016
1.39438
1.39021
1.4133
1.45745
1.50756
1.54934
1.57583
1.58693
1.58613
1.57806
1.5673
1.55697
1.54782
1.53884
1.52799
1.51304
1.49248
1.46634
1.43675
1.40726
1.38139
1.36126
1.34721
1.33879
1.33578
1.33825
1.3458
1.35718
1.37103
1.38652
1.40275
1.41766
1.42832
1.43207
1.42805
1.41788
1.40554
1.39596
1.39225
1.39382
1.39831
1.40555
1.41839
1.43842
1.46146
1.47943
1.4861
1.48038
1.46596
1.44862
1.43397
1.42697
1.43185
1.4499
1.47797
1.50954
1.53764
1.55693
1.56371
1.55511
1.52941
1.48747
1.43375
1.37585
1.3225
1.28102
1.25599
1.24932
1.26064
1.28751
1.32651
1.37453
1.42803
1.48192
1.53047
1.56941
1.59674
1.61199
1.6149
1.60513
1.58314
1.55165
1.51541
1.48003
1.44993
1.42678
1.40961
1.39632
1.38549
1.37705
1.37207
1.37143
1.37479
1.38049
1.3865
1.39145
1.39525
1.39894
1.40357
1.41024
1.42121
1.43993
1.46796
1.50127
1.5295
1.54035
1.52675
1.49035
1.44014
1.38845
1.3461
1.3191
1.30829
1.31185
1.32801
1.3551
1.38994
1.42737
1.46145
1.48728
1.50182
1.50411
1.49546
1.47927
1.45996
1.44117
1.42448
1.40932
1.39421
1.37848
1.36364
1.35384
1.35477
1.3705
1.40035
1.43844
1.47661
1.50797
1.52829
1.53576
1.53068
1.51568
1.49598
1.4785
1.46936
1.47075
1.47981
1.49032
1.49603
1.49329
1.48228
1.46619
1.4492
1.43415
1.42171
1.41092
1.40017
1.3881
1.37427
1.35959
1.34601
1.336
1.33197
1.3357
1.34757
1.36638
1.38973
1.41443
1.43672
1.45263
1.45873
1.45306
1.43596
1.41025
1.38099
1.3541
1.33458
1.32502
1.32564
1.33545
1.35291
1.37551
1.39905
1.41874
1.43144
1.43715
1.43802
1.43638
1.43343
1.42915
1.42375
1.41935
1.42027
1.43079
1.45143
1.47737
1.50078
1.51483
1.51633
1.50618
1.48854
1.46993
1.45626
1.44917
1.44552
1.44129
1.43524
1.42909
1.42451
1.42114
1.41677
1.40945
1.39829
1.38349
1.36654
1.35109
1.34266
1.34612
1.36257
1.38902
1.42112
1.45546
1.49003
1.52299
1.55209
1.57562
1.59369
1.60777
1.61808
1.62206
1.61591
1.59759
1.56821
1.53168
1.49367
1.46029
1.43602
1.42178
1.41445
1.40833
1.39839
1.38301
1.36471
1.34824
1.33772
1.33447
1.33791
1.34794
1.36486
1.3869
1.41012
1.43068
1.44559
1.45276
1.45189
1.44541
1.43801
1.43497
1.44052
1.45736
1.48456
1.51502
1.53873
1.54909
1.54495
1.52853
1.50365
1.476
1.45315
1.44037
1.43594
1.43334
1.42713
1.41549
1.39936
1.38138
1.36491
1.35366
1.35121
1.35974
1.3784
1.40333
1.42858
1.44726
1.45325
1.44414
1.42302
1.39618
1.36862
1.34255
1.32008
1.30466
1.30015
1.30942
1.33365
1.3717
1.41961
1.47075
1.51708
1.55176
1.5706
1.57229
1.55784
1.53082
1.49752
1.46528
1.43885
1.41815
1.39961
1.37993
1.35911
1.34063
1.32957
1.32997
1.34305
1.36727
1.39926
1.4345
1.46815
1.49572
1.51387
1.52085
1.51692
1.50472
1.48921
1.47701
1.47431
1.48444
1.50602
1.53362
1.56043
1.58088
1.59133
1.58972
1.57578
1.55162
1.52091
1.48662
1.45028
1.41353
1.37946
1.35205
1.33429
1.32588
1.32267
1.31857
1.30939
1.29718
1.29151
1.30359
1.33518
1.37552
1.41045
1.43189
1.43959
1.43767
1.43094
1.42313
1.41688
1.41424
1.41671
1.42495
1.43852
1.4557
1.47396
1.49099
1.50547
1.51671
1.52296
1.52162
1.5115
1.49419
1.47353
1.4547
1.44288
1.44153
1.45039
1.46488
1.47743
1.4806
1.46988
1.44493
1.4092
1.36877
1.33129
1.30469
1.29465
1.30135
1.31848
1.3358
1.34446
1.34193
1.33198
1.31935
1.30593
1.29292
1.28435
1.28648
1.30376
1.33531
1.37461
1.4122
1.43969
1.45358
1.45674
1.4566
1.46127
1.476
1.50175
1.53587
1.57345
1.60874
1.63594
1.6504
1.65019
1.63705
1.61529
1.5903
1.56632
1.54473
1.52354
1.49835
1.46495
1.4226
1.37601
1.33385
1.30413
1.29063
1.29332
1.30984
1.33589
1.3669
1.40051
1.43687
1.47637
1.51717
1.5545
1.58177
1.59244
1.58218
1.5509
1.50405
1.45213
1.40703
1.37671
1.36199
1.35877
1.36233
1.36974
1.37929
1.38857
1.39416
1.39312
1.38523
1.37404
1.36599
1.36775
1.38285
1.41015
1.44487
1.48077
1.51205
1.53449
1.54585
1.54581
1.53564
1.51734
1.49282
1.46396
1.43353
1.40611
1.38689
1.37856
1.37995
1.38834
1.402
1.42081
1.44489
1.47285
1.50103
1.52459
1.539
1.541
1.52857
1.50224
1.46663
1.43076
1.40512
1.39643
1.40383
1.42072
1.43979
1.45492
1.46078
1.45345
1.43206
1.39999
1.36385
1.33096
1.30745
1.298
1.30563
1.32979
1.36547
1.40534
1.44336
1.47625
1.50295
1.52347
1.53813
1.54701
1.54954
1.54489
1.53303
1.51613
1.49826
1.48306
1.47129
1.46064
1.44762
1.42961
1.4064
1.38064
1.3579
1.3447
1.3454
1.36054
1.38661
1.41758
1.4481
1.47493
1.49571
1.50742
1.50709
1.4937
1.46953
1.44033
1.41334
1.39376
1.38178
1.3736
1.36538
1.356
1.34597
1.33563
1.32628
1.3217
1.32693
1.34498
1.37453
1.41012
1.44445
1.47157
1.48935
1.49953
1.50471
1.50523
1.49994
1.48878
1.4739
1.45877
1.44608
1.43584
1.42567
1.41274
1.39558
1.37659
1.36326
1.36508
1.38696
1.42559
1.47212
1.5174
1.5549
1.58078
1.59225
1.58623
1.55967
1.51242
1.45136
1.39137
1.3493
1.33417
1.34359
1.36941
1.40336
1.43857
1.46934
1.49117
1.5012
1.49881
1.48617
1.46791
1.44918
1.43373
1.42341
1.4193
1.42246
1.4335
1.45142
1.4729
1.49236
1.50335
1.50104
1.48453
1.45776
1.4282
1.40348
1.3877
1.38029
1.37813
1.37855
1.38097
1.3874
1.40091
1.42307
1.45107
1.47685
1.49029
1.48408
1.45762
1.41823
1.3783
1.34893
1.33559
1.33827
1.3536
1.37674
1.40378
1.43252
1.46154
1.48908
1.51264
1.52948
1.53729
1.53508
1.52417
1.50826
1.49229
1.48107
1.47839
1.48617
1.50315
1.52489
1.54533
1.55891
1.56199
1.55319
1.53331
1.50512
1.47292
1.44141
1.4137
1.38974
1.36714
1.34382
1.32033
1.30084
1.29231
1.30052
1.32563
1.36175
1.40022
1.43285
1.45374
1.46039
1.45425
1.44033
1.42513
1.41437
1.41104
1.41482
1.42262
1.43004
1.43312
1.42959
1.41911
1.40249
1.3813
1.35812
1.33698
1.32242
1.31747
1.32204
1.33335
1.34822
1.36445
1.38094
1.39669
1.40981
1.41757
1.41751
1.40899
1.39362
1.37493
1.35783
1.34761
1.34842
1.36155
1.38561
1.4177
1.45431
1.49159
1.52529
1.55107
1.56559
1.56732
1.55696
1.53726
1.51292
1.49029
1.47567
1.47232
1.47889
1.49085
1.50309
1.51116
1.51102
1.49874
1.47218
1.43407
1.39382
1.36271
1.34517
1.33816
1.33732
1.34093
1.35007
1.36701
1.39317
1.42696
1.46296
1.49388
1.5137
1.51995
1.51455
1.50318
1.49265
1.4869
1.48469
1.48089
1.47047
1.45193
1.42785
1.40336
1.38449
1.3772
1.3859
1.41103
1.44798
1.4894
1.52823
1.55966
1.5807
1.58948
1.58497
1.56753
1.53954
1.50576
1.47256
1.4465
1.43224
1.43072
1.40047
1.41255
1.42315
1.42726
1.42202
1.40642
1.38107
1.34891
1.31653
1.29292
1.28512
1.29352
1.31169
1.33133
1.34767
1.36126
1.37632
1.39731
1.42562
1.45889
1.49264
1.52247
1.54511
1.55821
1.55975
1.54805
1.52266
1.4853
1.43985
1.39252
1.35199
1.32727
1.32349
1.33928
1.36787
1.40034
1.42768
1.44193
1.43756
1.41325
1.37361
1.32896
1.29176
1.27081
1.26806
1.28046
1.30405
1.33557
1.37192
1.40914
1.44313
1.47164
1.49636
1.5208
1.5442
1.55952
1.55994
1.5443
1.51701
1.4853
1.45613
1.43433
1.42234
1.42017
1.42452
1.42964
1.43106
1.42846
1.42473
1.42292
1.4238
1.42603
1.42717
1.42448
1.41582
1.40083
1.38191
1.36382
1.35134
1.3466
1.34822
1.35275
1.35619
1.35516
1.34775
1.33462
1.31962
1.30913
1.30911
1.32055
1.33757
1.35139
1.3559
1.3502
1.33795
1.32515
1.31767
1.31943
1.33182
1.35413
1.38402
1.41797
1.45188
1.48163
1.50414
1.51776
1.52236
1.51877
1.50796
1.49051
1.46687
1.43798
1.40632
1.37645
1.35382
1.34219
1.34175
1.34983
1.36265
1.3763
1.38738
1.3942
1.39836
1.40516
1.42146
1.45108
1.49126
1.53423
1.57188
1.59872
1.61194
1.6107
1.59572
1.56911
1.53418
1.49481
1.45489
1.41792
1.38655
1.36195
1.34373
1.33064
1.32205
1.3186
1.32067
1.32633
1.33129
1.33167
1.3264
1.31721
1.30647
1.29512
1.28319
1.27235
1.26743
1.274
1.2945
1.32611
1.36203
1.39431
1.41661
1.42599
1.42351
1.41378
1.40324
1.3974
1.39902
1.40806
1.42313
1.44273
1.46584
1.49099
1.51516
1.53348
1.54036
1.5315
1.50587
1.46633
1.41817
1.36737
1.32085
1.28719
1.2748
1.28817
1.32505
1.37726
1.43454
1.48823
1.53234
1.56299
1.57827
1.57823
1.56478
1.54146
1.51341
1.48726
1.46975
1.46486
1.47169
1.48502
1.49809
1.50527
1.5031
1.49042
1.46823
1.43908
1.40599
1.37175
1.33959
1.31365
1.29788
1.29388
1.30009
1.31285
1.32894
1.34704
1.36728
1.38968
1.41246
1.43213
1.44489
1.44875
1.4443
1.43445
1.42327
1.4147
1.41113
1.41199
1.41331
1.41002
1.39971
1.3845
1.36958
1.36016
1.35927
1.36745
1.38349
1.40509
1.42944
1.45333
1.4732
1.48596
1.4906
1.48932
1.487
1.48837
1.49526
1.50553
1.51403
1.51547
1.5073
1.49021
1.46689
1.43994
1.41123
1.38224
1.35475
1.3311
1.31467
1.30987
1.32073
1.34804
1.38753
1.43162
1.47304
1.50715
1.53196
1.54759
1.55564
1.55842
1.55779
1.55457
1.54846
1.53875
1.52471
1.50575
1.48164
1.45302
1.42142
1.38907
1.35857
1.33271
1.31355
1.30126
1.29338
1.28655
1.27899
1.2716
1.26707
1.26845
1.27807
1.29713
1.3252
1.35967
1.39541
1.42619
1.44785
1.46065
1.46844
1.47576
1.48465
1.49314
1.49613
1.48946
1.47341
1.45264
1.43283
1.41712
1.40578
1.39885
1.39795
1.40521
1.42083
1.44205
1.46451
1.48425
1.49834
1.50447
1.50123
1.48895
1.47029
1.44978
1.43291
1.42446
1.42604
1.43479
1.44456
1.44902
1.44392
1.42789
1.40232
1.37042
1.33686
1.3077
1.2895
1.28666
1.29886
1.32081
1.34469
1.36319
1.37176
1.36962
1.35948
1.34616
1.33511
1.33149
1.33859
1.35429
1.37021
1.38018
1.38864
1.40566
1.43396
1.46747
1.50004
1.52877
1.55203
1.56784
1.57433
1.57076
1.55802
1.53818
1.51354
1.48536
1.45349
1.4174
1.37836
1.34122
1.31365
1.30303
1.31225
1.33692
1.36664
1.38945
1.39661
1.38545
1.36019
1.33119
1.31177
1.3128
1.33721
1.37818
1.42219
1.45585
1.47193
1.47109
1.45894
1.44206
1.42453
1.40735
1.39036
1.37493
1.36527
1.36723
1.3852
1.41896
1.4627
1.50736
1.54541
1.57335
1.59032
1.59519
1.5861
1.56267
1.52844
1.49098
1.45841
1.43336
1.41224
1.3913
1.37034
1.35105
1.33581
1.32797
1.33058
1.34313
1.36014
1.37477
1.38356
1.38789
1.39228
1.40263
1.42372
1.45451
1.48646
1.50918
1.51642
1.50738
1.48542
1.45628
1.42633
1.40151
1.38694
1.38609
1.39905
1.42109
1.44434
1.46138
1.46853
1.46672
1.46106
1.45829
1.46162
1.46718
1.4669
1.45398
1.42635
1.38787
1.34779
1.31709
1.30262
1.30345
1.31243
1.32189
1.32886
1.33672
1.3513
1.3746
1.40392
1.43619
1.47009
1.50389
1.53406
1.55634
1.56802
1.56907
1.56182
1.54961
1.5355
1.52156
1.50883
1.49727
1.4858
1.47278
1.45713
1.43924
1.42099
1.40503
1.39366
1.38797
1.38713
1.38845
1.38859
1.38584
1.38115
1.3773
1.37634
1.37753
1.37758
1.37311
1.36248
1.34644
1.32769
1.30961
1.29472
1.28374
1.2757
1.26955
1.26633
1.26939
1.28217
1.30484
1.33383
1.36426
1.39189
1.41354
1.42746
1.43335
1.43221
1.42609
1.41822
1.4126
1.41276
1.42032
1.43431
1.45212
1.47061
1.48661
1.49643
1.49606
1.48201
1.45258
1.40917
1.35722
1.30579
1.26518
1.24348
1.24382
1.26389
1.29755
1.33792
1.37997
1.42105
1.45891
1.48949
1.50755
1.51013
1.4992
1.481
1.46269
1.44956
1.44434
1.44736
1.45665
1.46808
1.47618
1.47575
1.46359
1.44032
1.41225
1.39102
1.38846
1.40903
1.44656
1.4886
1.52358
1.54478
1.55036
1.54146
1.52034
1.48942
1.45141
1.40996
1.36975
1.33615
1.3137
1.30465
1.30832
1.32193
1.34107
1.35994
1.37249
1.37477
1.36642
1.35135
1.33746
1.3352
1.35252
1.38832
1.43249
1.47352
1.50461
1.52399
1.53267
1.53235
1.52406
1.50792
1.4839
1.45322
1.41914
1.38709
1.36352
1.35349
1.35824
1.37427
1.39496
1.41322
1.42386
1.42438
1.41451
1.39562
1.37085
1.34588
1.3284
1.32503
1.3377
1.36404
1.39909
1.43519
1.46324
1.47746
1.47874
1.47295
1.4656
1.45804
1.44846
1.43556
1.42124
1.41017
1.40725
1.41447
1.42958
1.44719
1.46139
1.46801
1.46538
1.45373
1.43426
1.40924
1.38225
1.35786
1.33998
1.33026
1.32731
1.32767
1.32801
1.32719
1.32676
1.32966
1.33817
1.35276
1.37196
1.39325
1.41392
1.43096
1.44082
1.44032
1.42839
1.40718
1.38221
1.36148
1.35246
1.35852
1.37755
1.40437
1.43398
1.46336
1.49146
1.51805
1.54208
1.56056
1.56896
1.56269
1.53888
1.49824
1.44624
1.39223
1.3458
1.31278
1.2937
1.28515
1.28256
1.28277
1.2851
1.29099
1.30321
1.32393
1.35167
1.38044
1.4028
1.41444
1.41634
1.41401
1.41446
1.42255
1.43854
1.45814
1.47485
1.48318
1.48128
1.47155
1.45859
1.44653
1.43817
1.43548
1.43938
1.44887
1.46082
1.47119
1.47658
1.47497
1.46601
1.45129
1.43456
1.42044
1.41207
1.40951
1.41055
1.41272
1.41461
1.41563
1.41561
1.4147
1.41356
1.41269
1.41136
1.40776
1.40022
1.38912
1.37774
1.37077
1.37097
1.3768
1.38375
1.38727
1.38493
1.37696
1.36555
1.35373
1.34404
1.33787
1.33527
1.33481
1.33388
1.32977
1.3216
1.31132
1.30291
1.29997
1.3039
1.31387
1.32829
1.34625
1.36775
1.39315
1.42254
1.45474
1.48595
1.51001
1.52125
1.51713
1.49895
1.47083
1.4382
1.40673
1.38144
1.36649
1.36512
1.3792
1.40746
1.44444
1.48239
1.51493
1.53868
1.55274
1.55648
1.54788
1.52401
1.48309
1.42688
1.36249
1.30368
1.2696
1.27616
1.3224
1.38796
1.44762
1.4858
1.49963
1.49478
1.47894
1.45706
1.43111
1.40318
1.37916
1.36926
1.3803
1.40647
1.43279
1.44625
1.44188
1.42223
1.39383
1.36395
1.33905
1.32419
1.32213
1.33245
1.35249
1.37896
1.4089
1.43981
1.46863
1.49104
1.5024
1.4998
1.48389
1.45908
1.43175
1.40731
1.38811
1.37398
1.36444
1.35992
1.36161
1.36984
1.38219
1.39303
1.3954
1.38435
1.36016
1.33012
1.30617
1.29819
1.30922
1.33623
1.37365
1.41482
1.45283
1.4822
1.50011
1.50634
1.50231
1.49089
1.4764
1.46445
1.46054
1.46823
1.4866
1.50935
1.52785
1.53586
1.5314
1.51551
1.49048
1.45881
1.42286
1.38453
1.34635
1.31273
1.28993
1.28296
1.29186
1.31155
1.33452
1.35328
1.36202
1.35904
1.34884
1.33983
1.33814
1.34273
1.34702
1.34462
1.33381
1.31859
1.30646
1.30448
1.31559
1.33782
1.36613
1.39525
1.42118
1.44174
1.45656
1.46716
1.47527
1.48048
1.48045
1.47343
1.45961
1.44057
1.4184
1.39546
1.37421
1.35713
1.34644
1.34397
1.35098
1.36792
1.39405
1.42664
1.46063
1.48922
1.50548
1.50423
1.48393
1.44817
1.40537
1.36553
1.33571
1.31769
1.30954
1.30899
1.31577
1.33087
1.3535
1.37953
1.40369
1.42252
1.43555
1.44566
1.45817
1.47733
1.50249
1.52886
1.55137
1.56701
1.57425
1.57181
1.55846
1.53376
1.49882
1.45718
1.41434
1.3762
1.3469
1.32763
1.31685
1.31101
1.30615
1.29962
1.29147
1.28421
1.28158
1.2871
1.30272
1.32805
1.36019
1.39408
1.42404
1.44523
1.45472
1.45244
1.44161
1.428
1.41745
1.41329
1.4153
1.42118
1.42809
1.43365
1.43602
1.43395
1.42692
1.41533
1.4006
1.38472
1.3691
1.35387
1.33975
1.33034
1.33074
1.34198
1.35989
1.37969
1.39898
1.41695
1.43286
1.44559
1.45376
1.45631
1.45272
1.44305
1.42802
1.40918
1.38892
1.37058
1.35817
1.35523
1.36267
1.37751
1.39405
1.40617
1.40965
1.40364
1.39136
1.38007
1.3789
1.39432
1.42608
1.46707
1.50702
1.53694
1.55173
1.55114
1.539
1.52061
1.49975
1.47704
