-5.85725
-5.81769
-5.78424
-5.76328
-5.75149
-5.75552
-5.77184
-5.79577
-5.81973
-5.84002
-5.85117
-5.85063
-5.84623
-5.84039
-5.83874
-5.84638
-5.8677
-5.89132
-5.9134
-5.92071
-5.91196
-5.88991
-5.85359
-5.81225
-5.78038
-5.76188
-5.76962
-5.79896
-5.84645
-5.90223
-5.95743
-6.008
-6.04501
-6.06937
-6.07703
-6.06991
-6.04861
-6.01872
-5.97896
-5.93675
-5.89522
-5.85694
-5.82448
-5.79486
-5.76778
-5.7404
-5.71459
-5.69253
-5.68735
-5.70392
-5.74692
-5.80513
-5.86546
-5.9201
-5.95907
-5.97882
-5.9812
-5.9688
-5.95563
-5.94162
-5.93633
-5.94111
-5.95995
-5.9903
-6.01542
-6.02325
-6.00779
-5.97517
-5.93171
-5.887
-5.85041
-5.83054
-5.8263
-5.82799
-5.83158
-5.83869
-5.85009
-5.8602
-5.86801
-5.86898
-5.86587
-5.86464
-5.86485
-5.86878
-5.87389
-5.87439
-5.87111
-5.86869
-5.86788
-5.87576
-5.89411
-5.91379
-5.93511
-5.94661
-5.95407
-5.95374
-5.94827
-5.93817
-5.92824
-5.92115
-5.91484
-5.90636
-5.8986
-5.89132
-5.88614
-5.88258
-5.87719
-5.87288
-5.86063
-5.84359
-5.82716
-5.81995
-5.82159
-5.8337
-5.84956
-5.86424
-5.88153
-5.89867
-5.91553
-5.92578
-5.922
-5.90414
-5.8708
-5.83002
-5.78297
-5.7366
-5.70303
-5.69008
-5.69899
-5.72868
-5.76777
-5.80562
-5.8364
-5.86293
-5.88171
-5.89321
-5.89865
-5.89574
-5.88661
-5.86787
-5.8402
-5.80787
-5.78164
-5.76686
-5.7553
-5.75901
-5.77457
-5.80174
-5.83874
-5.88015
-5.92707
-5.96896
-6.00301
-6.02844
-6.03875
-6.03102
-6.01043
-5.97686
-5.93958
-5.90304
-5.87283
-5.85024
-5.84017
-5.83496
-5.83764
-5.84613
-5.86465
-5.88705
-5.90982
-5.92619
-5.93162
-5.92466
-5.90129
-5.86717
-5.82493
-5.78398
-5.7504
-5.72368
-5.70936
-5.7033
-5.70701
-5.71319
-5.71837
-5.72358
-5.73148
-5.74657
-5.76654
-5.7978
-5.8314
-5.86169
-5.88547
-5.90516
-5.92682
-5.95116
-5.97761
-6.00784
-6.03256
-6.04964
-6.05909
-6.05579
-6.04512
-6.02967
-6.01339
-6.00439
-6.00115
-6.00226
-6.00268
-5.99815
-5.9915
-5.97845
-5.9685
-5.9564
-5.93973
-5.91848
-5.89104
-5.85415
-5.80151
-5.73915
-5.68159
-5.64159
-5.63117
-5.64502
-5.67605
-5.70803
-5.74525
-5.78079
-5.81883
-5.85898
-5.9001
-5.94052
-5.97424
-5.98807
-5.98982
-5.97612
-5.94703
-5.91808
-5.89097
-5.87051
-5.85526
-5.8414
-5.8286
-5.81096
-5.79312
-5.78304
-5.78506
-5.80441
-5.84819
-5.9078
-5.97147
-6.02524
-6.06161
-6.07526
-6.0708
-6.0455
-6.00989
-5.9619
-5.90894
-5.86047
-5.82917
-5.82109
-5.84399
-5.88622
-5.9285
-5.96154
-5.9749
-5.96799
-5.94554
-5.91264
-5.87816
-5.84361
-5.81641
-5.79912
-5.79267
-5.79694
-5.80665
-5.81717
-5.82186
-5.82762
-5.83722
-5.85857
-5.88692
-5.91717
-5.94539
-5.96732
-5.9805
-5.97921
-5.96806
-5.94553
-5.92143
-5.896
-5.87556
-5.86171
-5.85172
-5.85341
-5.86528
-5.88951
-5.92093
-5.94819
-5.96159
-5.95733
-5.93116
-5.89334
-5.85354
-5.81962
-5.80598
-5.81807
-5.85105
-5.89607
-5.93729
-5.96982
-5.99511
-6.01704
-6.0379
-6.06183
-6.08928
-6.11245
-6.1286
-6.13996
-6.14492
-6.136
-6.10964
-6.06405
-6.00788
-5.9495
-5.9002
-5.86569
-5.851
-5.85081
-5.86326
-5.87513
-5.87414
-5.85445
-5.81095
-5.74646
-5.678
-5.61678
-5.57411
-5.54995
-5.54586
-5.5547
-5.56924
-5.58966
-5.61396
-5.64945
-5.69621
-5.75604
-5.82121
-5.8842
-5.92971
-5.95669
-5.96057
-5.94721
-5.92685
-5.90791
-5.89295
-5.88501
-5.88685
-5.89851
-5.91982
-5.94638
-5.97337
-5.99937
-6.02648
-6.05018
-6.0663
-6.07536
-6.08017
-6.08208
-6.08444
-6.08219
-6.06673
-6.03806
-5.99968
-5.94856
-5.894
-5.84084
-5.79694
-5.77516
-5.77325
-5.78671
-5.81045
-5.83855
-5.86322
-5.89322
-5.92837
-5.96354
-5.99782
-6.018
-6.02073
-6.00108
-5.96318
-5.91325
-5.86643
-5.83613
-5.82642
-5.83742
-5.86246
-5.8888
-5.91382
-5.92729
-5.92819
-5.9117
-5.89217
-5.8739
-5.86685
-5.87095
-5.88002
-5.89606
-5.91772
-5.94253
-5.96751
-5.98686
-5.99483
-5.99635
-5.98776
-5.97508
-5.96094
-5.94686
-5.93306
-5.92
-5.90262
-5.88
-5.85438
-5.83332
-5.82159
-5.82255
-5.82789
-5.83006
-5.82239
-5.80973
-5.7946
-5.79389
-5.81985
-5.87374
-5.94195
-6.01605
-6.08299
-6.12681
-6.1463
-6.13626
-6.09386
-6.02121
-5.93421
-5.84368
-5.76412
-5.71465
-5.69836
-5.7096
-5.73545
-5.76795
-5.7966
-5.81988
-5.83926
-5.84789
-5.85059
-5.84241
-5.83035
-5.82309
-5.8255
-5.84326
-5.87621
-5.91819
-5.96254
-6.00615
-6.04122
-6.06538
-6.07467
-6.07073
-6.05383
-6.0333
-6.00818
-5.97861
-5.94776
-5.91477
-5.88485
-5.86226
-5.84694
-5.84346
-5.84539
-5.84691
-5.8444
-5.84116
-5.84416
-5.85481
-5.87035
-5.88108
-5.88342
-5.86556
-5.82831
-5.77927
-5.726
-5.69203
-5.68718
-5.71095
-5.7604
-5.83028
-5.91094
-5.98684
-6.04817
-6.08493
-6.0966
-6.09215
-6.07832
-6.06325
-6.05077
-6.04191
-6.03211
-6.0157
-5.99359
-5.97099
-5.95534
-5.94911
-5.95369
-5.95939
-5.95805
-5.94116
-5.90373
-5.85525
-5.80325
-5.75967
-5.72935
-5.71949
-5.73055
-5.76503
-5.81747
-5.87462
-5.92638
-5.96149
-5.97569
-5.96676
-5.9405
-5.90464
-5.87567
-5.85756
-5.86233
-5.88765
-5.92844
-5.97483
-6.02565
-6.07324
-6.11013
-6.12664
-6.11866
-6.0933
-6.05128
-5.99178
-5.9232
-5.85028
-5.77926
-5.72024
-5.67948
-5.66024
-5.65896
-5.67287
-5.68914
-5.70656
-5.72508
-5.74953
-5.77936
-5.81499
-5.84974
-5.87639
-5.88733
-5.88154
-5.85828
-5.8202
-5.76929
-5.718
-5.67226
-5.63542
-5.61868
-5.62196
-5.64525
-5.68901
-5.75189
-5.81935
-5.88753
-5.94957
-6.00341
-6.04616
-6.08041
-6.10827
-6.12803
-6.14443
-6.15229
-6.1532
-6.14416
-6.12475
-6.0927
-6.04845
-5.99836
-5.94644
-5.89942
-5.85682
-5.81787
-5.78978
-5.77123
-5.76602
-5.77084
-5.78671
-5.80802
-5.83053
-5.85711
-5.88253
-5.90572
-5.91743
-5.91567
-5.90424
-5.88849
-5.87613
-5.8756
-5.87875
-5.88426
-5.88455
-5.88402
-5.88171
-5.88021
-5.87713
-5.87416
-5.87413
-5.8761
-5.87972
-5.88385
-5.89136
-5.89489
-5.89515
-5.8917
-5.88554
-5.87539
-5.86547
-5.85761
-5.86173
-5.89181
-5.94805
-6.01446
-6.07407
-6.10729
-6.10839
-6.07561
-6.02226
-5.95594
-5.8976
-5.86146
-5.86213
-5.90179
-5.96167
-6.01938
-6.06063
-6.07495
-6.07371
-6.05867
-6.03947
-6.01963
-5.99636
-5.97058
-5.94038
-5.90612
-5.86694
-5.83322
-5.80831
-5.79866
-5.80161
-5.80935
-5.81579
-5.81963
-5.80967
-5.79325
-5.76935
-5.74637
-5.72861
-5.73052
-5.74641
-5.77395
-5.80286
-5.81991
-5.81748
-5.80638
-5.7946
-5.79828
-5.81519
-5.84264
-5.87242
-5.90263
-5.93659
-5.96196
-5.98006
-5.98545
-5.98077
-5.96296
-5.93888
-5.91246
-5.89024
-5.87588
-5.87304
-5.88471
-5.90205
-5.91709
-5.92825
-5.93231
-5.93036
-5.92721
-5.92151
-5.91432
-5.91074
-5.90454
-5.89669
-5.88709
-5.87296
-5.8647
-5.86428
-5.87032
-5.88077
-5.89782
-5.92462
-5.95213
-5.97852
-5.99844
-6.00929
-6.01127
-6.00338
-5.99223
-5.97905
-5.96855
-5.95827
-5.94876
-5.93684
-5.92
-5.89514
-5.86228
-5.82591
-5.79442
-5.77523
-5.76692
-5.76169
-5.75667
-5.74807
-5.73788
-5.72975
-5.72577
-5.72561
-5.72559
-5.72433
-5.71156
-5.69256
-5.66636
-5.63048
-5.58974
-5.54883
-5.5177
-5.50507
-5.51587
-5.55001
-5.60058
-5.66498
-5.73487
-5.8054
-5.87746
-5.95017
-6.02133
-6.08545
-6.14461
-6.19133
-6.22711
-6.24814
-6.25405
-6.2426
-6.21868
-6.18128
-6.14004
-6.0966
-6.05874
-6.02778
-5.99884
-5.96728
-5.93033
-5.88713
-5.85391
-5.83255
-5.82859
-5.83205
-5.84042
-5.84661
-5.85085
-5.8526
-5.85552
-5.85869
-5.86729
-5.87792
-5.88689
-5.89596
-5.90138
-5.90494
-5.90591
-5.909
-5.91844
-5.92909
-5.94152
-5.9527
-5.95205
-5.94388
-5.92863
-5.91589
-5.90756
-5.90458
-5.90589
-5.90878
-5.91658
-5.92644
-5.94113
-5.95168
-5.95376
-5.94608
-5.92277
-5.9038
-5.88114
-5.85946
-5.84444
-5.82804
-5.80817
-5.78752
-5.76925
-5.76248
-5.78063
-5.82604
-5.89017
-5.95601
-6.01114
-6.03998
-6.04045
-6.01337
-5.96418
-5.89357
-5.81097
-5.72851
-5.65493
-5.61435
-5.60933
-5.63518
-5.67816
-5.72209
-5.75768
-5.78266
-5.79767
-5.80679
-5.81406
-5.82364
-5.82911
-5.83359
-5.83592
-5.84349
-5.85329
-5.86657
-5.87954
-5.89246
-5.90802
-5.92592
-5.94761
-5.96761
-5.98489
-5.98845
-5.9823
-5.96217
-5.93387
-5.91254
-5.90287
-5.90942
-5.92686
-5.94473
-5.95578
-5.95676
-5.95165
-5.94109
-5.93925
-5.94515
-5.96009
-5.99289
-6.02706
-6.05673
-6.07389
-6.07299
-6.05517
-6.02301
-5.98135
-5.93745
-5.89851
-5.8672
-5.84581
-5.836
-5.84292
-5.86941
-5.91077
-5.96076
-6.01257
-6.05393
-6.0755
-6.07057
-6.04303
-5.99917
-5.94678
-5.89254
-5.84302
-5.80052
-5.76541
-5.73376
-5.70045
-5.66932
-5.64197
-5.622
-5.62024
-5.64193
-5.68404
-5.7356
-5.78183
-5.80475
-5.80786
-5.79123
-5.76619
-5.74746
-5.74027
-5.74165
-5.74613
-5.75934
-5.77777
-5.80596
-5.84462
-5.89106
-5.94383
-5.99862
-6.05173
-6.0963
-6.12589
-6.13443
-6.12269
-6.09072
-6.04121
-5.98314
-5.92303
-5.86813
-5.82022
-5.79004
-5.77832
-5.78985
-5.81692
-5.85198
-5.88476
-5.90662
-5.91111
-5.90326
-5.88324
-5.85147
-5.81624
-5.78262
-5.75773
-5.74864
-5.75483
-5.7637
-5.77386
-5.77445
-5.77334
-5.78679
-5.82058
-5.87825
-5.93982
-5.99111
-6.01843
-6.01572
-5.9884
-5.94319
-5.89711
-5.86005
-5.83794
-5.83122
-5.83361
-5.843
-5.8501
-5.85765
-5.85999
-5.86134
-5.86062
-5.85414
-5.84443
-5.82542
-5.79847
-5.77377
-5.75523
-5.75015
-5.75916
-5.77749
-5.79896
-5.81331
-5.82595
-5.83541
-5.84468
-5.85716
-5.86602
-5.8739
-5.8777
-5.88083
-5.88771
-5.90555
-6.02313
-6.03516
-6.03176
-6.01633
-5.98906
-5.95551
-5.92609
-5.90366
-5.8955
-5.90085
-5.9084
-5.92209
-5.9351
-5.94659
-5.96096
-5.97625
-5.99164
-6.00121
-5.99955
-5.982
-5.9532
-5.92249
-5.90191
-5.89835
-5.91247
-5.94286
-5.98346
-6.02103
-6.04889
-6.05371
-6.03724
-5.99917
-5.94846
-5.89551
-5.85269
-5.83184
-5.84018
-5.87817
-5.93441
-5.99836
-6.05735
-6.09908
-6.11519
-6.10595
-6.07324
-6.02464
-5.96081
-5.89061
-5.81959
-5.75711
-5.70687
-5.66705
-5.64584
-5.64599
-5.66084
-5.68614
-5.7207
-5.75656
-5.79623
-5.838
-5.88078
-5.91935
-5.95591
-5.98505
-6.00509
-6.01841
-6.01888
-6.01743
-6.00872
-5.9983
-5.98874
-5.98496
-5.99144
-6.00769
-6.02493
-6.03771
-6.04389
-6.03244
-6.00559
-5.97154
-5.94079
-5.91699
-5.91239
-5.93058
-5.96641
-5.99912
-6.02133
-6.02697
-6.01146
-5.97866
-5.93838
-5.90104
-5.86931
-5.85915
-5.86537
-5.8925
-5.93508
-5.99142
-6.0491
-6.10305
-6.14691
-6.17488
-6.18065
-6.15751
-6.10902
-6.04695
-5.98823
-5.94136
-5.90608
-5.87887
-5.85908
-5.8376
-5.81851
-5.80817
-5.80725
-5.81165
-5.8174
-5.81927
-5.82017
-5.82499
-5.84007
-5.86996
-5.90618
-5.93503
-5.95306
-5.95309
-5.9381
-5.90574
-5.86678
-5.8245
-5.78945
-5.76606
-5.76599
-5.78665
-5.82095
-5.86302
-5.90842
-5.94762
-5.97955
-5.99653
-6.00786
-6.00571
-5.99349
-5.97439
-5.94685
-5.91243
-5.87589
-5.84726
-5.84058
-5.8644
-5.92578
-6.01463
-6.10781
-6.18996
-6.25139
-6.28335
-6.29247
-6.27858
-6.24538
-6.20126
-6.14521
-6.09069
-6.04481
-6.00331
-5.96975
-5.93638
-5.89855
-5.85613
-5.80895
-5.7662
-5.73724
-5.72727
-5.74855
-5.78976
-5.8377
-5.87287
-5.89262
-5.89108
-5.87762
-5.86654
-5.86359
-5.86658
-5.87412
-5.87704
-5.87037
-5.86005
-5.83995
-5.81849
-5.79044
-5.76287
-5.7342
-5.71551
-5.71097
-5.72632
-5.76371
-5.82097
-5.8871
-5.95169
-6.01092
-6.05697
-6.08829
-6.11108
-6.12044
-6.12122
-6.11624
-6.10037
-6.07608
-6.04529
-6.01609
-6.0021
-6.0095
-6.03579
-6.05686
-6.06902
-6.0684
-6.05417
-6.03518
-6.01657
-5.99809
-5.98474
-5.97533
-5.97249
-5.97551
-5.98214
-5.99179
-6.00168
-6.00497
-5.99912
-5.98428
-5.957
-5.91689
-5.86539
-5.80278
-5.74766
-5.70568
-5.68801
-5.70659
-5.76013
-5.83765
-5.92429
-6.00752
-6.07
-6.11157
-6.13776
-6.15187
-6.15141
-6.13606
-6.10629
-6.06757
-6.00907
-5.93957
-5.86491
-5.79509
-5.74185
-5.71392
-5.7148
-5.73911
-5.77467
-5.81639
-5.85714
-5.89582
-5.9289
-5.96074
-5.98236
-5.99121
-5.97934
-5.94662
-5.90178
-5.85653
-5.82246
-5.80705
-5.81603
-5.83573
-5.86201
-5.88046
-5.89151
-5.90086
-5.91342
-5.92993
-5.94775
-5.9639
-5.97808
-5.98682
-5.992
-5.99063
-5.97715
-5.94819
-5.91332
-5.88021
-5.86004
-5.85172
-5.86216
-5.88455
-5.91476
-5.94856
-5.99171
-6.04278
-6.1026
-6.16362
-6.21871
-6.25602
-6.26822
-6.26193
-6.22876
-6.17403
-6.10118
-6.02197
-5.94112
-5.86368
-5.80279
-5.76373
-5.74954
-5.75263
-5.76957
-5.79348
-5.82649
-5.8654
-5.91435
-5.97362
-6.03567
-6.09571
-6.14728
-6.18277
-6.19869
-6.19127
-6.15863
-6.10174
-6.02734
-5.93923
-5.84733
-5.76355
-5.69473
-5.65187
-5.63064
-5.62706
-5.64426
-5.67369
-5.71093
-5.75506
-5.79786
-5.83484
-5.86504
-5.88405
-5.89275
-5.89713
-5.9034
-5.91646
-5.93726
-5.96959
-6.00243
-6.03038
-6.05289
-6.06209
-6.06266
-6.04881
-6.02589
-6.00572
-5.9877
-5.97753
-5.9772
-5.98296
-5.99709
-6.01006
-6.01891
-6.02187
-6.019
-6.01719
-6.01161
-6.01272
-6.01524
-6.0182
-6.023
-6.02358
-6.01903
-6.01008
-5.99838
-5.98859
-5.97642
-5.96222
-5.94782
-5.92824
-5.90017
-5.86178
-5.81892
-5.7762
-5.74818
-5.73773
-5.74815
-5.77887
-5.82172
-5.86836
-5.91345
-5.94707
-5.96823
-5.97246
-5.95639
-5.92711
-5.88609
-5.84451
-5.81297
-5.80153
-5.81434
-5.84484
-5.88432
-5.92182
-5.95233
-5.97453
-5.98361
-5.97458
-5.94696
-5.89971
-5.8388
-5.7717
-5.70992
-5.66505
-5.63712
-5.62676
-5.63444
-5.65515
-5.6874
-5.72836
-5.77108
-5.8185
-5.86727
-5.92069
-5.96711
-6.00354
-6.02274
-6.03148
-6.02913
-6.02029
-6.01229
-6.00851
-6.005
-6.00141
-5.9959
-5.98565
-5.96895
-5.94672
-5.92225
-5.89863
-5.88457
-5.88726
-5.90888
-5.95214
-6.00326
-6.05293
-6.08568
-6.09089
-6.06853
-6.02536
-5.97121
-5.91498
-5.85975
-5.81455
-5.78449
-5.77915
-5.80007
-5.84549
-5.90724
-5.97246
-6.0285
-6.06927
-6.08997
-6.09266
-6.08103
-6.05694
-6.02629
-5.98828
-5.95196
-5.91475
-5.87836
-5.84789
-5.81997
-5.80246
-5.79164
-5.79039
-5.79777
-5.81163
-5.83113
-5.85476
-5.88404
-5.9114
-5.93153
-5.93966
-5.94192
-5.9399
-5.93746
-5.93487
-5.93499
-5.93234
-5.92093
-5.90301
-5.88379
-5.87466
-5.88276
-5.90252
-5.9308
-5.95853
-5.97837
-5.98396
-5.97574
-5.95677
-5.93163
-5.90374
-5.87265
-5.83292
-5.78502
-5.74151
-5.71764
-5.72443
-5.76827
-5.84568
-5.94312
-6.03765
-6.11135
-6.15616
-6.16548
-6.14815
-6.11766
-6.08281
-6.04691
-6.00935
-5.97097
-5.94634
-5.94028
-5.95613
-5.99014
-6.03105
-6.06906
-6.09164
-6.09555
-6.08102
-6.0572
-6.02838
-5.99423
-5.9561
-5.9114
-5.8717
-5.84684
-5.85228
-5.88336
-5.93432
-5.99261
-6.0423
-6.07756
-6.09269
-6.08482
-6.05583
-6.01186
-5.95808
-5.90786
-5.86714
-5.84109
-5.82677
-5.82223
-5.82035
-5.82315
-5.82846
-5.83913
-5.84881
-5.85406
-5.85741
-5.8546
-5.85689
-5.86639
-5.88185
-5.90512
-5.92925
-5.9519
-5.9747
-5.99437
-6.01187
-6.02247
-6.0232
-6.0154
-6.00148
-5.98991
-5.98431
-5.98343
-5.9953
-6.01369
-6.03764
-6.05203
-6.05429
-6.03854
-6.01316
-5.98519
-5.9628
-5.95572
-5.96399
-5.97919
-5.99418
-6.00883
-6.01878
-6.02965
-6.03847
-6.04724
-6.05098
-6.05045
-6.04099
-6.0209
-5.99663
-5.9708
-5.94702
-5.92849
-5.91711
-5.91432
-5.91213
-5.9089
-5.89791
-5.88248
-5.8624
-5.83843
-5.80903
-5.77711
-5.75322
-5.74434
-5.75281
-5.7797
-5.81669
-5.85588
-5.89119
-5.92195
-5.94864
-5.97015
-5.98897
-6.00332
-6.01115
-6.01548
-6.0192
-6.01671
-6.01052
-6.00367
-5.99379
-5.98226
-5.97115
-5.95965
-5.94357
-5.92211
-5.8989
-5.87155
-5.85586
-5.85665
-5.88069
-5.92438
-5.97894
-6.03331
-6.07876
-6.11048
-6.12966
-6.13272
-6.12881
-6.11688
-6.09906
-6.0712
-6.03936
-6.00594
-5.97556
-5.9485
-5.92646
-5.90383
-5.87673
-5.84803
-5.82313
-5.80426
-5.79416
-5.79195
-5.79815
-5.81543
-5.84235
-5.87793
-5.91786
-5.95935
-5.99423
-6.01982
-6.02491
-6.01118
-5.97449
-5.92313
-5.86432
-5.80878
-5.77223
-5.76675
-5.79286
-5.83721
-5.89957
-5.95919
-6.00953
-6.04628
-6.05847
-6.04851
-6.01702
-5.96461
-5.89614
-5.81882
-5.74048
-5.67123
-5.62466
-5.61265
-5.6339
-5.68592
-5.75802
-5.84089
-5.9194
-5.98233
-6.02204
-6.04066
-6.03904
-6.0234
-5.9981
-5.97309
-5.95364
-5.94848
-5.94894
-5.96071
-5.96929
-5.97795
-5.9807
-5.9779
-5.96891
-5.96965
-5.9846
-6.01385
-6.04487
-6.07456
-6.10177
-6.12524
-6.13841
-6.1468
-6.14428
-6.13142
-6.10481
-6.0652
-6.01548
-5.96201
-5.91798
-5.88045
-5.85256
-5.83284
-5.80945
-5.78428
-5.75272
-5.7226
-5.70307
-5.69454
-5.6971
-5.71266
-5.73778
-5.77525
-5.82244
-5.87243
-5.92472
-5.97265
-6.01682
-6.04979
-6.07032
-6.07783
-6.0714
-6.05088
-6.02645
-6.00532
-5.99052
-5.98998
-6.00422
-6.02673
-6.04525
-6.0569
-6.05227
-6.02968
-5.99441
-5.94577
-5.89907
-5.85974
-5.83657
-5.83033
-5.8338
-5.84617
-5.85718
-5.86488
-5.86927
-5.87107
-5.87254
-5.87597
-5.88878
-5.91227
-5.94469
-5.98345
-6.02418
-6.06291
-6.09066
-6.10606
-6.105
-6.09072
-6.06884
-6.04446
-6.02359
-6.01034
-6.00791
-6.01276
-6.02252
-6.02852
-6.02162
-5.99915
-5.95574
-5.90051
-5.84408
-5.80098
-5.77814
-5.77774
-5.79845
-5.83567
-5.88764
-5.95009
-6.01164
-6.05764
-6.07926
-6.07269
-6.03477
-5.97158
-5.89742
-5.82747
-5.77219
-5.74399
-5.74347
-5.76542
-5.80066
-5.8396
-5.87709
-5.90907
-5.93855
-5.95775
-5.97134
-5.97837
-5.97765
-5.97644
-5.9704
-5.96571
-5.9573
-5.94567
-5.92901
-5.90412
-5.87358
-5.84554
-5.82592
-5.82471
-5.85162
-5.90069
-5.96236
-6.01681
-6.05573
-6.0796
-6.08422
-6.0768
-6.05922
-6.03215
-6.00171
-5.96608
-5.92751
-5.89405
-5.87234
-5.86564
-5.87888
-5.90518
-5.93626
-5.95898
-5.97299
-5.97961
-5.98481
-6.00335
-6.03182
-6.0656
-6.09657
-6.1179
-6.12124
-6.10787
-6.08193
-6.04285
-5.99911
-5.95283
-5.9175
-5.89321
-5.87773
-5.86907
-5.86444
-5.85847
-5.85448
-5.8529
-5.86005
-5.876
-5.90544
-5.94592
-5.98938
-6.02854
-6.05897
-6.07035
-6.06367
-6.03251
-5.98118
-5.91774
-5.84836
-5.77779
-5.71015
-5.65214
-5.60805
-5.5844
-5.58697
-5.61262
-5.65656
-5.71996
-5.78622
-5.85004
-5.90712
-5.95151
-5.98588
-6.00835
-6.02298
-6.02558
-6.02124
-6.00717
-5.98552
-5.96729
-5.95065
-5.94203
-5.94976
-5.97413
-6.00724
-6.04648
-6.07866
-6.09215
-6.09401
-6.08522
-6.06858
-6.0504
-6.03755
-6.03152
-6.03139
-6.0287
-6.02485
-6.02286
-6.01814
-6.01499
-6.00936
-6.00086
-5.98481
-5.96219
-5.93612
-5.91933
-5.90794
-5.9023
-5.89995
-5.90327
-5.91349
-5.92343
-5.93063
-5.92777
-5.91339
-5.88904
-5.85758
-5.82549
-5.79925
-5.78802
-5.79094
-5.79717
-5.81065
-5.82228
-5.83431
-5.85355
-5.87876
-5.90845
-5.93914
-5.96746
-5.98831
-6.00382
-6.01154
-6.01877
-6.0214
-6.01627
-6.00369
-5.98084
-5.95787
-5.93562
-5.92102
-5.90881
-5.90156
-5.89063
-5.87813
-5.87115
-5.86891
-5.8748
-5.88535
-5.90148
-5.91378
-5.91589
-5.90359
-5.88123
-5.85018
-5.82135
-5.79858
-5.78639
-5.78168
-5.78371
-5.79309
-5.80293
-5.81245
-5.81706
-5.81679
-5.81234
-5.80616
-5.80187
-5.79997
-5.80115
-5.81748
-5.83337
-5.84683
-5.85041
-5.84426
-5.82598
-5.80053
-5.77116
-5.74546
-5.72548
-5.71397
-5.70961
-5.71048
-5.71789
-5.73271
-5.75321
-5.78977
-5.84425
-5.92273
-6.01727
-6.10755
-6.17465
-6.19934
-6.18361
-6.12829
-6.04588
-5.94584
-5.84855
-5.76406
-5.70656
-5.67698
-5.68304
-5.70415
-5.73875
-5.77919
-5.81786
-5.84787
-5.87489
-5.88817
-5.88944
-5.87832
-5.85151
-5.80752
-5.76008
-5.72012
-5.69597
-5.69166
-5.71235
-5.74804
-5.79591
-5.84492
-5.8964
-5.94744
-5.99342
-6.03226
-6.05466
-6.05569
-6.02398
-5.95918
-5.86493
-5.76196
-5.67107
-5.61033
-5.59142
-5.61114
-5.65562
-5.71973
-5.7827
-5.83996
-5.87896
-5.90076
-5.90289
-5.89668
-5.88362
-5.86882
-5.85243
-5.83545
-5.81398
-5.78799
-5.76142
-5.74251
-5.74043
-5.75988
-5.79819
-5.85177
-5.90978
-5.96667
-6.01215
-6.03963
-6.05045
-6.0509
-6.04784
-6.04268
-6.02513
-5.99078
-5.94762
-5.91404
-5.88795
-5.86568
-5.84094
-5.81647
-5.80175
-5.79892
-5.80299
-5.80881
-5.81486
-5.82146
-5.82883
-5.8361
-5.851
-5.86934
-5.89076
-5.9034
-5.90228
-5.88627
-5.85947
-5.82252
-5.77845
-5.73734
-5.699
-5.66821
-5.65401
-5.65551
-5.67905
-5.71301
-5.75226
-5.7861
-5.80675
-5.81672
-5.81469
-5.80785
-5.79761
-5.78388
-5.77062
-5.75805
-5.75786
-5.77307
-5.79941
-5.83449
-5.86785
-5.89689
-5.92017
-5.94085
-5.9591
-5.96595
-5.95734
-5.92914
-5.89156
-5.85811
-5.84241
-5.84629
-5.87333
-5.91527
-5.95283
-5.97368
-5.97284
-5.9499
-5.91195
-5.85256
-5.78488
-5.71295
-5.65074
-5.61124
-5.59157
-5.59802
-5.62241
-5.6548
-5.69401
-5.72417
-5.75209
-5.77571
-5.79734
-5.81627
-5.82824
-5.83504
-5.83708
-5.84283
-5.86104
-5.88798
-5.91748
-5.94545
-5.96554
-5.97417
-5.96443
-5.94278
-5.91543
-5.89103
-5.87798
-5.87857
-5.89094
-5.91402
-5.94343
-5.9643
-5.97354
-5.96527
-5.93991
-5.90778
-5.87792
-5.85443
-5.84156
-5.83566
-5.83032
-5.82173
-5.80389
-5.78021
-5.75219
-5.73274
-5.71072
-5.68957
-5.67668
-5.66941
-5.67179
-5.68841
-5.72267
-5.77573
-5.83187
-5.88458
-5.92507
-5.94951
-5.95579
-5.94537
-5.91583
-5.86952
-5.81867
-5.78064
-5.77405
-5.8074
-5.87169
-5.9459
-6.00727
-6.04571
-6.06334
-6.06245
-6.04905
-6.03096
-6.0148
-6.00109
-5.98665
-5.97134
-5.95054
-5.92358
-5.88308
-5.8374
-5.79413
-5.75532
-5.72481
-5.70243
-5.6898
-5.68561
-5.69061
-5.70453
-5.7216
-5.74303
-5.76788
-5.78996
-5.8146
-5.82767
-5.83298
-5.82694
-5.81331
-5.79446
-5.78138
-5.77291
-5.77592
-5.78233
-5.79512
-5.81632
-5.84346
-5.87932
-5.90629
-5.91565
-5.90965
-5.88867
-5.86363
-5.84099
-5.83017
-5.83749
-5.86424
-5.90278
-5.95046
-5.991
-6.02124
-6.02882
-6.0156
-5.97867
-5.91348
-5.8329
-5.74572
-5.66375
-5.60218
-5.56496
-5.55462
-5.57096
-5.60933
-5.6688
-5.74278
-5.82464
-5.90678
-5.98059
-6.03997
-6.08323
-6.10415
-6.11014
-6.09484
-6.06218
-6.01332
-5.95668
-5.90329
-5.85717
-5.8218
-5.79506
-5.77448
-5.75985
-5.74687
-5.74102
-5.73974
-5.74478
-5.75593
-5.76559
-5.7743
-5.7839
-5.78943
-5.79573
-5.80379
-5.81895
-5.84573
-5.88972
-5.94099
-5.98205
-5.99898
-5.97793
-5.92526
-5.85123
-5.77336
-5.70788
-5.6661
-5.64891
-5.6562
-5.67785
-5.72172
-5.77463
-5.8298
-5.88127
-5.91968
-5.94085
-5.94233
-5.9271
-5.90215
-5.87383
-5.84759
-5.82223
-5.80047
-5.77618
-5.75356
-5.72935
-5.7153
-5.71637
-5.73997
-5.78733
-5.84577
-5.90238
-5.94975
-5.97959
-5.99047
-5.98446
-5.96292
-5.93401
-5.90585
-5.89375
-5.89455
-5.90717
-5.92326
-5.93119
-5.92902
-5.9125
-5.88642
-5.86028
-5.83804
-5.81873
-5.80286
-5.7861
-5.76768
-5.74629
-5.7233
-5.70324
-5.6879
-5.68186
-5.6907
-5.70526
-5.7338
-5.76883
-5.80944
-5.84125
-5.86512
-5.87492
-5.86771
-5.84044
-5.8009
-5.75572
-5.71764
-5.68738
-5.67402
-5.67494
-5.68933
-5.71747
-5.75137
-5.78314
-5.81105
-5.83043
-5.83995
-5.84158
-5.83847
-5.83631
-5.82698
-5.81791
-5.81162
-5.81527
-5.83137
-5.86234
-5.90061
-5.9341
-5.95615
-5.95809
-5.94252
-5.91607
-5.8891
-5.86795
-5.85602
-5.85315
-5.84583
-5.83643
-5.82623
-5.81904
-5.81755
-5.81165
-5.80034
-5.78231
-5.7627
-5.73726
-5.71343
-5.7024
-5.70695
-5.73162
-5.76968
-5.81653
-5.8661
-5.91894
-5.96805
-6.01105
-6.047
-6.07636
-6.09521
-6.11295
-6.11794
-6.11099
-6.0835
-6.03781
-5.9827
-5.92503
-5.87302
-5.83952
-5.81687
-5.80459
-5.79638
-5.78083
-5.75582
-5.72868
-5.70495
-5.68787
-5.68333
-5.68751
-5.70613
-5.73118
-5.76393
-5.79909
-5.83089
-5.85424
-5.86499
-5.86498
-5.8546
-5.84318
-5.83958
-5.84596
-5.87285
-5.91365
-5.96
-5.99493
-6.00949
-6.00555
-5.9793
-5.94067
-5.89823
-5.86361
-5.84185
-5.83715
-5.83553
-5.82751
-5.81135
-5.78651
-5.75953
-5.73287
-5.71697
-5.71135
-5.72446
-5.75375
-5.79084
-5.83098
-5.86095
-5.86735
-5.85369
-5.81908
-5.77817
-5.73554
-5.69837
-5.6653
-5.64121
-5.63347
-5.64867
-5.68533
-5.74015
-5.81332
-5.89067
-5.96116
-6.0122
-6.04112
-6.04494
-6.0223
-5.98207
-5.93406
-5.88537
-5.84282
-5.81113
-5.78396
-5.75445
-5.72516
-5.69744
-5.67988
-5.6782
-5.69944
-5.73481
-5.78344
-5.83469
-5.88549
-5.92749
-5.95439
-5.96357
-5.95961
-5.94099
-5.91642
-5.89649
-5.89309
-5.90796
-5.94033
-5.98305
-6.02423
-6.05686
-6.07188
-6.06915
-6.04889
-6.01199
-5.96754
-5.91416
-5.86127
-5.80387
-5.75179
-5.71165
-5.68435
-5.67078
-5.66565
-5.65982
-5.64671
-5.62805
-5.62212
-5.64089
-5.687
-5.74752
-5.80057
-5.83338
-5.84362
-5.84137
-5.82998
-5.81793
-5.80889
-5.80622
-5.81089
-5.82164
-5.84232
-5.86712
-5.8971
-5.91974
-5.94211
-5.96059
-5.97127
-5.97055
-5.95342
-5.92746
-5.89807
-5.86982
-5.85533
-5.8507
-5.86271
-5.88575
-5.90134
-5.90707
-5.88906
-5.8513
-5.79932
-5.73868
-5.68051
-5.64125
-5.62748
-5.63786
-5.66195
-5.68923
-5.70482
-5.7007
-5.68739
-5.66714
-5.64669
-5.62879
-5.61593
-5.61718
-5.63953
-5.68654
-5.74583
-5.80319
-5.84638
-5.86883
-5.87485
-5.87333
-5.87905
-5.90082
-5.9388
-5.9903
-6.04797
-6.10123
-6.14205
-6.16439
-6.16407
-6.14435
-6.10816
-6.07067
-6.03534
-6.00232
-5.97086
-5.93469
-5.8846
-5.81945
-5.75149
-5.6876
-5.64238
-5.61921
-5.62325
-5.64803
-5.68581
-5.73395
-5.78599
-5.84149
-5.90139
-5.96389
-6.01763
-6.05789
-6.07357
-6.0598
-6.01287
-5.93936
-5.86244
-5.79154
-5.74704
-5.72561
-5.72013
-5.72677
-5.73788
-5.75254
-5.76485
-5.77581
-5.77393
-5.7621
-5.7453
-5.73257
-5.73165
-5.75494
-5.79623
-5.8496
-5.90605
-5.95524
-5.98727
-6.00432
-6.0049
-5.99029
-5.96155
-5.92509
-5.88309
-5.83582
-5.79566
-5.76651
-5.75693
-5.75805
-5.77096
-5.79308
-5.82128
-5.8561
-5.89837
-5.93903
-5.97372
-5.99373
-5.99349
-5.97452
-5.9334
-5.88096
-5.82713
-5.79028
-5.77725
-5.78836
-5.81272
-5.84005
-5.86436
-5.87413
-5.8641
-5.83136
-5.7839
-5.72937
-5.68132
-5.64767
-5.62961
-5.64073
-5.67308
-5.72984
-5.78869
-5.84474
-5.89635
-5.93671
-5.9662
-5.9869
-6.00281
-6.0079
-6.00091
-5.98378
-5.95875
-5.93226
-5.90849
-5.88987
-5.87617
-5.85729
-5.83028
-5.79708
-5.75649
-5.72237
-5.69933
-5.70167
-5.72471
-5.76544
-5.81352
-5.86221
-5.90182
-5.93266
-5.95023
-5.95006
-5.92965
-5.8934
-5.85122
-5.81072
-5.78005
-5.76079
-5.74724
-5.73555
-5.72116
-5.70579
-5.69157
-5.67853
-5.67034
-5.67755
-5.70299
-5.74733
-5.80299
-5.8532
-5.89194
-5.91989
-5.93613
-5.94326
-5.94371
-5.93577
-5.91644
-5.89186
-5.87046
-5.85271
-5.8393
-5.82373
-5.80369
-5.77828
-5.74622
-5.72912
-5.73089
-5.76565
-5.82295
-5.89406
-5.96198
-6.01759
-6.05609
-6.07492
-6.06524
-6.02249
-5.94967
-5.85676
-5.76675
-5.70333
-5.68128
-5.698
-5.73868
-5.78897
-5.84373
-5.8915
-5.9249
-5.93995
-5.93539
-5.91319
-5.88676
-5.85834
-5.83581
-5.82065
-5.81351
-5.81566
-5.83288
-5.86073
-5.89198
-5.92118
-5.93961
-5.93517
-5.91073
-5.87121
-5.82816
-5.79173
-5.76709
-5.75533
-5.75047
-5.75109
-5.75538
-5.76631
-5.78592
-5.81916
-5.86118
-5.90019
-5.92165
-5.91201
-5.87295
-5.81321
-5.75363
-5.70893
-5.68697
-5.691
-5.71464
-5.74904
-5.7896
-5.83465
-5.87785
-5.91722
-5.95192
-5.97525
-5.98534
-5.98203
-5.96631
-5.94534
-5.92171
-5.90456
-5.90117
-5.91511
-5.94123
-5.97482
-6.00484
-6.02586
-6.0308
-6.01534
-5.98454
-5.93967
-5.89363
-5.84474
-5.80221
-5.76692
-5.73399
-5.69966
-5.66442
-5.63389
-5.62043
-5.63502
-5.67236
-5.72784
-5.78491
-5.83321
-5.86519
-5.87451
-5.8653
-5.84442
-5.82
-5.80579
-5.80178
-5.81004
-5.82238
-5.83449
-5.84138
-5.83511
-5.82198
-5.79705
-5.76365
-5.73081
-5.69683
-5.67499
-5.67015
-5.67765
-5.69528
-5.71791
-5.73933
-5.76116
-5.78478
-5.8048
-5.81319
-5.8144
-5.80195
-5.77532
-5.74793
-5.7213
-5.70596
-5.70751
-5.72786
-5.76329
-5.81176
-5.86733
-5.92293
-5.97315
-6.01053
-6.03069
-6.03328
-6.01839
-5.99013
-5.95556
-5.92225
-5.90065
-5.894
-5.90224
-5.92051
-5.9379
-5.95099
-5.9511
-5.93107
-5.89415
-5.83826
-5.77755
-5.73089
-5.70328
-5.69148
-5.69086
-5.69563
-5.70967
-5.737
-5.7756
-5.82533
-5.87836
-5.92668
-5.95448
-5.96515
-5.95704
-5.93966
-5.9245
-5.91589
-5.90999
-5.90397
-5.88738
-5.85795
-5.82117
-5.78767
-5.75935
-5.74778
-5.76309
-5.80014
-5.85461
-5.91739
-5.97726
-6.0231
-6.05596
-6.06913
-6.06334
-6.0362
-5.99422
-5.94418
-5.89276
-5.85205
-5.83422
-5.83323
-5.8433
-5.86207
-5.87894
-5.88317
-5.87627
-5.85159
-5.81356
-5.76531
-5.71803
-5.68357
-5.67058
-5.67865
-5.70591
-5.73571
-5.75957
-5.78124
-5.80512
-5.83498
-5.87713
-5.92769
-5.97897
-6.02306
-6.05896
-6.07765
-6.0832
-6.06501
-6.02627
-5.9699
-5.9001
-5.8291
-5.76894
-5.72797
-5.72458
-5.74923
-5.79277
-5.83955
-5.88218
-5.90194
-5.89668
-5.85924
-5.79978
-5.7344
-5.68053
-5.64748
-5.64628
-5.66586
-5.70059
-5.74918
-5.80403
-5.85824
-5.90696
-5.94843
-5.9868
-6.02314
-6.05986
-6.0822
-6.08057
-6.05679
-6.01616
-5.97086
-5.92903
-5.89537
-5.87414
-5.87024
-5.87936
-5.88576
-5.88756
-5.88462
-5.8787
-5.87599
-5.87764
-5.88034
-5.88366
-5.87737
-5.86438
-5.84124
-5.81319
-5.78799
-5.76894
-5.76182
-5.76459
-5.77074
-5.77849
-5.77728
-5.76552
-5.74484
-5.72298
-5.70692
-5.70787
-5.72244
-5.74829
-5.76839
-5.77418
-5.76432
-5.74627
-5.72609
-5.71585
-5.71719
-5.73513
-5.77086
-5.81829
-5.86857
-5.92009
-5.96439
-5.9988
-6.02085
-6.02742
-6.02334
-6.00582
-5.97901
-5.94387
-5.89956
-5.85368
-5.81018
-5.77655
-5.75813
-5.75682
-5.76701
-5.78624
-5.80736
-5.82333
-5.83195
-5.84013
-5.85064
-5.87542
-5.92049
-5.98013
-6.04523
-6.10269
-6.14101
-6.15954
-6.16027
-6.13682
-6.09659
-6.04451
-5.98384
-5.92201
-5.86654
-5.8195
-5.7813
-5.75559
-5.73822
-5.72436
-5.72113
-5.72327
-5.73176
-5.73985
-5.73848
-5.72734
-5.71257
-5.69776
-5.68074
-5.66447
-5.64884
-5.64048
-5.6497
-5.68013
-5.72625
-5.78111
-5.82921
-5.8591
-5.87382
-5.87332
-5.85775
-5.84517
-5.83738
-5.83821
-5.85274
-5.87695
-5.90701
-5.9407
-5.97973
-6.01632
-6.04348
-6.05153
-6.03566
-5.99883
-5.93984
-5.8663
-5.79009
-5.72128
-5.6698
-5.65349
-5.67256
-5.72821
-5.80589
-5.89215
-5.97237
-6.03853
-6.08645
-6.11002
-6.11126
-6.08881
-6.05349
-6.01044
-5.9712
-5.94591
-5.93825
-5.94753
-5.96818
-5.98812
-6.00212
-5.99918
-5.97856
-5.94559
-5.90219
-5.85191
-5.80087
-5.75229
-5.71338
-5.68875
-5.68308
-5.6911
-5.71057
-5.73601
-5.76219
-5.79546
-5.83003
-5.86389
-5.89112
-5.91027
-5.9167
-5.91228
-5.89913
-5.8801
-5.86498
-5.85865
-5.85801
-5.86193
-5.85636
-5.84024
-5.81774
-5.79601
-5.78285
-5.78022
-5.79151
-5.81524
-5.85089
-5.88969
-5.92455
-5.95467
-5.97512
-5.9824
-5.98048
-5.97505
-5.97677
-5.98388
-5.99993
-6.0143
-6.01777
-6.00616
-5.98312
-5.94651
-5.9048
-5.86043
-5.81436
-5.7728
-5.73733
-5.7104
-5.70288
-5.71852
-5.7611
-5.82035
-5.8865
-5.95089
-5.99979
-6.03603
-6.06206
-6.07609
-6.07767
-6.07704
-6.07059
-6.06207
-6.04912
-6.02645
-5.99899
-5.96315
-5.92216
-5.87573
-5.82655
-5.78015
-5.74168
-5.71456
-5.69678
-5.6856
-5.67504
-5.66435
-5.65326
-5.64517
-5.64562
-5.66038
-5.69059
-5.73269
-5.78343
-5.83607
-5.88516
-5.91829
-5.93587
-5.94853
-5.96015
-5.97317
-5.98397
-5.98911
-5.97846
-5.95404
-5.92127
-5.89156
-5.86766
-5.85292
-5.84479
-5.84311
-5.85303
-5.87614
-5.90895
-5.94038
-5.96902
-5.99048
-5.99903
-5.99481
-5.97963
-5.95357
-5.92669
-5.90074
-5.88643
-5.88784
-5.90033
-5.91531
-5.922
-5.91371
-5.8874
-5.84774
-5.79956
-5.75052
-5.70645
-5.67882
-5.67358
-5.68995
-5.7245
-5.76033
-5.78743
-5.80255
-5.79739
-5.78122
-5.75961
-5.74141
-5.7363
-5.74954
-5.77278
-5.79601
-5.8113
-5.82266
-5.84819
-5.8926
-5.94319
-5.99236
-6.03385
-6.06744
-6.09149
-6.10155
-6.09975
-6.07869
-6.05217
-6.01617
-5.97261
-5.92417
-5.87262
-5.81535
-5.75834
-5.71794
-5.70266
-5.71714
-5.75318
-5.79681
-5.82876
-5.83918
-5.82016
-5.78227
-5.73682
-5.70735
-5.70889
-5.74519
-5.80763
-5.8756
-5.92706
-5.94989
-5.94991
-5.93071
-5.90507
-5.87877
-5.85592
-5.83172
-5.80728
-5.79019
-5.79345
-5.81878
-5.87234
-5.93699
-6.00301
-6.05848
-6.09941
-6.12714
-6.13542
-6.12146
-6.08567
-6.03076
-5.97618
-5.92667
-5.89169
-5.86067
-5.8312
-5.79749
-5.76726
-5.74537
-5.73263
-5.73654
-5.75731
-5.78058
-5.80155
-5.81733
-5.82317
-5.82975
-5.84559
-5.87853
-5.92601
-5.97395
-6.00868
-6.01792
-6.00533
-5.9685
-5.92607
-5.88244
-5.84586
-5.82431
-5.82272
-5.84119
-5.87427
-5.90784
-5.93277
-5.94219
-5.93623
-5.92676
-5.92422
-5.92956
-5.93821
-5.93619
-5.91811
-5.87698
-5.81893
-5.7601
-5.715
-5.69395
-5.69714
-5.71354
-5.72448
-5.73753
-5.75028
-5.77183
-5.80743
-5.85399
-5.90272
-5.94969
-6.00104
-6.0437
-6.08005
-6.09659
-6.09914
-6.08793
-6.06929
-6.0465
-6.02657
-6.00714
-5.98883
-5.97098
-5.95405
-5.92961
-5.90211
-5.87441
-5.85015
-5.83116
-5.82294
-5.81974
-5.8256
-5.82711
-5.82201
-5.8153
-5.81145
-5.80971
-5.81407
-5.81481
-5.80616
-5.79118
-5.76745
-5.74126
-5.71284
-5.68793
-5.6708
-5.65907
-5.64953
-5.64599
-5.65251
-5.67007
-5.70214
-5.74401
-5.79159
-5.83077
-5.86422
-5.88511
-5.8907
-5.88607
-5.8785
-5.86994
-5.86247
-5.8653
-5.87793
-5.8986
-5.92596
-5.95338
-5.97932
-5.99373
-5.99318
-5.96789
-5.92246
-5.85799
-5.77973
-5.70257
-5.64002
-5.60457
-5.60508
-5.63518
-5.68504
-5.74333
-5.8077
-5.87127
-5.92741
-5.97491
-6.00394
-6.00846
-5.99271
-5.96507
-5.93857
-5.91758
-5.91008
-5.91557
-5.93049
-5.94699
-5.95882
-5.95785
-5.93962
-5.90407
-5.86293
-5.83236
-5.82949
-5.86003
-5.916
-5.98101
-6.03154
-6.06076
-6.06945
-6.05481
-6.02118
-5.97447
-5.91779
-5.85592
-5.79626
-5.74521
-5.71056
-5.69795
-5.70379
-5.72518
-5.75227
-5.77896
-5.79812
-5.80348
-5.79289
-5.77222
-5.74976
-5.74506
-5.77039
-5.82476
-5.8907
-5.9529
-6.00051
-6.02795
-6.03969
-6.04082
-6.03032
-6.00741
-5.96879
-5.92438
-5.87131
-5.82421
-5.78851
-5.77347
-5.77962
-5.80465
-5.83601
-5.86341
-5.87873
-5.87756
-5.86372
-5.83571
-5.7979
-5.76302
-5.73616
-5.72948
-5.74947
-5.78606
-5.83832
-5.89248
-5.93813
-5.95913
-5.96201
-5.95236
-5.93842
-5.92676
-5.91367
-5.89336
-5.87349
-5.8585
-5.85282
-5.86204
-5.8847
-5.90983
-5.93017
-5.94464
-5.94166
-5.9245
-5.89465
-5.85517
-5.81404
-5.77615
-5.74901
-5.73509
-5.73002
-5.73153
-5.73269
-5.73405
-5.73178
-5.7358
-5.74922
-5.77143
-5.8025
-5.83412
-5.86576
-5.8923
-5.90678
-5.90538
-5.88651
-5.85631
-5.81852
-5.78936
-5.77518
-5.7833
-5.81023
-5.8495
-5.89457
-5.9383
-5.98045
-6.01969
-6.05639
-6.08476
-6.09639
-6.08731
-6.05063
-5.9903
-5.91036
-5.82804
-5.75872
-5.70756
-5.68023
-5.66709
-5.66354
-5.66385
-5.66637
-5.6752
-5.69385
-5.72461
-5.76655
-5.80939
-5.84456
-5.86266
-5.86584
-5.86072
-5.86073
-5.87255
-5.89523
-5.92399
-5.95036
-5.96382
-5.96291
-5.94865
-5.93049
-5.91208
-5.90115
-5.89905
-5.90297
-5.92044
-5.93902
-5.95523
-5.9617
-5.9609
-5.94777
-5.92343
-5.89575
-5.86905
-5.85844
-5.8572
-5.85908
-5.86071
-5.86289
-5.86702
-5.86731
-5.86434
-5.86393
-5.86196
-5.859
-5.85198
-5.84003
-5.82175
-5.80533
-5.79649
-5.79679
-5.80684
-5.81824
-5.82191
-5.81936
-5.80709
-5.79159
-5.77255
-5.75834
-5.74812
-5.74422
-5.74516
-5.74344
-5.73566
-5.72405
-5.70862
-5.69665
-5.69029
-5.69523
-5.7105
-5.73374
-5.76069
-5.79392
-5.83331
-5.87901
-5.92795
-5.97479
-6.01152
-6.02904
-6.02156
-5.99364
-5.95048
-5.89958
-5.85075
-5.81475
-5.7933
-5.78833
-5.80913
-5.85347
-5.90764
-5.96296
-6.01403
-6.05031
-6.07399
-6.07961
-6.06412
-6.02767
-5.9692
-5.8852
-5.78991
-5.7007
-5.64956
-5.6594
-5.72781
-5.8265
-5.91665
-5.97165
-5.99401
-5.98576
-5.96199
-5.92787
-5.88797
-5.84673
-5.81134
-5.79777
-5.81368
-5.85199
-5.89213
-5.91621
-5.9077
-5.87984
-5.83692
-5.79112
-5.75279
-5.73114
-5.73032
-5.7445
-5.7736
-5.81266
-5.8566
-5.90296
-5.9475
-5.98143
-5.99751
-5.99036
-5.96585
-5.9296
-5.8886
-5.85453
-5.82346
-5.80292
-5.78894
-5.78183
-5.78404
-5.79799
-5.81555
-5.83215
-5.83635
-5.82367
-5.7877
-5.74231
-5.70572
-5.69343
-5.70867
-5.74758
-5.80371
-5.86515
-5.92314
-5.96654
-5.9918
-6.00244
-5.99672
-5.98249
-5.95848
-5.94055
-5.93534
-5.94461
-5.97152
-6.00565
-6.03372
-6.04672
-6.03808
-6.01684
-5.98025
-5.93146
-5.88044
-5.82166
-5.7647
-5.71265
-5.67844
-5.66961
-5.682
-5.71024
-5.74405
-5.77188
-5.78336
-5.77922
-5.76359
-5.74812
-5.74656
-5.75378
-5.76054
-5.75791
-5.74332
-5.72112
-5.70358
-5.70351
-5.72213
-5.7532
-5.79405
-5.83838
-5.87599
-5.90682
-5.92873
-5.94333
-5.95615
-5.96527
-5.96393
-5.9534
-5.93201
-5.90313
-5.87117
-5.83514
-5.80456
-5.7786
-5.76386
-5.76016
-5.77165
-5.79576
-5.83431
-5.88352
-5.93322
-5.97675
-5.99823
-5.99766
-5.96591
-5.91356
-5.84903
-5.78861
-5.74387
-5.71523
-5.70333
-5.70348
-5.71397
-5.73857
-5.77381
-5.81188
-5.8491
-5.87378
-5.8917
-5.90751
-5.92562
-5.9563
-5.99438
-6.0362
-6.07029
-6.09083
-6.10332
-6.099
-6.07737
-6.03999
-5.9879
-5.92738
-5.86441
-5.80623
-5.76325
-5.73532
-5.71817
-5.71136
-5.70213
-5.69201
-5.67979
-5.66695
-5.66267
-5.66901
-5.69276
-5.72947
-5.778
-5.82949
-5.87638
-5.90752
-5.92273
-5.92093
-5.90629
-5.88489
-5.87134
-5.86347
-5.86812
-5.87402
-5.88406
-5.89337
-5.89532
-5.89254
-5.88329
-5.86622
-5.84283
-5.81933
-5.79461
-5.7708
-5.74961
-5.73744
-5.73868
-5.75522
-5.78177
-5.81373
-5.84202
-5.86832
-5.89058
-5.90902
-5.9203
-5.9251
-5.92037
-5.9065
-5.88299
-5.8515
-5.8224
-5.79553
-5.77464
-5.77023
-5.78301
-5.80561
-5.8314
-5.85151
-5.85868
-5.84836
-5.82962
-5.8117
-5.80961
-5.83275
-5.88104
-5.94124
-6.00246
-6.04637
-6.06986
-6.06444
-6.04622
-6.01669
-5.98734
-5.95296
-5.91301
-5.86952
-5.81575
-5.76405
-5.7138
-5.6779
-5.6637
-5.67796
-5.7204
-5.78209
-5.84486
-5.88879
-5.90915
-5.9042
-5.88222
-5.84914
-5.81582
-5.78867
-5.77892
-5.79253
-5.82771
-5.87662
-5.92536
-5.96973
-6.00799
-6.03864
-6.06816
-6.09649
-6.12141
-6.1379
-6.14526
-6.14168
-6.12846
-6.1026
-6.06092
-6.0095
-5.94967
-5.883
-5.82087
-5.76919
-5.73669
-5.73006
-5.75066
-5.7901
-5.83917
-5.88511
-5.91752
-5.93293
-5.93189
-5.91137
-5.88435
-5.85407
-5.82106
-5.7863
-5.75088
-5.71402
-5.67695
-5.65408
-5.65234
-5.67826
-5.73508
-5.81122
-5.89904
-5.98485
-6.05663
-6.10938
-6.13955
-6.14057
-6.12026
-6.07597
-6.01712
-5.94749
-5.87733
-5.81786
-5.7744
-5.75556
-5.76133
-5.7893
-5.83021
-5.87487
-5.91832
-5.95562
-5.98359
-5.99999
-5.99919
-5.98395
-5.95733
-5.91747
-5.87648
-5.84155
-5.82713
-5.83653
-5.87149
-5.92201
-5.97718
-6.0265
-6.0632
-6.07591
-6.06199
-6.02321
-5.96792
-5.90635
-5.84657
-5.80008
-5.77412
-5.77085
-5.78062
-5.80054
-5.8242
-5.84648
-5.8611
-5.86747
-5.85939
-5.83553
-5.80161
-5.77127
-5.75462
-5.76485
-5.80611
-5.86492
-5.93085
-5.99103
-6.03655
-6.05984
-6.062
-6.0415
-5.99512
-5.93064
-5.85645
-5.79161
-5.7492
-5.73181
-5.73756
-5.75099
-5.76794
-5.77933
-5.78681
-5.79647
-5.81159
-5.83229
-5.85981
-5.89522
-5.93513
-5.97238
-6.01456
-6.05065
-6.07349
-6.08712
-6.09601
-6.09499
-6.0921
-6.09414
-6.09767
-6.10494
-6.11141
-6.11935
-6.12049
-6.10312
-6.06885
-6.01356
-5.93811
-5.85652
-5.78323
-5.73771
-5.72225
-5.7306
-5.75419
-5.78396
-5.80828
-5.82113
-5.82277
-5.82371
-5.82484
-5.835
-5.85044
-5.87703
-5.90854
-5.94286
-5.97593
-6.00983
-6.03519
-6.05354
-6.06043
-6.05153
-6.02425
-5.98229
-5.93678
-5.9018
-5.87924
-5.88375
-5.90442
-5.92659
-5.94403
-5.94656
-5.93218
-5.90231
-5.86406
-5.82458
-5.78599
-5.75231
-5.72929
-5.71487
-5.71211
-5.72409
-5.74869
-5.78073
-5.8137
-5.83647
-5.85016
-5.8515
-5.84683
-5.84193
-5.847
-5.8682
-5.8962
-5.93031
-5.96414
-5.99117
-6.01037
-6.01998
-6.01454
-5.99889
-5.97631
-5.94675
-5.92559
-5.92118
-5.93431
-5.95616
-5.97509
-5.9789
-5.96505
-5.93098
-5.88442
-5.83136
-5.78541
-5.74985
-5.72773
-5.72149
-5.72777
-5.74634
-5.77268
-5.80397
-5.8331
-5.85744
-5.87503
-5.89241
-5.91553
-5.94749
-5.98382
-6.02647
-6.06241
-6.08378
-6.08819
-6.07666
-6.05388
-6.02912
-5.99846
-5.9696
-5.94263
-5.92211
-5.90954
-5.90215
-5.8923
-5.88627
-5.87783
-5.86424
-5.85043
-5.83746
-5.83572
-5.83733
-5.84221
-5.84193
-5.84069
-5.83975
-5.84385
-5.85422
-5.87288
-5.90106
-5.93429
-5.96109
-5.98265
-5.99222
-5.99157
-5.97694
-5.95311
-5.92853
-5.90233
-5.88127
-5.85635
-5.83509
-5.81905
-5.81179
-5.81079
-5.82158
-5.84585
-5.89178
-5.95044
-6.01522
-6.07511
-6.12838
-6.16489
-6.17971
-6.17086
-6.14234
-6.10012
-6.05076
-5.99851
-5.94849
-5.90188
-5.86161
-5.83392
-5.81781
-5.80747
-5.79934
-5.79417
-5.78546
-5.77805
-5.77536
-5.78161
-5.79492
-5.81081
-5.82365
-5.833
-5.83401
-5.83718
-5.84293
-5.84846
-5.8619
-5.873
-5.88752
-5.89891
-5.90328
-5.90245
-5.89758
-5.89094
-5.88851
-5.88781
-5.89377
-5.91097
-5.94568
-5.99006
-6.03563
-6.06913
-6.09448
-6.10096
-6.08767
-6.05911
-6.01075
-5.94989
-5.88519
-5.82625
-5.78006
-5.75232
-5.7432
-5.75952
-5.798
-5.85546
-5.91771
-5.97402
-6.01601
-6.0344
-6.02401
-5.99123
-5.93843
-5.88063
-5.82332
-5.77727
-5.75171
-5.76144
-5.80189
-5.85875
-5.91553
-5.95394
-5.97594
-5.97997
-5.97479
-5.9747
-5.98645
-6.01109
-6.04906
-6.08432
-6.10987
-6.11503
-6.09579
-6.0542
-5.99923
-5.93687
-5.87488
-5.81902
-5.77568
-5.74298
-5.71847
-5.70035
-5.69318
-5.70145
-5.73346
-5.78296
-5.84436
-5.9072
-5.9579
-5.99672
-6.02333
-6.03911
-6.05124
-6.05215
-6.0373
-6.00356
-5.96024
-5.91367
-5.87051
-5.83813
-5.81789
-5.81186
-5.81311
-5.82295
-5.84042
-5.86022
-5.88391
-5.90395
-5.92009
-5.93009
-5.94162
-5.9544
-5.96706
-5.9713
-5.96375
-5.94297
-5.91034
-5.87517
-5.84078
-5.81224
-5.78848
-5.76654
-5.74954
-5.741
-5.74413
-5.75857
-5.78103
-5.80816
-5.83057
-5.84693
-5.85361
-5.85058
-5.83929
-5.82091
-5.80086
-5.78111
-5.76707
-5.7635
-5.77502
-5.80445
-5.84909
-5.90449
-5.96597
-6.02084
-6.06835
-6.10065
-6.11662
-6.11676
-6.10237
-6.08144
-6.05605
-6.02759
-5.992
-5.95107
-5.90416
-5.85889
-5.81803
-5.78605
-5.76581
-5.75847
-5.75074
-5.74329
-5.73351
-5.72604
-5.72653
-5.7406
-5.76652
-5.80832
-5.85367
-5.8883
-5.89905
-5.88458
-5.84518
-5.80242
-5.77287
-5.77092
-5.80036
-5.84753
-5.90167
-5.95201
-5.98714
-6.00389
-6.00154
-5.99208
-5.98615
-5.98842
-6.00139
-6.01735
-6.03144
-6.03783
-6.03637
-6.02996
-6.01889
-6.00666
-5.99384
-5.98045
-5.97372
-5.97561
-5.98443
-6.00011
-6.02094
-6.04633
-6.06603
-6.08124
-6.08735
-6.08264
-6.06385
-6.02863
-5.97276
-5.90315
-5.82727
-5.75654
-5.69917
-5.65991
-5.63331
-5.61435
-5.59964
-5.59013
-5.59246
-5.61314
-5.65474
-5.70766
-5.76078
-5.80762
-5.83782
-5.85238
-5.85769
-5.87069
-5.9055
-5.95449
-6.01275
-6.05901
-6.0867
-6.09183
-6.06943
-6.01863
-5.9486
-5.87639
-5.82653
-5.80978
-5.81803
-5.83591
-5.85421
-5.87052
-5.88616
-5.90706
-5.9292
-5.95027
-5.96804
-5.97325
-5.96712
-5.95417
-5.93841
-5.92804
-5.92912
-5.93942
-5.95798
-5.97842
-6.00463
-6.02605
-6.04159
-6.0482
-6.04273
-6.0233
-5.99564
-5.96297
-5.92549
-5.88933
-5.86128
-5.83833
-5.82341
-5.81396
-5.80796
-5.7962
-5.77349
-5.73826
-5.69579
-5.6607
-5.65315
-5.68133
-5.74354
-5.82186
-5.89697
-5.9671
-6.0192
-6.0526
-6.07592
-6.09648
-6.11827
-6.13417
-6.14717
-6.15156
-6.14285
-6.121
-6.08277
-6.03288
-5.97793
-5.91057
-5.83691
-5.76217
-5.69772
-5.6544
-5.63111
-5.62257
-5.61877
-5.61537
-5.61235
-5.6175
-5.62912
-5.65207
-5.68463
-5.72975
-5.77635
-5.82242
-5.86438
-5.89444
-5.91005
-5.91266
-5.90086
-5.88556
-5.87713
-5.88695
-5.90896
-5.94194
-5.97779
-6.01074
-6.03271
-6.03838
-6.02832
-6.0068
-5.98271
-5.9643
-5.95192
-5.94898
-5.95458
-5.96148
-5.9713
-5.98369
-5.99671
-6.00618
-6.00566
-5.99968
-5.9821
-5.95969
-5.94058
-5.92999
-5.93749
-5.95715
-5.98275
-6.0034
-6.01233
-6.00307
-5.98191
-5.94605
-5.90444
-5.86126
-5.82758
-5.80947
-5.80994
-5.83429
-5.8713
-5.90815
-5.93739
-5.95161
-5.94177
-5.91791
-5.88648
-5.86139
-5.85003
-5.8467
-5.84755
-5.84731
-5.84858
-5.85857
-5.87767
-5.90123
-5.9249
-5.94115
-5.95116
-5.95172
-5.94571
-5.93759
-5.92684
-5.90959
-5.8913
-5.86975
-5.85404
-5.84388
-5.84127
-5.84817
-5.8623
-5.87677
-5.8906
-5.90067
-5.90281
-5.89477
-5.88048
-5.86832
-5.85759
-5.84888
-5.84081
-5.82694
-5.80979
-5.79419
-5.78279
-5.77501
-5.772
-5.77849
-5.79428
-5.823
-5.85456
-5.88315
-5.91101
-5.93794
-5.96541
-5.99318
-6.02049
-6.04164
-6.05185
-6.05227
-6.04618
-6.03205
-6.01512
-5.99415
-5.98365
-5.98242
-5.9915
-5.99941
-6.00179
-5.99223
-5.96298
-5.92128
-5.87244
-5.82366
-5.78089
-5.75024
-5.73454
-5.7308
-5.73845
-5.74758
-5.7538
-5.74931
-5.74091
-5.72671
-5.71907
-5.71672
-5.72472
-5.74724
-5.77694
-5.81187
-5.84306
-5.86376
-5.87008
-5.86394
-5.84587
-5.82939
-5.81349
-5.80387
-5.8073
-5.81948
-5.84234
-5.86877
-5.90119
-5.93962
-5.98395
-6.03124
-6.073
-6.09982
-6.10472
-6.08494
-6.04844
-6.00385
-5.95389
-5.90449
-5.85823
-5.81615
-5.7862
-5.76884
-5.7669
-5.77427
-5.78827
-5.80566
-5.83228
-5.86433
-5.90827
-5.95433
-5.99634
-6.02462
-6.03647
-6.02678
-6.00441
-5.97686
-5.94911
-5.92229
-5.89598
-5.87149
-5.8551
-5.84904
-5.8602
-5.88091
-5.9086
-5.92896
-5.93881
-5.92912
-5.90954
-5.87277
-5.84017
-5.82286
-5.83038
-5.85753
-5.90494
-5.95909
-6.00747
-6.03833
-6.04046
-6.00917
-5.95041
-5.86896
-5.79581
-5.7487
-5.73923
-5.7645
-5.80964
-5.86356
-5.91433
-5.95148
-5.97182
-5.98175
-5.98251
-5.98916
-6.00142
-6.01975
-6.03854
-6.05133
-6.05502
-6.04565
-6.02302
-5.99129
-5.95592
-5.92185
-5.90092
-5.89559
-5.90223
-5.90754
-5.9102
-5.90099
-5.88287
-5.85989
-5.84164
-5.83741
-5.84465
-5.86297
-5.88495
-5.8987
-5.89584
-5.87781
-5.8512
-5.82631
-5.80932
-5.80837
-5.82549
-5.85129
-5.87973
-5.89809
-5.91482
-5.93291
-5.95353
-5.97755
-6.00133
-6.01855
-6.02384
-6.00974
-5.98347
-5.9418
-5.89995
-5.87155
-5.85904
-5.85024
-5.83796
-5.81515
-5.78967
-5.77207
-5.77074
-5.7825
-5.8066
-5.83403
-5.85916
-5.88196
-5.9005
-5.91679
-5.93268
-5.9415
-5.94824
-5.94342
-5.93044
-5.91794
-5.90436
-5.89787
-5.89844
-5.90835
-5.92723
-5.94805
-5.96696
-5.97942
-5.99186
-6.00335
-6.01732
-6.03467
-6.05034
-6.05724
-6.05702
-6.04977
-6.03952
-6.03457
-6.02859
-6.01364
-5.97912
-5.91978
-5.84193
-5.75445
-5.68447
-5.64659
-5.64665
-5.67768
-5.72171
-5.76371
-5.8017
-5.84093
-5.89798
-5.9654
-6.02472
-6.06276
-6.06837
-6.04853
-6.01
-5.96135
-5.91003
-5.86588
-5.83107
-5.80715
-5.80284
-5.81698
-5.84746
-5.88958
-5.92538
-5.94752
-5.94637
-5.92475
-5.88416
-5.8346
-5.78898
-5.75733
-5.7509
-5.76417
-5.79507
-5.83071
-5.86734
-5.90363
-5.93353
-5.96098
-5.98428
-6.00108
-6.01346
-6.01786
-6.01939
-6.0192
-6.01674
-6.01271
-6.0042
-5.99175
-5.9775
-5.96341
-5.9451
-5.9305
-5.91696
-5.89898
-5.87831
-5.85244
-5.83038
-5.80902
-5.79875
-5.79653
-5.81042
-5.83487
-5.86361
-5.89792
-5.93276
-5.96902
-6.00626
-6.0292
-6.03359
-6.02237
-6.0001
-5.97119
-5.9482
-5.93182
-5.92257
-5.92059
-5.92134
-5.92282
-5.92562
-5.92148
-5.91436
-5.9042
-5.89658
-5.89528
-5.90197
-5.91643
-5.93159
-5.94518
-5.95401
-5.96378
-5.96764
-5.9655
-5.95708
-5.94329
-5.92862
-5.91343
-5.90646
-5.91418
-5.93256
-5.96348
-6.00021
-6.03358
-6.05297
-6.05504
-6.03253
-5.98794
-5.92129
-5.84501
-5.77324
-5.71571
-5.67611
-5.65207
-5.64909
-5.66696
-5.7083
-5.76769
-5.83404
-5.89954
-5.95724
-5.99813
-6.01825
-6.01226
-5.98918
-5.95557
-5.92791
-5.90871
-5.90874
-5.92279
-5.94732
-5.97028
-5.98939
-6.00295
-6.01138
-6.01114
-6.01068
-6.00694
-6.00723
-6.00851
-6.01691
-6.02872
-6.04295
-6.05672
-6.06859
-6.07177
-6.06657
-6.05343
-6.02825
-5.99492
-5.96394
-5.94031
-5.92222
-5.90909
-5.89965
-5.88849
-5.87954
-5.87776
-5.88727
-5.90993
-5.94103
-5.96813
-5.98534
-5.98221
-5.95922
-5.9237
-5.88113
-5.84098
-5.81167
-5.8041
-5.81056
-5.82657
-5.83864
-5.84905
-5.8568
-5.87555
-5.91259
-5.97132
-6.044
-6.11662
-6.17293
-6.20654
-6.21308
-6.19708
-6.16135
-6.11518
-6.06188
-6.00672
-5.95097
-5.89708
-5.84722
-5.80775
-5.7861
-5.7864
-5.81566
-5.86681
-5.92471
-5.98059
-6.02285
-6.0502
-6.06716
-6.06966
-6.05327
-6.02075
-5.97881
-5.93236
-5.89301
-5.87032
-5.86463
-5.86844
-5.87118
-5.87009
-5.86688
-5.86158
-5.86174
-5.87787
-5.90458
-5.93531
-5.95998
-5.97574
-5.9873
-5.99027
-5.98852
-5.98896
-5.99212
-5.99938
-6.00747
-6.00726
-5.99203
-5.96047
-5.90767
-5.84372
-5.77566
-5.71903
-5.68627
-5.6801
-5.70362
-5.74822
-5.80466
-5.86341
-5.91774
-5.96351
-6.00343
-6.0407
-6.07505
-6.10559
-6.13068
-6.14091
-6.13691
-6.11635
-6.07893
-6.03303
-5.9769
-5.92612
-5.88984
-5.87264
-5.87019
-5.87594
-5.88555
-5.89796
-5.91512
-5.93939
-5.96765
-5.99847
-6.02572
-6.04068
-6.04351
-6.03399
-6.01538
-5.99633
-5.97819
-5.96452
-5.95308
-5.93952
-5.92243
-5.89802
-5.87208
-5.83789
-5.80513
-5.78022
-5.77149
-5.78256
-5.80884
-5.85038
-5.89432
-5.9364
-5.97183
-6.00554
-6.03448
-6.05897
-6.07972
-6.09442
-6.1009
-6.09669
-6.0856
-6.07009
-6.0509
-6.03575
-6.0244
-6.01779
-6.01494
-6.01579
-6.01794
-6.01885
-6.00955
-5.98753
-5.95769
-5.91863
-5.87855
-5.84949
-5.83365
-5.83215
-5.83927
-5.85024
-5.86123
-5.86927
-5.87481
-5.88046
-5.8836
-5.88197
-5.87376
-5.86967
-5.87528
-5.89984
-5.93955
-5.98156
-6.01269
-6.02213
-6.01087
-5.98757
-5.95812
-5.93248
-5.9158
-5.90853
-5.90878
-5.9134
-5.92011
-5.92834
-5.93579
-5.94268
-5.95052
-5.95812
-5.97007
-5.97835
-5.98216
-5.979
-5.96932
-5.9556
-5.94429
-5.92717
-5.9052
-5.87798
-5.85581
-5.84306
-5.84879
-5.86832
-5.89668
-5.92814
-5.95809
-5.98521
-6.0075
-6.02739
-6.03902
-6.04594
-6.04863
-6.04688
-6.04745
-6.05021
-6.06048
-6.08078
-6.10398
-6.12992
-6.15226
-6.1601
-6.15109
-6.11909
-6.07283
-6.02212
-5.97828
-5.94247
-5.91586
-5.89682
-5.88374
-5.87531
-5.8692
-5.85935
-5.84054
-5.8154
-5.78881
-5.75867
-5.73364
-5.72291
-5.72478
-5.73746
-5.75701
-5.7771
-5.79234
-5.80194
-5.80799
-5.81292
-5.81833
-5.82555
-5.83892
-5.85456
-5.87075
-5.87935
-5.87488
-5.85728
-5.83477
-5.82084
-5.82308
-5.84453
-5.88338
-5.92997
-5.97975
-6.0252
-6.06618
-6.1031
-6.13248
-6.14872
-6.15031
-6.12769
-6.08599
-6.02287
-5.95095
-5.87758
-5.81655
-5.77118
-5.74683
-5.74881
-5.77821
-5.82579
-5.87613
-5.92467
-5.96251
-5.98416
-5.995
-6.00109
-6.00287
-6.00923
-6.01819
-6.03554
-6.06299
-6.10083
-6.13943
-6.1704
-6.18453
-6.18361
-6.16835
-6.13973
-6.09734
-6.04563
-5.98797
-5.93569
-5.89004
-5.85955
-5.8485
-5.85421
-5.86382
-5.87151
-5.86909
-5.85642
-5.83967
-5.82802
-5.82732
-5.84277
-5.87695
-5.92062
-5.95966
-5.9896
-6.00153
-5.99862
-5.99479
-5.99828
-6.01049
-6.02573
-6.04232
-6.05312
-6.05277
-6.03428
-5.99606
-5.93756
-5.86768
-5.79727
-5.74221
-5.71677
-5.72024
-5.75591
-5.8187
-5.89961
-5.98198
-6.05118
-6.09651
-6.11419
-6.10019
-6.06165
-6.00558
-5.93792
-5.87243
-5.81891
-5.78684
-5.78495
-5.81177
-5.85636
-5.90536
-5.94965
-5.98475
-6.00685
-6.01578
-6.01655
-6.0133
-6.008
-6.00461
-5.99955
-5.99726
-5.99017
-5.97752
-5.95782
-5.93461
-5.91595
-5.91076
-5.92299
-5.95322
-5.99491
-6.03766
-6.08194
-6.12316
-6.1527
-6.1677
-6.16864
-6.15639
-6.13447
-6.10816
-6.07225
-6.02548
-5.96699
-5.89836
-5.82767
-5.76601
-5.71785
-5.69045
-5.67737
-5.67266
-5.67651
-5.67964
-5.68831
-5.70636
-5.73617
-5.78176
-5.84153
-5.90935
-5.97679
-6.03472
-6.07521
-6.09839
-6.10284
-6.08992
-6.06427
-6.03013
-5.99875
-5.97171
-5.94576
-5.92714
-5.91364
-5.90973
-5.9132
-5.92085
-5.93509
-5.94974
-5.96143
-5.97409
-5.98694
-6.00176
-6.01231
-6.00801
-5.99773
-5.983
-5.97576
-5.9813
-5.99769
-6.01466
-6.0205
-6.01239
-5.99709
-5.98051
-5.96796
-5.96407
-5.96459
-5.96344
-5.95895
-5.94612
-5.92247
-5.89222
-5.86623
-5.84892
-5.84451
-5.84845
-5.85305
-5.85336
-5.85041
-5.84511
-5.83864
-5.83316
-5.82899
-5.82735
-5.82663
-5.82968
-5.83299
-5.83961
-5.8523
-5.87172
-5.90023
-5.93305
-5.96647
-5.99463
-6.00737
-6.00291
-5.98143
-5.94191
-5.88968
-5.83746
-5.79202
-5.76814
-5.77025
-5.79977
-5.85356
-5.91805
-5.97552
-6.01457
-6.03391
-6.04219
-6.04247
-6.0458
-6.05279
-6.05919
-6.06355
-6.05621
-6.04135
-6.01883
-5.99521
-5.98398
-5.9813
-5.99365
-6.01041
-6.02116
-6.02527
-6.02046
-6.0104
-5.99847
-5.98699
-5.97504
-5.96078
-5.94441
-5.92268
-5.90766
-5.89845
-5.89411
-5.89394
-5.89331
-5.8906
-5.88475
-5.87438
-5.8649
-5.86486
-5.87872
-5.90483
-5.94011
-5.98213
-6.02298
-6.05569
-6.07415
-6.07665
-6.06358
-6.03848
-6.0015
-5.95957
-5.91616
-5.87944
-5.85391
-5.83384
-5.82487
-5.82009
-5.81862
-5.82127
-5.83024
-5.84113
-5.8537
-5.86463
-5.87151
-5.86621
-5.84823
-5.81787
-5.77583
-5.73319
-5.70015
-5.68923
-5.70821
-5.75999
-5.83637
-5.92668
-6.00858
-6.06854
-6.10369
-6.11441
-6.10024
-6.071
-6.02994
-5.98106
-5.93539
-5.89475
-5.87073
-5.86311
-5.87519
-5.90936
-5.96142
-6.02752
-6.09203
-6.14678
-6.17414
-6.18497
-6.17674
-6.15304
-6.12024
-6.08086
-6.04639
-6.01343
-5.98953
-5.97164
-5.96717
-5.97335
-5.98888
-6.00892
-6.03567
-6.05476
-6.06651
-6.06998
-6.07257
-6.06943
-6.05965
-6.0398
-6.01332
-5.98565
-5.96774
-5.96154
-5.96497
-5.97487
-5.9804
-5.96899
-5.9377
-5.87935
-5.80619
-5.73352
-5.6746
-5.64955
-5.66183
-5.70788
-5.77008
-5.83327
-5.88573
-5.92356
-5.94923
-5.96526
-5.97635
-5.98549
-5.99855
-6.01643
-6.04331
-6.0731
-6.10209
-6.12008
-6.12298
-6.10731
-6.07281
-6.0199
-5.95554
-5.8962
-5.8515
-5.82848
-5.83147
-5.85176
-5.88037
-5.9064
-5.92295
-5.92766
-5.92566
-5.92179
-5.92256
-5.93549
-5.96029
-5.9964
-6.03489
-6.06932
-6.09369
-6.10265
-6.09521
-6.06579
-6.03389
-5.99704
-5.9729
-5.96508
-5.97177
-5.98574
-5.99536
-5.99704
-5.98128
-5.95043
-5.92133
-5.9019
-5.89877
-5.91326
-5.93001
-5.93944
-5.93351
-5.92027
-5.90013
-5.88669
-5.88514
-5.90263
-5.93897
-5.99224
-6.04844
-6.09676
-6.1217
-6.11866
-6.08335
-6.02257
-5.94741
-5.87021
-5.80889
-5.78178
-5.78836
-5.82666
-5.88318
-5.9503
-6.01605
-6.07181
-6.10932
-6.12163
-6.10893
-6.07898
-6.03767
-5.99244
-5.95258
-5.91934
-5.89405
-5.87971
-5.87978
-5.89072
-5.90258
-5.91123
-5.90867
-5.89249
-5.86362
-5.83344
-5.80748
-5.78598
-5.7789
-5.78546
-5.79607
-5.80891
-5.82014
-5.8277
-5.83344
-5.83692
-5.83774
-5.83503
-5.82984
-5.83139
-5.84186
-5.87134
-5.90917
-5.94769
-5.97768
-5.99734
-6.00671
-6.00907
-6.01547
-6.02182
-6.03175
-6.03224
-6.02197
-6.00867
-5.99482
-5.97753
-5.96297
-5.95564
-5.95688
-5.96862
-5.98745
-6.01361
-6.03498
-6.04817
-6.05069
-6.0458
-6.04069
-6.04923
-6.06047
-6.06502
-6.05726
-6.03258
-5.99333
-5.94732
-5.90393
-5.87108
-5.85166
-5.84951
-5.86832
-5.8976
-5.93875
-5.98408
-6.02901
-6.06168
-6.07323
-6.06044
-6.01546
-5.94696
-5.87037
-5.80075
-5.74974
-5.71823
-5.69682
-5.691
-5.70019
-5.72629
-5.76744
-5.81474
-5.85667
-5.88269
-5.89521
-5.89981
-5.89963
-5.90579
-5.91509
-5.92957
-5.94766
-5.96269
-5.9739
-5.98211
-5.99269
-6.01456
-6.04115
-6.06359
-6.08107
-6.08247
-6.06847
-6.04144
-6.00183
-5.96078
-5.92986
-5.91871
-5.92789
-5.95176
-5.98696
-6.02604
-6.06588
-6.098
-6.12648
-6.14352
-6.14817
-6.13053
-6.10008
-6.05865
-6.01909
-5.98507
-5.96456
-5.95261
-5.95067
-5.95008
-5.94805
-5.93569
-5.91408
-5.88532
-5.85393
-5.82596
-5.80276
-5.78982
-5.78379
-5.78167
-5.79198
-5.81724
-5.85891
-5.91678
-5.98272
-6.0464
-6.10143
-6.13779
-6.15053
-6.13786
-6.10224
-6.04762
-5.9806
-5.90543
-5.83109
-5.76458
-5.71982
-5.70355
-5.71287
-5.74189
-5.77802
-5.81658
-5.84577
-5.86591
-5.87756
-5.87875
-5.87182
-5.8661
-5.86484
-5.87199
-5.89498
-5.93137
-5.97759
-6.02166
-6.05356
-6.06583
-6.05656
-6.03009
-5.98661
-5.94326
-5.90305
-5.87846
-5.8724
-5.88376
-5.90183
-5.92332
-5.94178
-5.95629
-5.97333
-5.99588
-6.02234
-6.05747
-6.0877
-6.10824
-6.10437
-6.0777
-6.03986
-6.00461
-5.98037
-5.96751
-5.95592
-5.94531
-5.93669
-5.92739
-5.91628
-5.90876
-5.90958
-5.92644
-5.95947
-6.00107
-6.03803
-6.06903
-6.08685
-6.08281
-6.06688
-6.04514
-6.02892
-6.02192
-6.02355
-6.02517
-6.01839
-5.99239
-5.95386
-5.90508
-5.85909
-5.82181
-5.8079
-5.8075
-5.8157
-5.82177
-5.81423
-5.80206
-5.80104
-5.78219
-5.76913
-5.75796
-5.75232
-5.75316
-5.75925
-5.76645
-5.76698
-5.76426
-5.75606
-5.74804
-5.75223
-5.76575
-5.78854
-5.81398
-5.82974
-5.83582
-5.8319
-5.82001
-5.81493
-5.82434
-5.85282
-5.8916
-5.9342
-5.96909
-5.98595
-5.99006
-5.98504
-5.98131
-5.97982
-5.98124
-5.97534
-5.96402
-5.94656
-5.92417
-5.90135
-5.87447
-5.85058
-5.82628
-5.81182
-5.81085
-5.83449
-5.8749
-5.91532
-5.94285
-5.95867
-5.95625
-5.94233
-5.92329
-5.9064
-5.89535
-5.89079
-5.89122
-5.89746
-5.90128
-5.89778
-5.88159
-5.85195
-5.81499
-5.77109
-5.73194
-5.69524
-5.67348
-5.6695
-5.68571
-5.72143
-5.76438
-5.81047
-5.85353
-5.88478
-5.89945
-5.88969
-5.85434
-5.79881
-5.744
-5.70548
-5.69158
-5.70184
-5.73375
-5.77945
-5.83337
-5.87923
-5.91346
-5.9327
-5.93746
-5.93425
-5.92846
-5.91429
-5.89048
-5.85758
-5.8209
-5.7888
-5.77608
-5.78357
-5.81648
-5.85542
-5.89251
-5.91473
-5.91261
-5.89258
-5.86607
-5.84644
-5.84057
-5.85368
-5.87911
-5.91195
-5.93572
-5.94461
-5.93115
-5.90071
-5.86195
-5.82425
-5.7991
-5.78449
-5.7857
-5.80261
-5.82809
-5.85232
-5.86882
-5.8726
-5.85975
-5.83693
-5.80275
-5.76718
-5.73419
-5.71742
-5.72122
-5.74739
-5.78842
-5.83267
-5.86983
-5.89491
-5.90481
-5.90237
-5.88856
-5.87199
-5.84893
-5.8266
-5.80906
-5.8036
-5.81365
-5.84428
-5.88939
-5.94671
-6.00407
-6.05384
-6.08731
-6.09505
-6.07698
-6.03732
-5.98365
-5.9239
-5.86175
-5.80353
-5.75872
-5.73079
-5.72115
-5.72305
-5.73207
-5.7406
-5.74659
-5.7512
-5.75765
-5.7742
-5.80305
-5.84418
-5.89
-5.92947
-5.95669
-5.96599
-5.9588
-5.94385
-5.9292
-5.9228
-5.92316
-5.92514
-5.91933
-5.89938
-5.86853
-5.82519
-5.77518
-5.72206
-5.67768
-5.65516
-5.66131
-5.69426
-5.74352
-5.80112
-5.85831
-5.89629
-5.9091
-5.89386
-5.85785
-5.81641
-5.78401
-5.76505
-5.76164
-5.77509
-5.80311
-5.83591
-5.8647
-5.88849
-5.91076
-5.92641
-5.93788
-5.94001
-5.93479
-5.92678
-5.91777
-5.91604
-5.91275
-5.90996
-5.90741
-5.90176
-5.89005
-5.87737
-5.85795
-5.83048
-5.80218
-5.77934
-5.77166
-5.78369
-5.80654
-5.83342
-5.86128
-5.89227
-5.91774
-5.92888
-5.92293
-5.89567
-5.85313
-5.79855
-5.75064
-5.72298
-5.72349
-5.74768
-5.78487
-5.82979
-5.86815
-5.90125
-5.92509
-5.94193
-5.94876
-5.95591
-5.96348
-5.96769
-5.96314
-5.95418
-5.93264
-5.89905
-5.85709
-5.80603
-5.75835
-5.71554
-5.68845
-5.68788
-5.71507
-5.7648
-5.82444
-5.88204
-5.93089
-5.96824
-5.9927
-6.00615
-6.01077
-6.00572
-5.97987
-5.93045
-5.86308
-5.78854
-5.72183
-5.67568
-5.65976
-5.66653
-5.69617
-5.74365
-5.80131
-5.86426
-5.92496
-5.97207
-6.00095
-6.00976
-5.9986
-5.97115
-5.92986
-5.87732
-5.8186
-5.76147
-5.7068
-5.66899
-5.65088
-5.65407
-5.67909
-5.71712
-5.76492
-5.81132
-5.85948
-5.90382
-5.93555
-5.95163
-5.94757
-5.921
-5.87508
-5.81546
-5.7525
-5.68962
-5.63763
-5.59618
-5.57794
-5.57835
-5.59136
-5.61965
-5.65346
-5.69517
-5.73851
-5.77882
-5.81427
-5.83971
-5.85241
-5.85136
-5.84536
-5.83522
-5.83721
-5.84922
-5.87562
-5.91126
-5.94662
-5.98021
-6.0097
-6.03641
-6.05999
-6.07625
-6.08398
-6.07291
-6.04707
-6.00629
-5.96658
-5.93876
-5.92708
-5.93274
-5.94775
-5.96913
-5.98922
-5.99382
-5.98021
-5.95046
-5.91013
-5.86347
-5.81456
-5.75904
-5.69848
-5.63441
-5.57161
-5.51708
-5.4858
-5.48848
-5.53938
-5.62004
-5.72038
-5.81599
-5.88555
-5.92873
-5.94445
-5.93436
-5.90997
-5.87394
-5.84679
-5.84076
-5.85936
-5.89828
-5.93726
-5.97053
-5.98892
-5.99151
-5.98532
-5.97395
-5.95799
-5.94259
-5.92303
-5.90407
-5.88587
-5.87832
-5.88646
-5.91063
-5.94068
-5.96003
-5.95716
-5.92712
-5.87913
-5.82535
-5.78721
-5.77513
-5.78436
-5.80737
-5.82428
-5.84124
-5.85856
-5.88115
-5.9043
-5.92373
-5.93159
-5.92472
-5.9031
-5.86964
-5.82412
-5.7882
-5.76096
-5.75752
-5.77658
-5.8148
-5.85849
-5.89021
-5.89808
-5.88505
-5.86319
-5.83513
-5.81238
-5.79642
-5.78949
-5.79439
-5.81206
-5.83392
-5.86087
-5.88723
-5.9038
-5.91161
-5.9112
-5.90841
-5.91139
-5.92044
-5.94051
-5.96105
-5.97904
-5.98192
-5.96745
-5.92937
-5.87218
-5.80314
-5.73285
-5.6709
-5.62075
-5.58213
-5.55183
-5.52358
-5.4999
-5.48009
-5.46945
-5.48038
-5.51367
-5.57419
-5.65558
-5.74596
-5.83637
-5.91795
-5.98136
-6.02651
-6.05535
-6.06067
-6.041
-5.99204
-5.92178
-5.84443
-5.77008
-5.72134
-5.70172
-5.71325
-5.74197
-5.78075
-5.8177
-5.84533
-5.85785
-5.86931
-5.88134
-5.89177
-5.90349
-5.91087
-5.91078
-5.90566
-5.89752
-5.89006
-5.87965
-5.86689
-5.855
-5.8444
-5.83305
-5.82869
-5.82812
-5.83365
-5.84913
-5.87768
-5.91702
-5.96957
-6.0236
-6.07615
-6.10989
-6.11909
-6.09404
-6.03481
-5.94538
-5.83903
-5.73235
-5.65098
-5.61437
-5.62272
-5.66515
-5.72592
-5.78778
-5.84238
-5.88233
-5.90724
-5.91935
-5.91328
-5.89671
-5.87311
-5.84689
-5.82281
-5.81192
-5.81258
-5.82018
-5.8299
-5.83808
-5.83817
-5.83063
-5.81452
-5.79302
-5.76454
-5.73786
-5.7237
-5.72469
-5.7433
-5.77721
-5.82407
-5.8691
-5.91054
-5.93752
-5.95404
-5.96343
-5.96762
-5.97232
-5.97283
-5.96786
-5.94673
-5.91165
-5.87227
-5.83776
-5.80886
-5.78164
-5.75954
-5.73935
-5.72234
-5.708
-5.69858
-5.69929
-5.71636
-5.75474
-5.81937
-5.90392
-5.99491
-6.07769
-6.13824
-6.17177
-6.18693
-6.18206
-6.16198
-6.12439
-6.07279
-6.00672
-5.93246
-5.84752
-5.76481
-5.68828
-5.62695
-5.58981
-5.58011
-5.58974
-5.61587
-5.64929
-5.69035
-5.73146
-5.77069
-5.79657
-5.80712
-5.79721
-5.77832
-5.7544
-5.73397
-5.72776
-5.74323
-5.78202
-5.83052
-5.87657
-5.9186
-5.9558
-5.99238
-6.02822
-6.0547
-6.06975
-6.06296
-6.03992
-6.00407
-5.96532
-5.92965
-5.90578
-5.89541
-5.89425
-5.89443
-5.88814
-5.87397
-5.85961
-5.84144
-5.82673
-5.81048
-5.80067
-5.79783
-5.80805
-5.83237
-5.86748
-5.90458
-5.93129
-5.94356
-5.94198
-5.92466
-5.90307
-5.88778
-5.88507
-5.88448
-5.88238
-5.87691
-5.86439
-5.84305
-5.81524
-5.78871
-5.77285
-5.77192
-5.78891
-5.81458
-5.84062
-5.86147
-5.87088
-5.87343
-5.86484
-5.84588
-5.81724
-5.78054
-5.73662
-5.69522
-5.6657
-5.64886
-5.64202
-5.64158
-5.64034
-5.636
-5.63629
-5.64108
-5.65551
-5.68377
-5.72195
-5.76167
-5.80045
-5.83657
-5.86448
-5.8823
-5.88651
-5.87481
-5.85202
-5.82953
-5.81278
-5.81468
-5.83297
-5.86029
-5.88943
-5.91044
-5.91265
-5.89742
-5.86107
-5.80888
-5.74844
-5.69168
-5.65494
-5.65029
-5.67729
-5.72777
-5.79528
-5.86638
-5.93065
-5.98742
-6.03174
-6.0553
-6.06314
-6.05031
-6.02262
-5.98673
-5.94793
-5.91173
-5.88174
-5.85238
-5.82484
-5.79475
-5.76635
-5.73898
-5.71468
-5.69022
-5.66734
-5.65055
-5.6391
-5.63818
-5.65644
-5.69623
-5.75697
-5.82974
-5.9048
-5.96995
-6.02063
-6.04537
-6.04894
-6.03483
-6.01051
-5.99001
-5.96992
-5.95025
-5.92637
-5.89235
-5.84495
-5.78601
-5.72569
-5.67215
-5.64019
-5.63779
-5.65987
-5.70026
-5.74574
-5.78943
-5.82383
-5.83988
-5.8376
-5.81539
-5.77724
-5.73889
-5.70836
-5.69742
-5.70892
-5.7398
-5.77881
-5.82159
-5.86505
-5.91206
-5.95896
-6.00603
-6.05265
-6.09392
-6.12675
-6.14802
-6.14984
-6.13373
-6.10095
-6.06194
-6.01845
-5.97635
-5.93779
-5.90389
-5.86801
-5.83361
-5.80282
-5.78494
-5.77736
-5.78238
-5.79113
-5.79452
-5.79412
-5.79098
-5.78884
-5.79028
-5.7911
-5.78399
-5.76379
-5.72313
-5.6644
-5.59911
-5.54015
-5.51257
-5.52161
-5.56253
-5.61984
-5.6715
-5.70679
-5.72907
-5.73743
-5.74079
-5.75454
-5.78299
-5.83186
-5.89294
-5.96329
-6.0297
-6.08171
-6.11741
-6.13691
-6.14445
-6.13773
-6.12297
-6.10141
-6.06864
-6.02755
-5.9771
-5.91854
-5.86014
-5.8197
-5.80159
-5.80079
-5.81355
-5.83047
-5.84116
-5.83623
-5.8208
-5.7996
-5.78272
-5.76955
-5.77041
-5.78118
-5.7968
-5.80934
-5.82311
-5.83915
-5.86474
-5.90584
-5.95391
-5.99594
-6.02626
-6.03566
-6.02434
-5.99985
-5.96523
-5.92766
-5.88717
-5.84991
-5.81753
-5.78412
-5.75132
-5.72232
-5.70632
-5.70608
-5.72628
-5.76334
-5.80396
-5.8346
-5.84139
-5.82679
-5.7986
-5.76519
-5.74255
-5.73195
-5.72861
-5.73022
-5.73999
-5.75739
-5.78121
-5.80474
-5.82399
-5.83534
-5.83152
-5.8155
-5.78918
-5.75697
-5.73022
-5.72393
-5.74436
-5.79866
-5.87648
-5.96589
-6.04863
-6.11133
-6.15712
-6.1877
-6.19616
-6.18856
-6.16017
-6.11325
-6.05558
-5.99415
-5.93514
-5.88022
-5.82509
-5.77623
-5.73517
-5.71386
-5.7172
-5.7404
-5.77429
-5.79932
-5.80731
-5.79485
-5.77008
-5.74311
-5.72724
-5.72532
-5.73297
-5.74053
-5.74337
-5.73571
-5.71517
-5.69235
-5.67647
-5.67175
-5.68585
-5.72255
-5.76892
-5.81985
-5.86153
-5.89656
-5.91986
-5.93189
-5.92738
-5.91573
-5.89992
-5.88798
-5.87586
-5.86116
-5.8398
-5.81232
-5.78343
-5.75778
-5.74661
-5.75237
-5.77888
-5.81838
-5.85837
-5.89252
-5.91038
-5.90903
-5.88575
-5.84572
-5.79899
-5.75574
-5.72698
-5.72025
-5.73453
-5.76589
-5.80312
-5.84181
-5.87132
-5.89884
-5.92295
-5.94521
-5.96573
-5.98442
-6.00041
-6.00717
-6.00171
-5.99203
-5.9802
-5.97258
-5.96601
-5.96447
-5.96125
-5.9623
-5.95927
-5.95394
-5.93638
-5.91029
-5.865
-5.81062
-5.75243
-5.70307
-5.67121
-5.66869
-5.69171
-5.72841
-5.77519
-5.81878
-5.8526
-5.87141
-5.87717
-5.87168
-5.8545
-5.83086
-5.80453
-5.78284
-5.7663
-5.76064
-5.76938
-5.79615
-5.83745
-5.89133
-5.94432
-5.99406
-6.02437
-6.03157
-6.01542
-5.9824
-5.9477
-5.92785
-5.92459
-5.93026
-5.93646
-5.93039
-5.9106
-5.87952
-5.84305
-5.81171
0
0
0
0
0
0
0
0
0
0
0
0
0
0
0
0
0
0
0
0
0
0
0
0
0
0
0
0
0
0
0
0
0
0
0
0
0
0
0
0
0
0
0
0
0
0
0
0
0
0
0
0
0
0
0
0
0
0
0
0
0
0
0
0
0
0
0
0
0
0
0
0
0
0
0
0
0
0
0
0
0
0
0
0
0
0
0
0
0
0
0
0
0
0
0
0
0
0
0
0
0
0
0
0
0
0
0
0
0
0
0
0
0
0
0
0
0
0
0
0
0
0
0
0
0
0
0
0
0
0
0
0
0
0
0
0
0
0
0
0
0
0
0
0
0
0
0
0
0
0
0
0
0
0
0
0
0
0
0
0
0
0
0
0
0
0
0
0
0
0
0
0
0
0
0
0
0
0
0
0
0
0
0
0
0
0
0
0
0
0
0
0
0
0
0
0
0
0
0
0
0
0
0
0
0
0
0
0
0
0
0
0
0
0
0
0
0
0
0
0
0
0
0
0
0
0
0
0
0
0
0
0
0
0
0
0
0
0
0
0
0
0
0
0
0
0
0
0
0
0
0
0
0
0
0
0
0
0
0
0
0
0
0
0
0
0
0
0
0
0
0
0
0
0
0
0
0
0
0
0
0
0
0
0
0
0
0
0
0
0
0
0
0
0
0
0
0
0
0
0
0
0
0
0
0
0
0
0
0
0
0
0
0
0
0
0
0
0
0
0
0
0
0
0
0
0
0
0
0
0
0
0
0
0
0
0
0
0
0
0
0
0
0
0
0
0
0
0
0
0
0
0
0
0
0
0
0
0
0
0
0
0
0
0
0
0
0
0
0
0
0
0
0
0
0
0
0
0
0
0
0
0
0
0
0
0
0
0
0
0
0
0
0
0
0
0
0
0
0
0
0
0
0
0
0
0
0
0
0
0
0
0
0
0
0
0
0
0
0
0
0
0
0
0
0
0
0
0
0
0
0
0
0
0
0
0
0
0
0
0
0
0
0
0
0
0
0
0
0
0
0
0
0
0
0
0
0
0
0
0
0
0
0
0
0
0
0
0
0
0
0
0
0
0
0
0
0
0
0
0
0
0
0
0
0
0
0
0
0
0
0
0
0
0
0
0
0
0
0
0
0
0
0
0
0
0
0
0
0
0
0
0
0
0
0
0
0
0
0
0
0
0
0
0
0
0
0
0
0
0
0
0
0
0
0
0
0
0
0
0
0
0
0
0
0
0
0
0
0
0
0
0
0
0
0
0
0
0
0
0
0
0
0
0
0
0
0
0
0
0
0
0
0
0
0
0
0
0
0
0
0
0
0
0
0
0
0
0
0
0
0
0
0
0
0
0
0
0
0
0
0
0
0
0
0
0
0
0
0
0
0
0
0
0
0
0
0
0
0
0
0
0
0
0
0
0
0
0
0
0
0
0
0
0
0
0
0
0
0
0
0
0
0
0
0
0
0
0
0
0
0
0
0
0
0
0
0
0
0
0
0
0
0
0
0
0
0
0
0
0
0
0
0
0
0
0
0
0
0
0
0
0
0
0
0
0
0
0
0
0
0
0
0
0
0
0
0
0
0
0
0
0
0
0
0
0
0
0
0
0
0
0
0
0
0
0
0
0
0
0
0
0
0
0
0
0
0
0
0
0
0
0
0
0
0
0
0
0
0
0
0
0
0
0
0
0
0
0
0
0
0
0
0
0
0
0
0
0
0
0
0
0
0
0
0
0
0
0
0
0
0
0
0
0
0
0
0
0
0
0
0
0
0
0
0
0
0
0
0
0
0
0
0
0
0
0
0
0
0
0
0
0
0
0
0
0
0
0
0
0
0
0
0
0
0
0
0
0
0
0
0
0
0
0
0
0
0
0
0
0
0
0
0
0
0
0
0
0
0
0
0
0
0
0
0
0
0
0
0
0
0
0
0
0
0
0
0
0
0
0
0
0
0
0
0
0
0
0
0
0
0
0
0
0
0
0
0
0
0
0
0
0
0
0
0
0
0
0
0
0
0
0
0
0
0
0
0
0
0
0
0
0
0
0
0
0
0
0
0
0
0
0
0
0
0
0
0
0
0
0
0
0
0
0
0
0
0
0
0
0
0
0
0
0
0
0
0
0
0
0
0
0
0
0
0
0
0
0
0
0
0
0
0
0
0
0
0
0
0
0
0
0
0
0
0
0
0
0
0
0
0
0
0
0
0
0
0
0
0
0
0
0
0
0
0
0
0
0
0
0
0
0
0
0
0
0
0
0
0
0
0
0
0
0
0
0
0
0
0
0
0
0
0
0
0
0
0
0
0
0
0
0
0
0
0
0
0
0
0
0
0
0
0
0
0
0
0
0
0
0
0
0
0
0
0
0
0
0
0
0
0
0
0
0
0
0
0
0
0
0
0
0
0
0
0
0
0
0
0
0
0
0
0
0
0
0
0
0
0
0
0
0
0
0
0
0
0
0
0
0
0
0
0
0
0
0
0
0
0
0
0
0
0
0
0
0
0
0
0
0
0
0
0
0
0
0
0
0
0
0
0
0
0
0
0
0
0
0
0
0
0
0
0
0
0
0
0
0
0
0
0
0
0
0
0
0
0
0
0
0
0
0
0
0
0
0
0
0
0
0
0
0
0
0
0
0
0
0
0
0
0
0
0
0
0
0
0
0
0
0
0
0
0
0
0
0
0
0
0
0
0
0
0
0
0
0
0
0
0
0
0
0
0
0
0
0
0
0
0
0
0
0
0
0
0
0
0
0
0
0
0
0
0
0
0
0
0
0
0
0
0
0
0
0
0
0
0
0
0
0
0
0
0
0
0
0
0
0
0
0
0
0
0
0
0
0
0
0
0
0
0
0
0
0
0
0
0
0
0
0
0
0
0
0
0
0
0
0
0
0
0
0
0
0
0
0
0
0
0
0
0
0
0
0
0
0
0
0
0
0
0
0
0
0
0
0
0
0
0
0
0
0
0
0
0
0
0
0
0
0
0
0
0
0
0
0
0
0
0
0
0
0
0
0
0
0
0
0
0
0
0
0
0
0
0
0
0
0
0
0
0
0
0
0
0
0
0
0
0
0
0
0
0
0
0
0
0
0
0
0
0
0
0
0
0
0
0
0
0
0
0
0
0
0
0
0
0
0
0
0
0
0
0
0
0
0
0
0
0
0
0
0
0
0
0
0
0
0
0
0
0
0
0
0
0
0
0
0
0
0
0
0
0
0
0
0
0
0
0
0
0
0
0
0
0
0
0
0
0
0
0
0
0
0
0
0
0
0
0
0
0
0
0
0
0
0
0
0
0
0
0
0
0
0
0
0
0
0
0
0
0
0
0
0
0
0
0
0
0
0
0
0
0
0
0
0
0
0
0
0
0
0
0
0
0
0
0
0
0
0
0
0
0
0
0
0
0
0
0
0
0
0
0
0
0
0
0
0
0
-6.00461
-6.02512
-6.03553
-6.03101
-6.01397
-5.98618
-5.95285
-5.92311
-5.90122
-5.8953
-5.90097
-5.90963
-5.92434
-5.93694
-5.94813
-5.96175
-5.97752
-5.99389
-6.00183
-5.99842
-5.97955
-5.94979
-5.91979
-5.90058
-5.89896
-5.9147
-5.94709
-5.98772
-6.02512
-6.05027
-6.05349
-6.03475
-5.99455
-5.94291
-5.89005
-5.84941
-5.83172
-5.84305
-5.88343
-5.93967
-6.00522
-6.06263
-6.10124
-6.11578
-6.10376
-6.06928
-6.01946
-5.95408
-5.88365
-5.81363
-5.75129
-5.70225
-5.66472
-5.6448
-5.64682
-5.66342
-5.68958
-5.7239
-5.76028
-5.80047
-5.84245
-5.88498
-5.92297
-5.95922
-5.98753
-6.00732
-6.01916
-6.0192
-6.0171
-6.00763
-5.99717
-5.9884
-5.98487
-5.99329
-6.00886
-6.02765
-6.03929
-6.04381
-6.03055
-6.00156
-5.96834
-5.93717
-5.91565
-5.9136
-5.9334
-5.97003
-6.00216
-6.02341
-6.02605
-6.00936
-5.97507
-5.93385
-5.89836
-5.86756
-5.85853
-5.86745
-5.89585
-5.9404
-5.99667
-6.05465
-6.10833
-6.15028
-6.17651
-6.18023
-6.15398
-6.10349
-6.03989
-5.98274
-5.93715
-5.90377
-5.8767
-5.85719
-5.83611
-5.81698
-5.80762
-5.80821
-5.81259
-5.81778
-5.81966
-5.82042
-5.82616
-5.84316
-5.87393
-5.90891
-5.93751
-5.95395
-5.95215
-5.93555
-5.90205
-5.86157
-5.82076
-5.78643
-5.7652
-5.767
-5.78962
-5.82489
-5.8674
-5.91278
-5.95146
-5.98261
-5.9978
-6.00742
-6.00435
-5.99097
-5.97236
-5.94402
-5.90903
-5.87295
-5.84482
-5.84086
-5.86884
-5.93404
-6.02461
-6.11667
-6.19739
-6.25575
-6.28513
-6.29244
-6.27574
-6.2415
-6.19601
-6.14033
-6.08589
-6.04045
-5.99963
-5.96698
-5.93276
-5.89412
-5.85153
-5.80427
-5.76231
-5.73523
-5.72795
-5.75152
-5.79422
-5.84193
-5.87604
-5.89358
-5.89042
-5.87629
-5.86591
-5.86389
-5.86765
-5.87496
-5.8759
-5.86977
-5.85814
-5.8378
-5.81554
-5.78786
-5.75969
-5.73153
-5.71428
-5.71151
-5.72847
-5.76867
-5.82674
-5.89391
-5.95793
-6.01603
-6.05913
-6.09112
-6.11311
-6.1215
-6.11986
-6.11479
-6.09875
-6.07364
-6.04125
-6.01391
-6.00202
-6.01242
-6.03836
-6.05856
-6.06959
-6.06708
-6.05215
-6.03391
-6.0141
-5.9962
-5.98324
-5.97502
-5.97218
-5.97613
-5.98379
-5.99277
-6.00225
-6.00481
-5.9987
-5.98212
-5.9533
-5.91225
-5.85937
-5.79706
-5.74249
-5.70277
-5.68866
-5.71044
-5.76727
-5.84613
-5.93314
-6.01515
-6.07515
-6.11548
-6.13967
-6.15266
-6.15053
-6.13411
-6.10324
-6.0621
-6.00295
-5.93226
-5.8579
-5.78825
-5.73857
-5.71316
-5.71634
-5.74302
-5.77896
-5.82102
-5.86122
-5.8994
-5.93163
-5.96383
-5.98322
-5.99148
-5.9769
-5.94222
-5.8967
-5.85239
-5.82012
-5.80698
-5.81772
-5.83844
-5.86351
-5.88201
-5.89266
-5.90205
-5.91558
-5.93139
-5.94954
-5.96541
-5.97949
-5.9875
-5.9918
-5.98947
-5.975
-5.94523
-5.9097
-5.87797
-5.85932
-5.85241
-5.86458
-5.88751
-5.91761
-5.95328
-5.99633
-6.04838
-6.10845
-6.17017
-6.22336
-6.25867
-6.26944
-6.26
-6.22453
-6.16728
-6.09315
-6.01371
-5.93311
-5.85743
-5.79782
-5.76116
-5.74915
-5.75373
-5.77156
-5.79616
-5.83001
-5.87056
-5.92048
-5.97981
-6.04173
-6.10185
-6.15171
-6.18491
-6.19954
-6.18947
-6.15387
-6.09513
-6.01866
-5.92932
-5.83896
-5.7556
-5.68895
-5.64943
-5.62905
-5.62823
-5.6459
-5.67676
-5.71506
-5.75945
-5.80231
-5.83757
-5.86833
-5.88564
-5.89395
-5.89821
-5.90371
-5.91829
-5.94053
-5.97263
-6.00576
-6.03324
-6.05457
-6.06294
-6.06194
-6.04712
-6.02377
-6.00378
-5.98666
-5.9776
-5.97746
-5.98427
-5.99812
-6.01127
-6.01893
-6.02196
-6.01848
-6.01665
-6.01079
-6.0127
-6.01644
-6.01853
-6.02277
-6.02321
-6.01853
-6.00867
-5.99786
-5.9884
-5.9756
-5.96099
-5.94586
-5.92607
-5.89663
-5.85779
-5.81389
-5.77234
-5.74593
-5.73723
-5.75071
-5.78277
-5.82621
-5.8735
-5.91777
-5.94934
-5.96983
-5.97206
-5.95401
-5.92299
-5.88158
-5.84117
-5.81107
-5.80232
-5.81629
-5.84845
-5.88806
-5.92558
-5.95491
-5.97647
-5.9836
-5.9727
-5.94313
-5.89419
-5.83192
-5.76451
-5.70419
-5.66115
-5.63516
-5.62684
-5.636
-5.65826
-5.69108
-5.73253
-5.77521
-5.82327
-5.87273
-5.92547
-5.97173
-6.00607
-6.02501
-6.0322
-6.02848
-6.01942
-6.01221
-6.00773
-6.00474
-6.00174
-5.99522
-5.98341
-5.96701
-5.94493
-5.91943
-5.89703
-5.88458
-5.88852
-5.91293
-5.95656
-6.00872
-6.05814
-6.08716
-6.08985
-6.06471
-6.02022
-5.9663
-5.90883
-5.85464
-5.81113
-5.78215
-5.78002
-5.80451
-5.85098
-5.91336
-5.97865
-6.03346
-6.07178
-6.09123
-6.09285
-6.07921
-6.05442
-6.02216
-5.98483
-5.94786
-5.91079
-5.87495
-5.84489
-5.81795
-5.80097
-5.79172
-5.79136
-5.79885
-5.81298
-5.83301
-5.85776
-5.88684
-5.91342
-5.93295
-5.94012
-5.94115
-5.93968
-5.93678
-5.9359
-5.93511
-5.93119
-5.91942
-5.90023
-5.88238
-5.87537
-5.88372
-5.90478
-5.93357
-5.96077
-5.9793
-5.98369
-5.97363
-5.95465
-5.92915
-5.90178
-5.86933
-5.82852
-5.78074
-5.73789
-5.71751
-5.72673
-5.77502
-5.85473
-5.95356
-6.04661
-6.11732
-6.15935
-6.1648
-6.14573
-6.11423
-6.07928
-6.04314
-6.00515
-5.96771
-5.94433
-5.94117
-5.9592
-5.99356
-6.03515
-6.07204
-6.09289
-6.09469
-6.07879
-6.05544
-6.02577
-5.99143
-5.95184
-5.90711
-5.86849
-5.84562
-5.85399
-5.8882
-5.94007
-5.99759
-6.0461
-6.08041
-6.09292
-6.08371
-6.05182
-6.00634
-5.953
-5.90382
-5.86383
-5.83893
-5.82634
-5.82199
-5.82038
-5.82259
-5.82967
-5.84021
-5.84931
-5.85435
-5.85696
-5.85484
-5.85834
-5.86771
-5.88391
-5.90724
-5.93237
-5.95386
-5.97547
-5.9962
-6.01292
-6.02334
-6.02272
-6.01422
-5.99958
-5.989
-5.98401
-5.98375
-5.99697
-6.01622
-6.03986
-6.05182
-6.05347
-6.03628
-6.01025
-5.9824
-5.96037
-5.95639
-5.96502
-5.98053
-5.99563
-6.00996
-6.01973
-6.02999
-6.0398
-6.04927
-6.05107
-6.05002
-6.03907
-6.01929
-5.99432
-5.96846
-5.94445
-5.9267
-5.9165
-5.91421
-5.91229
-5.90794
-5.89701
-5.88077
-5.86023
-5.83542
-5.80567
-5.77432
-5.75156
-5.74415
-5.75508
-5.78294
-5.82079
-5.85928
-5.8942
-5.92542
-5.95195
-5.97272
-5.9902
-6.00317
-6.01185
-6.01573
-6.01876
-6.01599
-6.01024
-6.00289
-5.99284
-5.98187
-5.97067
-5.95862
-5.94143
-5.92068
-5.89523
-5.86964
-5.85539
-5.85801
-5.88423
-5.93075
-5.98477
-6.03822
-6.08276
-6.11217
-6.13016
-6.13251
-6.12773
-6.11538
-6.09686
-6.0687
-6.03584
-6.00278
-5.97311
-5.94646
-5.92359
-5.9014
-5.87367
-5.84529
-5.82114
-5.8024
-5.79353
-5.7919
-5.79965
-5.81754
-5.84571
-5.88139
-5.92266
-5.96356
-5.99718
-6.02057
-6.02466
-6.00848
-5.97052
-5.91764
-5.85749
-5.80363
-5.76995
-5.76787
-5.79674
-5.84289
-5.90614
-5.96522
-6.01447
-6.04764
-6.05851
-6.04691
-6.0117
-5.95815
-5.88898
-5.81099
-5.73277
-5.66569
-5.62244
-5.6133
-5.6382
-5.69283
-5.7654
-5.84936
-5.92715
-5.98696
-6.02478
-6.04119
-6.03833
-6.02143
-5.99536
-5.97105
-5.95285
-5.94782
-5.94979
-5.96207
-5.97011
-5.97843
-5.98071
-5.97713
-5.96823
-5.97065
-5.98729
-6.01648
-6.04847
-6.07774
-6.10443
-6.12668
-6.13918
-6.1474
-6.14322
-6.12942
-6.10174
-6.06061
-6.01032
-5.95805
-5.91426
-5.87779
-5.85034
-5.83174
-5.80732
-5.78127
-5.74957
-5.71938
-5.70229
-5.69471
-5.6978
-5.71447
-5.74104
-5.77988
-5.82712
-5.87762
-5.93063
-5.9771
-6.02027
-6.05226
-6.07143
-6.07734
-6.06949
-6.04813
-6.02463
-6.00323
-5.98965
-5.99113
-6.00614
-6.029
-6.04757
-6.05751
-6.05111
-6.02774
-5.99123
-5.94188
-5.89481
-5.85649
-5.83522
-5.83038
-5.83444
-5.84748
-5.8583
-5.86613
-5.8694
-5.87071
-5.87116
-5.87719
-5.8909
-5.91539
-5.94868
-5.98756
-6.0288
-6.06709
-6.09262
-6.10689
-6.10411
-6.08879
-6.06645
-6.04255
-6.02074
-6.00942
-6.00756
-6.01457
-6.02395
-6.02877
-6.02025
-5.99518
-5.95118
-5.89444
-5.83876
-5.79779
-5.7772
-5.77962
-5.80157
-5.8397
-5.89408
-5.95589
-6.01729
-6.06102
-6.07983
-6.06986
-6.02952
-5.9642
-5.89056
-5.82102
-5.76805
-5.74273
-5.74484
-5.76858
-5.80397
-5.8436
-5.8807
-5.91178
-5.94192
-5.95983
-5.97242
-5.97942
-5.97747
-5.97659
-5.97008
-5.96461
-5.95652
-5.94502
-5.92678
-5.90199
-5.87024
-5.8427
-5.82492
-5.82614
-5.85596
-5.90644
-5.96806
-6.02144
-6.05923
-6.08061
-6.08503
-6.07587
-6.0574
-6.0292
-5.99874
-5.96183
-5.92352
-5.89096
-5.87009
-5.86585
-5.88134
-5.90751
-5.9384
-5.96082
-5.97417
-5.9798
-5.98624
-6.00557
-6.03562
-6.06927
-6.0992
-6.11879
-6.12037
-6.106
-6.0781
-6.03855
-5.99462
-5.94911
-5.91378
-5.89159
-5.87667
-5.86877
-5.8636
-5.85831
-5.85382
-5.85303
-5.86146
-5.87872
-5.90875
-5.9506
-5.99369
-6.03198
-6.06151
-6.07062
-6.06185
-6.02807
-5.97548
-5.91134
-5.84126
-5.77153
-5.70426
-5.64715
-5.60449
-5.58306
-5.58844
-5.61582
-5.66253
-5.72557
-5.7925
-5.85599
-5.91175
-5.95506
-5.98807
-6.01017
-6.02283
-6.02546
-6.0203
-6.00592
-5.98291
-5.96504
-5.94903
-5.94236
-5.95118
-5.97641
-6.01115
-6.05027
-6.08122
-6.09349
-6.09336
-6.08374
-6.06687
-6.04863
-6.03727
-6.03203
-6.0318
-6.02843
-6.02447
-6.02272
-6.01735
-6.01415
-6.00828
-5.99988
-5.98252
-5.95987
-5.93471
-5.91762
-5.90723
-5.90212
-5.89991
-5.90401
-5.91386
-5.92462
-5.9295
-5.92649
-5.91124
-5.88534
-5.85416
-5.82246
-5.79794
-5.78936
-5.79138
-5.79781
-5.81211
-5.82326
-5.83601
-5.85584
-5.88161
-5.9119
-5.94245
-5.96926
-5.99035
-6.00493
-6.0123
-6.01895
-6.02169
-6.01469
-6.00186
-5.97821
-5.95535
-5.93389
-5.91972
-5.90804
-5.9008
-5.88923
-5.87755
-5.87068
-5.86908
-5.87567
-5.88736
-5.90253
-5.9145
-5.91477
-5.90182
-5.87821
-5.84721
-5.81842
-5.79683
-5.78601
-5.78191
-5.78459
-5.7944
-5.8039
-5.81336
-5.81748
-5.8165
-5.81051
-5.8049
-5.80079
-5.80015
-5.80318
-5.81921
-5.83572
-5.84744
-5.8505
-5.84284
-5.82364
-5.79737
-5.76901
-5.74325
-5.72412
-5.71308
-5.70927
-5.71122
-5.71915
-5.7344
-5.75728
-5.79387
-5.85035
-5.93178
-6.02731
-6.11642
-6.17897
-6.19952
-6.17951
-6.12218
-6.03622
-5.93639
-5.83903
-5.75708
-5.70251
-5.67653
-5.68439
-5.70718
-5.74265
-5.78418
-5.82113
-5.85043
-5.87691
-5.88878
-5.88959
-5.87615
-5.84778
-5.80257
-5.75593
-5.71617
-5.69394
-5.69312
-5.71484
-5.7529
-5.80117
-5.85039
-5.90118
-5.9526
-5.99732
-6.03565
-6.05459
-6.05483
-6.01936
-5.95086
-5.85419
-5.75209
-5.66341
-5.60624
-5.59178
-5.61489
-5.66176
-5.72585
-5.78864
-5.84403
-5.88105
-5.90177
-5.90276
-5.89629
-5.88286
-5.86694
-5.85106
-5.83408
-5.81185
-5.78562
-5.75943
-5.74209
-5.74129
-5.76252
-5.80355
-5.85748
-5.91593
-5.97176
-6.01611
-6.04215
-6.05091
-6.05081
-6.04727
-6.0419
-6.02238
-5.98807
-5.94367
-5.91166
-5.88616
-5.86353
-5.83815
-5.81492
-5.80087
-5.79894
-5.8035
-5.80943
-5.81543
-5.82236
-5.83024
-5.83767
-5.85254
-5.87121
-5.89286
-5.90367
-5.90073
-5.88368
-5.85652
-5.81819
-5.7747
-5.73303
-5.69568
-5.66553
-5.65343
-5.65722
-5.68211
-5.71626
-5.75597
-5.78917
-5.80859
-5.81682
-5.81372
-5.8077
-5.79613
-5.78209
-5.76856
-5.75799
-5.75888
-5.77437
-5.80269
-5.83823
-5.87114
-5.89907
-5.92246
-5.94289
-5.96006
-5.96612
-5.95541
-5.92581
-5.8882
-5.85445
-5.84146
-5.84835
-5.87746
-5.91985
-5.95487
-5.97447
-5.97106
-5.94764
-5.90697
-5.84561
-5.77791
-5.70595
-5.64581
-5.60827
-5.59078
-5.59905
-5.62516
-5.65941
-5.69783
-5.72745
-5.75514
-5.77779
-5.79893
-5.81818
-5.82823
-5.8348
-5.83762
-5.8436
-5.8628
-5.8906
-5.92041
-5.9472
-5.96691
-5.97382
-5.96265
-5.94062
-5.91335
-5.88927
-5.87713
-5.87915
-5.89269
-5.91615
-5.94525
-5.96624
-5.97327
-5.96328
-5.93799
-5.90488
-5.8752
-5.852
-5.84069
-5.83426
-5.83033
-5.81975
-5.80115
-5.77733
-5.75089
-5.73073
-5.70844
-5.68807
-5.67567
-5.6694
-5.67325
-5.69163
-5.72652
-5.78112
-5.83755
-5.88922
-5.92789
-5.95069
-5.95585
-5.9432
-5.91214
-5.86336
-5.81419
-5.7783
-5.77503
-5.81356
-5.87955
-5.95236
-6.01299
-6.04836
-6.06392
-6.06161
-6.04751
-6.02966
-6.01433
-5.99848
-5.98553
-5.96943
-5.94786
-5.91936
-5.8788
-5.83319
-5.78993
-5.75189
-5.72262
-5.70047
-5.68834
-5.68561
-5.69142
-5.70667
-5.72322
-5.74526
-5.76998
-5.79235
-5.81591
-5.82875
-5.83354
-5.82511
-5.81212
-5.79272
-5.7804
-5.77285
-5.77677
-5.78351
-5.79658
-5.8179
-5.84722
-5.88289
-5.90848
-5.91526
-5.90794
-5.88612
-5.86144
-5.83931
-5.82937
-5.83965
-5.86791
-5.90682
-5.95507
-5.99557
-6.02286
-6.02831
-6.01259
-5.97243
-5.90606
-5.82493
-5.73752
-5.65658
-5.59692
-5.56238
-5.55514
-5.57305
-5.61444
-5.67611
-5.75118
-5.83284
-5.9152
-5.98715
-6.04487
-6.08568
-6.10511
-6.10954
-6.09265
-6.05799
-6.00774
-5.95086
-5.89802
-5.85322
-5.81854
-5.79286
-5.77303
-5.75808
-5.74521
-5.74127
-5.74033
-5.74521
-5.75685
-5.76739
-5.77525
-5.78508
-5.78971
-5.79624
-5.80539
-5.8218
-5.84965
-5.89487
-5.94588
-5.98544
-5.9993
-5.97386
-5.91869
-5.84295
-5.76649
-5.70272
-5.66277
-5.64853
-5.65813
-5.68155
-5.72653
-5.77957
-5.83528
-5.88612
-5.92203
-5.94298
-5.94204
-5.92508
-5.89871
-5.87059
-5.84558
-5.82022
-5.79759
-5.7745
-5.75153
-5.72805
-5.71425
-5.71768
-5.74455
-5.79236
-5.85136
-5.90671
-5.95329
-5.98127
-5.99019
-5.9831
-5.96045
-5.93009
-5.90348
-5.89326
-5.89552
-5.9085
-5.92458
-5.93139
-5.92788
-5.91
-5.88319
-5.85753
-5.83665
-5.81704
-5.80129
-5.78473
-5.76572
-5.74443
-5.72145
-5.70144
-5.68652
-5.68219
-5.69194
-5.70734
-5.73707
-5.77286
-5.81207
-5.84449
-5.86677
-5.87489
-5.8662
-5.83706
-5.79661
-5.75203
-5.71444
-5.68525
-5.67344
-5.6755
-5.69213
-5.7206
-5.75432
-5.78581
-5.81346
-5.83237
-5.83969
-5.84178
-5.83843
-5.83544
-5.82622
-5.81742
-5.81128
-5.81645
-5.83482
-5.86605
-5.90385
-5.93794
-5.95725
-5.95728
-5.93959
-5.91252
-5.88564
-5.86615
-5.85568
-5.85231
-5.84567
-5.83514
-5.82607
-5.82011
-5.81702
-5.81014
-5.79893
-5.78064
-5.75927
-5.73472
-5.71154
-5.70236
-5.70857
-5.73502
-5.77389
-5.82224
-5.87163
-5.92404
-5.97273
-6.01498
-6.05004
-6.07806
-6.09705
-6.1131
-6.11843
-6.11005
-6.0788
-6.03237
-5.97759
-5.91924
-5.86869
-5.83674
-5.81511
-5.80406
-5.79427
-5.77952
-5.75349
-5.72532
-5.70258
-5.68625
-5.68341
-5.68921
-5.70789
-5.73423
-5.76809
-5.80178
-5.83357
-5.85555
-5.86602
-5.86429
-5.85374
-5.84296
-5.84007
-5.84769
-5.87633
-5.91824
-5.96457
-5.99715
-6.01079
-6.00318
-5.97635
-5.93621
-5.89428
-5.86129
-5.84173
-5.83714
-5.83526
-5.82614
-5.80886
-5.78386
-5.75687
-5.73042
-5.7156
-5.71155
-5.72729
-5.7559
-5.79574
-5.83505
-5.86185
-5.86667
-5.85086
-5.81528
-5.77433
-5.73052
-5.69436
-5.66177
-5.63971
-5.63388
-5.65194
-5.68952
-5.74648
-5.82064
-5.89717
-5.96664
-6.01616
-6.04253
-6.04413
-6.01993
-5.97731
-5.92899
-5.8816
-5.83907
-5.80798
-5.78081
-5.75233
-5.72243
-5.69515
-5.67877
-5.67932
-5.70206
-5.73886
-5.78863
-5.84029
-5.89079
-5.93091
-5.95621
-5.96368
-5.95921
-5.93809
-5.9142
-5.89532
-5.89307
-5.90987
-5.94424
-5.98761
-6.02784
-6.05949
-6.07184
-6.06755
-6.04555
-6.00903
-5.96194
-5.90881
-5.85572
-5.79849
-5.74713
-5.70797
-5.68284
-5.66977
-5.66557
-5.65818
-5.64557
-5.62612
-5.62221
-5.64445
-5.69283
-5.75277
-5.80478
-5.83571
-5.84353
-5.84026
-5.82815
-5.81684
-5.80853
-5.80622
-5.81109
-5.82302
-5.84504
-5.86985
-5.89946
-5.92243
-5.94534
-5.9616
-5.97196
-5.96994
-5.95123
-5.92414
-5.89466
-5.86649
-5.85405
-5.85044
-5.86434
-5.88732
-5.90261
-5.90678
-5.8859
-5.84622
-5.7934
-5.732
-5.67528
-5.63919
-5.62744
-5.6393
-5.66512
-5.69159
-5.70516
-5.70022
-5.68559
-5.66517
-5.64465
-5.62673
-5.61537
-5.61805
-5.64405
-5.69148
-5.75247
-5.80848
-5.8497
-5.86955
-5.87451
-5.87386
-5.8805
-5.90429
-5.94314
-5.99584
-6.05357
-6.10632
-6.14549
-6.16534
-6.16224
-6.14154
-6.10514
-6.06725
-6.03228
-5.99952
-5.96682
-5.92999
-5.8788
-5.81223
-5.74399
-5.68183
-5.63922
-5.61823
-5.62423
-5.6511
-5.69119
-5.73884
-5.79091
-5.84754
-5.90784
-5.96955
-6.02225
-6.06076
-6.07318
-6.05678
-6.00604
-5.93194
-5.85429
-5.78524
-5.74319
-5.72448
-5.71998
-5.72735
-5.73857
-5.7537
-5.76667
-5.77647
-5.77285
-5.76083
-5.74434
-5.73138
-5.73331
-5.7583
-5.80108
-5.85571
-5.91085
-5.95831
-5.98911
-6.00539
-6.00337
-5.98837
-5.95857
-5.92068
-5.87887
-5.83234
-5.79244
-5.76515
-5.75622
-5.75858
-5.773
-5.79521
-5.82455
-5.8601
-5.9027
-5.94299
-5.97692
-5.99525
-5.99294
-5.97145
-5.92851
-5.87565
-5.82171
-5.78809
-5.77804
-5.79012
-5.81463
-5.8424
-5.86598
-5.87431
-5.86213
-5.82746
-5.77792
-5.72437
-5.67767
-5.64552
-5.62956
-5.64331
-5.6788
-5.73572
-5.79463
-5.85006
-5.90078
-5.94052
-5.96879
-5.98928
-6.00331
-6.00738
-5.99992
-5.9815
-5.9557
-5.92909
-5.90684
-5.88829
-5.87414
-5.85496
-5.82712
-5.79361
-5.75271
-5.7196
-5.69843
-5.70301
-5.72835
-5.77056
-5.81888
-5.86654
-5.90639
-5.93543
-5.95105
-5.94892
-5.92665
-5.88951
-5.84652
-5.80657
-5.7778
-5.75911
-5.74639
-5.73422
-5.72001
-5.70425
-5.68939
-5.67739
-5.6697
-5.67904
-5.70675
-5.75276
-5.8084
-5.85689
-5.89555
-5.92153
-5.93753
-5.944
-5.94301
-5.93415
-5.91438
-5.88985
-5.86835
-5.85138
-5.83785
-5.82301
-5.80108
-5.77543
-5.74424
-5.72849
-5.73248
-5.77049
-5.82932
-5.90113
-5.96825
-6.022
-6.05821
-6.07528
-6.06237
-6.01705
-5.94115
-5.84692
-5.7592
-5.6995
-5.68186
-5.70131
-5.74309
-5.794
-5.84877
-5.89515
-5.92725
-5.94009
-5.93377
-5.91037
-5.88419
-5.85541
-5.83389
-5.81959
-5.81347
-5.81711
-5.83515
-5.86415
-5.89454
-5.92453
-5.93927
-5.93329
-5.90725
-5.86707
-5.82365
-5.78872
-5.76548
-5.75506
-5.75073
-5.75098
-5.75632
-5.76778
-5.78835
-5.82279
-5.86513
-5.90295
-5.92248
-5.90867
-5.86829
-5.80726
-5.7483
-5.70482
-5.68699
-5.6932
-5.71705
-5.75258
-5.79383
-5.83902
-5.88085
-5.92077
-5.95465
-5.97708
-5.98504
-5.98156
-5.96511
-5.94217
-5.91928
-5.90382
-5.90194
-5.91711
-5.94399
-5.97845
-6.00778
-6.02612
-6.03029
-6.01241
-5.98078
-5.93628
-5.88874
-5.84062
-5.79808
-5.76351
-5.72928
-5.69577
-5.6614
-5.63168
-5.62045
-5.63741
-5.67821
-5.73335
-5.78941
-5.83659
-5.86749
-5.87469
-5.86391
-5.84207
-5.81797
-5.80476
-5.80224
-5.81007
-5.82363
-5.83532
-5.841
-5.83367
-5.82084
-5.79381
-5.76023
-5.72641
-5.69377
-5.67356
-5.66927
-5.67866
-5.69701
-5.71964
-5.74149
-5.7636
-5.78699
-5.8064
-5.81375
-5.81368
-5.80004
-5.77231
-5.74512
-5.71918
-5.70462
-5.70898
-5.73046
-5.767
-5.81704
-5.8733
-5.92866
-5.97732
-6.01353
-6.03182
-6.03315
-6.01662
-5.98633
-5.95252
-5.91939
-5.89872
-5.89408
-5.90412
-5.92212
-5.94014
-5.95195
-5.95016
-5.92805
-5.88937
-5.83174
-5.77204
-5.72736
-5.70099
-5.69199
-5.69143
-5.69657
-5.7113
-5.7403
-5.77993
-5.83108
-5.88385
-5.92986
-5.95634
-5.96502
-5.95556
-5.93722
-5.92361
-5.9151
-5.90903
-5.90294
-5.8848
-5.85461
-5.819
-5.78463
-5.75734
-5.74825
-5.76549
-5.80408
-5.86104
-5.92353
-5.98224
-6.02767
-6.05879
-6.06937
-6.06157
-6.03295
-5.9894
-5.93932
-5.88725
-5.84904
-5.83349
-5.83424
-5.84461
-5.86423
-5.87944
-5.88306
-5.87496
-5.84906
-5.80843
-5.76026
-5.71367
-5.68156
-5.67019
-5.68061
-5.70829
-5.73908
-5.76172
-5.78359
-5.80778
-5.83907
-5.88221
-5.93284
-5.98316
-6.02733
-6.0613
-6.07936
-6.0814
-6.06211
-6.02141
-5.96286
-5.89358
-5.822
-5.76365
-5.7266
-5.72607
-5.75286
-5.79664
-5.84486
-5.88538
-5.90263
-5.89402
-5.85413
-5.79343
-5.729
-5.67648
-5.64718
-5.64722
-5.66873
-5.70518
-5.75439
-5.80869
-5.86268
-5.91193
-5.9523
-5.99042
-6.02749
-6.06357
-6.08273
-6.07894
-6.05396
-6.01152
-5.96616
-5.92518
-5.89126
-5.87319
-5.87156
-5.88023
-5.88726
-5.88804
-5.88405
-5.87792
-5.87595
-5.87761
-5.88162
-5.88262
-5.87619
-5.86253
-5.83825
-5.81061
-5.78532
-5.769
-5.76171
-5.76518
-5.77142
-5.77839
-5.77662
-5.76356
-5.74193
-5.72028
-5.70611
-5.70823
-5.72515
-5.75079
-5.76978
-5.77397
-5.76279
-5.74423
-5.72481
-5.71575
-5.71768
-5.73817
-5.7749
-5.82321
-5.87312
-5.9246
-5.96864
-6.00179
-6.02149
-6.02709
-6.02154
-6.003
-5.97684
-5.94018
-5.89523
-5.84992
-5.80616
-5.77337
-5.7567
-5.75723
-5.76871
-5.78768
-5.80927
-5.824
-5.83234
-5.84145
-5.85229
-5.87862
-5.92564
-5.98725
-6.05205
-6.10722
-6.14428
-6.1613
-6.15892
-6.13355
-6.09246
-6.03848
-5.97682
-5.91585
-5.86174
-5.81502
-5.77783
-5.75363
-5.73695
-5.7238
-5.72108
-5.72331
-5.73266
-5.73996
-5.73805
-5.72551
-5.71102
-5.6961
-5.67898
-5.66268
-5.64756
-5.64058
-5.65249
-5.68458
-5.73252
-5.78638
-5.83303
-5.8614
-5.87417
-5.87253
-5.85574
-5.84387
-5.83613
-5.83877
-5.85528
-5.87994
-5.90929
-5.94374
-5.9832
-6.0196
-6.04574
-6.05166
-6.03356
-5.99275
-5.93305
-5.85903
-5.78198
-5.71545
-5.66536
-5.65405
-5.67666
-5.73527
-5.81374
-5.89998
-5.98039
-6.0441
-6.09012
-6.11135
-6.11007
-6.08586
-6.04881
-6.00557
-5.96752
-5.94461
-5.9389
-5.94958
-5.97064
-5.99003
-6.00346
-5.99799
-5.9755
-5.94161
-5.89839
-5.84743
-5.79549
-5.74819
-5.71058
-5.68768
-5.6834
-5.69267
-5.71314
-5.73893
-5.76539
-5.79869
-5.83317
-5.86714
-5.89423
-5.91179
-5.91686
-5.91076
-5.89647
-5.87791
-5.86375
-5.85789
-5.85831
-5.86154
-5.85529
-5.83818
-5.81533
-5.7938
-5.78145
-5.78085
-5.79343
-5.81817
-5.85411
-5.89306
-5.92854
-5.9568
-5.97603
-5.98251
-5.98039
-5.97589
-5.97711
-5.98464
-6.00148
-6.0151
-6.01722
-6.00414
-5.97964
-5.94234
-5.90057
-5.85606
-5.80976
-5.76957
-5.7333
-5.70845
-5.70306
-5.72188
-5.76637
-5.82653
-5.89272
-5.95625
-6.00383
-6.0393
-6.06438
-6.07681
-6.07777
-6.07673
-6.06988
-6.0612
-6.04732
-6.02428
-5.99507
-5.95848
-5.91757
-5.87054
-5.82113
-5.77589
-5.73864
-5.71358
-5.69571
-5.68491
-5.67332
-5.66317
-5.65231
-5.64393
-5.64679
-5.66226
-5.69423
-5.73688
-5.78886
-5.84117
-5.88875
-5.92107
-5.93726
-5.94957
-5.9617
-5.97458
-5.98525
-5.98817
-5.97596
-5.95077
-5.91844
-5.88889
-5.86567
-5.85156
-5.84419
-5.84329
-5.85484
-5.87905
-5.91235
-5.94264
-5.97158
-5.99166
-5.99952
-5.99387
-5.97749
-5.95049
-5.92346
-5.89882
-5.88504
-5.88879
-5.9019
-5.9168
-5.92098
-5.91203
-5.88544
-5.84264
-5.79515
-5.74633
-5.70283
-5.67697
-5.67447
-5.69341
-5.72782
-5.76394
-5.78977
-5.80195
-5.79566
-5.77898
-5.75766
-5.73992
-5.73693
-5.75146
-5.77604
-5.79826
-5.81242
-5.82476
-5.85176
-5.89714
-5.94889
-5.99697
-6.0371
-6.07004
-6.09345
-6.10202
-6.09777
-6.07646
-6.04907
-6.0125
-5.96809
-5.92001
-5.86689
-5.8098
-5.75302
-5.71506
-5.7024
-5.72
-5.75728
-5.80097
-5.83168
-5.83807
-5.81681
-5.77688
-5.73293
-5.70626
-5.71038
-5.75115
-5.81407
-5.88195
-5.93041
-5.95113
-5.94868
-5.92803
-5.90243
-5.87682
-5.854
-5.8302
-5.8053
-5.78923
-5.795
-5.82319
-5.87844
-5.94353
-6.00963
-6.06306
-6.10304
-6.12938
-6.13569
-6.11889
-6.08047
-6.02448
-5.97113
-5.92276
-5.88806
-5.85757
-5.8277
-5.79444
-5.76463
-5.74392
-5.73356
-5.73816
-5.76007
-5.7834
-5.8036
-5.8182
-5.82369
-5.83075
-5.84763
-5.88295
-5.93133
-5.9782
-6.01089
-6.0173
-6.00181
-5.96413
-5.92245
-5.87759
-5.84287
-5.82385
-5.82348
-5.84341
-5.87659
-5.91032
-5.93421
-5.94276
-5.93547
-5.926
-5.92367
-5.9301
-5.93877
-5.93522
-5.91461
-5.87209
-5.81243
-5.75526
-5.71166
-5.69349
-5.6988
-5.7141
-5.72632
-5.7385
-5.7519
-5.77444
-5.81119
-5.85836
-5.90772
-5.95451
-6.00592
-6.048
-6.08255
-6.0971
-6.09853
-6.08635
-6.06691
-6.04436
-6.02457
-6.00534
-5.9878
-5.96949
-5.95157
-5.9264
-5.89901
-5.87147
-5.84809
-5.83024
-5.82351
-5.8202
-5.82578
-5.82625
-5.82138
-5.81492
-5.8111
-5.8098
-5.8149
-5.81354
-5.80466
-5.78942
-5.76441
-5.73843
-5.71035
-5.68538
-5.66911
-5.65835
-5.64879
-5.6456
-5.6534
-5.67286
-5.70585
-5.74859
-5.79505
-5.83448
-5.86718
-5.88685
-5.89129
-5.88574
-5.87799
-5.86917
-5.86203
-5.8656
-5.879
-5.90174
-5.92974
-5.95635
-5.98066
-5.99446
-5.99142
-5.96452
-5.9168
-5.85059
-5.77205
-5.6955
-5.636
-5.60248
-5.60688
-5.63949
-5.68983
-5.74993
-5.81463
-5.87756
-5.93262
-5.9789
-6.00506
-6.00794
-5.98964
-5.96249
-5.93648
-5.91623
-5.91032
-5.91727
-5.93186
-5.94857
-5.96009
-5.95686
-5.93712
-5.89994
-5.85895
-5.83015
-5.83105
-5.86478
-5.92297
-5.98729
-6.03575
-6.06232
-6.06937
-6.05273
-6.01649
-5.96885
-5.91105
-5.85
-5.79097
-5.74068
-5.70925
-5.69802
-5.70557
-5.7278
-5.75593
-5.78237
-5.80019
-5.80322
-5.79125
-5.77014
-5.7474
-5.74624
-5.77469
-5.83081
-5.89698
-5.958
-6.00387
-6.02897
-6.04086
-6.03945
-6.02876
-6.00433
-5.96556
-5.91906
-5.86653
-5.8193
-5.78601
-5.77321
-5.78173
-5.80763
-5.83907
-5.86562
-5.8792
-5.87677
-5.86111
-5.83195
-5.79464
-5.7597
-5.73491
-5.73032
-5.7526
-5.79154
-5.84389
-5.89745
-5.94061
-5.96041
-5.96178
-5.95127
-5.937
-5.92519
-5.91196
-5.89154
-5.8718
-5.85677
-5.85356
-5.86388
-5.88733
-5.912
-5.93174
-5.94488
-5.94017
-5.92206
-5.8912
-5.85115
-5.80976
-5.77328
-5.74765
-5.73523
-5.72962
-5.73132
-5.73296
-5.73421
-5.7316
-5.73634
-5.75101
-5.77437
-5.80562
-5.83765
-5.868
-5.89436
-5.90779
-5.90468
-5.88418
-5.85232
-5.81556
-5.78739
-5.77539
-5.78507
-5.81419
-5.85386
-5.89936
-5.94294
-5.98423
-6.02384
-6.05996
-6.08747
-6.09621
-6.08366
-6.04559
-5.98307
-5.90181
-5.81971
-5.75246
-5.70413
-5.67835
-5.66608
-5.6644
-5.66339
-5.66631
-5.67718
-5.69701
-5.72808
-5.77099
-5.81334
-5.84772
-5.8635
-5.86528
-5.86075
-5.86104
-5.87317
-5.89743
-5.92621
-5.95259
-5.96454
-5.9622
-5.94681
-5.92821
-5.91085
-5.90097
-5.89919
-5.90439
-5.92184
-5.94046
-5.95644
-5.96163
-5.96004
-5.94588
-5.92062
-5.89237
-5.86769
-5.85738
-5.85718
-5.8597
-5.86071
-5.86311
-5.86676
-5.86691
-5.86416
-5.8641
-5.86183
-5.85899
-5.85049
-5.83888
-5.82028
-5.8042
-5.79699
-5.79738
-5.80826
-5.81845
-5.82198
-5.81787
-5.80586
-5.78944
-5.77123
-5.75651
-5.7475
-5.74406
-5.74544
-5.74341
-5.73502
-5.72224
-5.70777
-5.6961
-5.69042
-5.69603
-5.71272
-5.73589
-5.76334
-5.79681
-5.83714
-5.88403
-5.93316
-5.97872
-6.01418
-6.02947
-6.02036
-5.98996
-5.94478
-5.89465
-5.84708
-5.81172
-5.79114
-5.78938
-5.8125
-5.85893
-5.91314
-5.96963
-6.01823
-6.05308
-6.07495
-6.07889
-6.06067
-6.02334
-5.9604
-5.87584
-5.77996
-5.69342
-5.64756
-5.66365
-5.73765
-5.83769
-5.92339
-5.9753
-5.99434
-5.9846
-5.95937
-5.92422
-5.8835
-5.84362
-5.80831
-5.79766
-5.81626
-5.85633
-5.8959
-5.91644
-5.90598
-5.87664
-5.83269
-5.78626
-5.7501
-5.73059
-5.73173
-5.74694
-5.77721
-5.81666
-5.86123
-5.90784
-5.95076
-5.98463
-5.99777
-5.98913
-5.96258
-5.92583
-5.88496
-5.85096
-5.82134
-5.8015
-5.78789
-5.78131
-5.78517
-5.79935
-5.81745
-5.83356
-5.83632
-5.82083
-5.78332
-5.73897
-5.70328
-5.69285
-5.71144
-5.75232
-5.81045
-5.87123
-5.92791
-5.96971
-5.99351
-6.00247
-5.99542
-5.98039
-5.9567
-5.93963
-5.93534
-5.94577
-5.97517
-6.00827
-6.03573
-6.04592
-6.03642
-6.01396
-5.97524
-5.92728
-5.87415
-5.81617
-5.7592
-5.70866
-5.67658
-5.6693
-5.6844
-5.71366
-5.74765
-5.77333
-5.78367
-5.77735
-5.76194
-5.74633
-5.74727
-5.75431
-5.76074
-5.75715
-5.74052
-5.71889
-5.70311
-5.70429
-5.72482
-5.75718
-5.79913
-5.84289
-5.87914
-5.90941
-5.93055
-5.9447
-5.95685
-5.96536
-5.96337
-5.95111
-5.93011
-5.89996
-5.86675
-5.8321
-5.80165
-5.77685
-5.7616
-5.76023
-5.77255
-5.7991
-5.83919
-5.88771
-5.93772
-5.97953
-5.99997
-5.99555
-5.96143
-5.90704
-5.8423
-5.78303
-5.73942
-5.71373
-5.7031
-5.70431
-5.71566
-5.74184
-5.77697
-5.81542
-5.85266
-5.87609
-5.89298
-5.90876
-5.928
-5.96009
-5.99807
-6.04091
-6.07347
-6.09284
-6.10428
-6.09744
-6.07507
-6.03571
-5.98134
-5.92056
-5.85824
-5.80085
-5.75969
-5.73287
-5.71674
-5.71033
-5.70129
-5.69151
-5.67823
-5.66614
-5.66255
-5.67066
-5.6953
-5.73394
-5.78343
-5.83536
-5.88025
-5.9101
-5.92282
-5.91976
-5.90396
-5.88363
-5.87025
-5.8634
-5.86784
-5.87505
-5.88471
-5.89301
-5.895
-5.89149
-5.88216
-5.86418
-5.84016
-5.81695
-5.79166
-5.76791
-5.74774
-5.73674
-5.74002
-5.75727
-5.78535
-5.81669
-5.84417
-5.87119
-5.89306
-5.91058
-5.92141
-5.92434
-5.91997
-5.9049
-5.88004
-5.84848
-5.8191
-5.79251
-5.77382
-5.77035
-5.78485
-5.80813
-5.83365
-5.85268
-5.85775
-5.84648
-5.82796
-5.8103
-5.81039
-5.83652
-5.88713
-5.9482
-6.00813
-6.04935
-6.06946
-6.06262
-6.04343
-6.01399
-5.98441
-5.94866
