2.05639
2.01612
1.98401
1.96168
1.95062
1.95235
1.96686
1.99056
2.01608
2.03592
2.04615
2.04705
2.04173
2.03481
2.03179
2.038
2.05513
2.07886
2.10038
2.11079
2.10476
2.08194
2.0468
2.00731
1.97337
1.95454
1.95762
1.98441
2.03069
2.08787
2.14604
2.1973
2.23664
2.26155
2.27107
2.26542
2.24574
2.21455
2.17564
2.1335
2.09235
2.05492
2.02202
1.99278
1.96531
1.93794
1.91124
1.88985
1.88242
1.89773
1.93815
1.99626
2.05855
2.11229
2.14984
2.16909
2.17221
2.16389
2.1497
2.13538
2.12718
2.13116
2.14966
2.17767
2.20343
2.21425
2.20301
2.17083
2.12606
2.08048
2.04476
2.02432
2.0174
2.01827
2.02285
2.03061
2.04119
2.05183
2.05885
2.06063
2.05869
2.05662
2.05717
2.0603
2.06361
2.06444
2.06232
2.06001
2.06183
2.07086
2.0873
2.10809
2.12816
2.14265
2.14928
2.14861
2.14286
2.13452
2.12555
2.11708
2.10915
2.10077
2.09146
2.08214
2.07473
2.07025
2.06718
2.06171
2.05043
2.03372
2.01688
2.00733
2.00915
2.02028
2.03563
2.05189
2.06877
2.08624
2.10218
2.11203
2.11087
2.09546
2.06571
2.02451
1.97736
1.93168
1.89626
1.87949
1.88579
1.91254
1.95104
1.99086
2.0247
2.05039
2.06911
2.08242
2.09013
2.09062
2.08241
2.0649
2.0392
2.00896
1.98027
1.95928
1.94973
1.95254
1.96727
1.99308
2.02857
2.07111
2.11641
2.15943
2.19568
2.22137
2.23349
2.22996
2.21081
2.17919
2.14062
2.10181
2.06883
2.04523
2.03161
2.02688
2.03008
2.04076
2.05807
2.0796
2.10131
2.11814
2.1251
2.11862
2.09762
2.06419
2.0233
1.98173
1.94571
1.91923
1.90352
1.89785
1.89998
1.9063
1.91289
1.91817
1.92443
1.93644
1.95771
1.98737
2.02063
2.0517
2.07733
2.09829
2.11821
2.14086
2.16733
2.19535
2.22086
2.24005
2.25017
2.24986
2.23972
2.2233
2.20668
2.19564
2.19208
2.19301
2.1934
2.18968
2.18146
2.1705
2.15866
2.14606
2.13105
2.1111
2.08332
2.04472
1.99388
1.93421
1.87606
1.83376
1.8179
1.82853
1.85678
1.89233
1.92922
1.96631
2.00478
2.04566
2.08808
2.12863
2.16181
2.18174
2.1849
2.17169
2.14638
2.1159
2.08761
2.06608
2.05102
2.03846
2.02432
2.00724
1.98925
1.97574
1.97447
1.99288
2.03361
2.09143
2.15465
2.21013
2.24823
2.26499
2.26143
2.2406
2.20534
2.15831
2.1046
2.05384
2.01925
2.01175
2.03282
2.07268
2.11606
2.14937
2.1647
2.16059
2.14014
2.10894
2.07329
2.03896
2.01091
1.99281
1.98621
1.98967
1.99907
2.00913
2.01611
2.02114
2.03027
2.04924
2.07758
2.10946
2.13883
2.16132
2.17396
2.17543
2.16568
2.14596
2.11936
2.09172
2.06925
2.05436
2.04601
2.04512
2.05568
2.0791
2.11055
2.13991
2.15666
2.15385
2.13106
2.09416
2.0529
2.01862
2.00237
2.01068
2.04127
2.08355
2.12533
2.15941
2.18534
2.20683
2.22791
2.25067
2.27483
2.29823
2.31812
2.33186
2.33662
2.32857
2.3037
2.26103
2.20534
2.14691
2.09721
2.06353
2.04719
2.04601
2.0555
2.06713
2.06904
2.05103
2.00946
1.94891
1.88078
1.81863
1.77299
1.74807
1.74203
1.74953
1.76482
1.78452
1.80913
1.84251
1.88884
1.94798
2.01338
2.07475
2.12237
2.15019
2.15701
2.14662
2.12645
2.10497
2.08862
2.08072
2.08226
2.09306
2.11175
2.13596
2.1631
2.19108
2.21752
2.23954
2.25505
2.26431
2.26968
2.27335
2.27507
2.27162
2.25863
2.23292
2.19413
2.1448
2.09008
2.03726
1.99451
1.9691
1.9645
1.97812
2.00254
2.02997
2.05692
2.08529
2.1183
2.15501
2.18877
2.21087
2.21439
2.19653
2.15956
2.11114
2.06322
2.02873
2.01632
2.02635
2.05143
2.08107
2.10628
2.12074
2.12087
2.10714
2.0859
2.06692
2.05745
2.05894
2.06893
2.08508
2.10601
2.13002
2.15393
2.1736
2.18541
2.18758
2.18073
2.16752
2.15178
2.13744
2.12572
2.11391
2.09721
2.07384
2.04778
2.02623
2.01468
2.01349
2.018
2.02075
2.01535
2.00131
1.98654
1.98447
2.00669
2.05615
2.12591
2.20244
2.2709
2.31946
2.34064
2.33085
2.28983
2.22118
2.13375
2.04178
1.96208
1.90879
1.88857
1.89803
1.92544
1.95768
1.98681
2.01092
2.0299
2.04196
2.04468
2.03822
2.02691
2.0183
2.02
2.03654
2.06759
2.10858
2.15323
2.19571
2.23136
2.25642
2.26811
2.2658
2.25181
2.23019
2.20468
2.17694
2.14698
2.11506
2.08385
2.05816
2.04238
2.03733
2.03868
2.03956
2.0367
2.03347
2.03598
2.04659
2.0617
2.07413
2.0757
2.0598
2.02435
1.9748
1.92457
1.88993
1.88184
1.90278
1.95044
2.01959
2.10018
2.17783
2.23906
2.27638
2.28987
2.28545
2.27177
2.25656
2.24378
2.23321
2.22205
2.2071
2.18732
2.16558
2.14816
2.14079
2.14365
2.15016
2.1503
2.13554
2.1019
2.05283
1.99927
1.95345
1.9227
1.9105
1.91992
1.95195
2.00208
2.06038
2.1145
2.15324
2.16954
2.16215
2.136
2.10102
2.06917
2.05117
2.05346
2.07657
2.11579
2.16422
2.21513
2.26218
2.29857
2.31774
2.31553
2.29159
2.24865
2.19102
2.12321
2.05044
1.97945
1.91835
1.87485
1.85339
1.85234
1.86445
1.88124
1.89805
1.91566
1.93757
1.9661
1.99981
2.03363
2.06068
2.07479
2.07206
2.05177
2.01629
1.97032
1.92005
1.87263
1.83566
1.81592
1.81763
1.84113
1.88355
1.94041
2.00604
2.07402
2.13805
2.19327
2.23745
2.27131
2.29724
2.31749
2.33307
2.3432
2.34594
2.33897
2.32017
2.2887
2.24604
2.19634
2.14525
2.09715
2.05373
2.01549
1.98454
1.96441
1.95753
1.9632
1.97778
1.99714
2.01937
2.04468
2.07175
2.09563
2.10988
2.11049
2.0987
2.08164
2.0688
2.0651
2.06848
2.07345
2.07629
2.07659
2.07563
2.07447
2.07332
2.07227
2.07181
2.07293
2.07632
2.08162
2.08727
2.0911
2.09142
2.08798
2.08146
2.07221
2.06105
2.05192
2.05449
2.0808
2.13412
2.20213
2.26352
2.30017
2.30369
2.27509
2.22197
2.15667
2.09562
2.05699
2.0544
2.08866
2.14604
2.20561
2.24939
2.26933
2.26816
2.25426
2.23502
2.21399
2.19184
2.16738
2.1384
2.10341
2.06435
2.02767
2.00139
1.98993
1.99154
1.99997
2.00808
2.01016
2.00283
1.98567
1.96181
1.93776
1.92169
1.92031
1.93562
1.9631
1.99195
2.00965
2.01013
1.99861
1.98797
1.98947
2.00602
2.0331
2.06436
2.09565
2.12531
2.15152
2.17058
2.17851
2.17377
2.15787
2.1346
2.10878
2.08595
2.0715
2.06874
2.07721
2.09256
2.10879
2.12088
2.12628
2.12521
2.11975
2.11276
2.1067
2.10208
2.09704
2.08921
2.07821
2.06653
2.05809
2.05568
2.06037
2.07206
2.0907
2.11567
2.14434
2.1718
2.1929
2.20445
2.20606
2.19949
2.18771
2.17393
2.16095
2.15042
2.14181
2.13217
2.11708
2.09262
2.0583
2.0193
1.98548
1.9643
1.95427
1.94834
1.94157
1.93281
1.92297
1.91396
1.90852
1.90822
1.91078
1.91074
1.9031
1.88574
1.85881
1.82366
1.78264
1.74076
1.70666
1.6905
1.69849
1.72988
1.77959
1.84176
1.91117
1.98379
2.05743
2.13115
2.20355
2.27182
2.33257
2.38275
2.41993
2.44223
2.44818
2.43767
2.41246
2.37623
2.33399
2.29155
2.254
2.22311
2.19575
2.16574
2.1291
2.08849
2.05263
2.0303
2.02366
2.02776
2.03543
2.04215
2.04634
2.04797
2.04857
2.05108
2.05737
2.06654
2.07622
2.08453
2.09052
2.09426
2.09686
2.10065
2.10803
2.11965
2.13283
2.1424
2.14369
2.13539
2.1208
2.10582
2.09559
2.09168
2.09291
2.09746
2.10493
2.11603
2.12999
2.14206
2.1456
2.13715
2.11876
2.09603
2.07409
2.05505
2.03799
2.02076
2.00147
1.98022
1.96127
1.95428
1.97008
2.0127
2.07496
2.14188
2.19758
2.2304
2.23478
2.21043
2.16089
2.09184
2.0109
1.92827
1.85697
1.81123
1.80063
1.82314
1.8651
1.91038
1.94802
1.97389
1.98882
1.99731
2.00452
2.01274
2.02035
2.0257
2.02991
2.03616
2.04651
2.06022
2.07512
2.08997
2.10567
2.12391
2.1448
2.1654
2.1809
2.18605
2.17771
2.15694
2.13004
2.10682
2.09623
2.10161
2.11869
2.13787
2.15022
2.15247
2.1472
2.13951
2.13454
2.13742
2.15291
2.18143
2.21618
2.24678
2.26486
2.26605
2.24988
2.21895
2.17826
2.13403
2.09257
2.05897
2.03664
2.02793
2.03511
2.05956
2.09989
2.15059
2.20226
2.24389
2.26614
2.26403
2.23829
2.19451
2.14099
2.08617
2.03627
1.99398
1.95837
1.92621
1.89484
1.86389
1.83599
1.81642
1.81239
1.83013
1.86978
1.92161
1.96944
1.99891
2.00379
1.98802
1.96342
1.94309
1.93381
1.93413
1.94011
1.95081
1.96867
1.99646
2.03422
2.07971
2.13046
2.18388
2.23583
2.28021
2.31082
2.32299
2.31434
2.28497
2.23819
2.18045
2.11988
2.0636
2.01676
1.98395
1.97009
1.97792
2.00392
2.03927
2.07363
2.09816
2.10723
2.10021
2.08001
2.05003
2.01383
1.97779
1.9506
1.93887
1.94224
1.95345
1.96318
1.96661
1.96774
1.97879
2.01147
2.06562
2.12771
2.18013
2.21011
2.21244
2.18898
2.14755
2.10034
2.06009
2.035
2.02591
2.02815
2.03567
2.04386
2.05006
2.05361
2.05486
2.05377
2.04906
2.03846
2.01993
1.99443
1.96748
1.94777
1.94183
1.94996
1.96739
1.98762
2.00531
2.01837
2.02832
2.03785
2.04805
2.05743
2.06402
2.06769
2.07097
2.07818
2.0937
2.12148
2.13381
2.13249
2.1171
2.09008
2.05706
2.02575
2.00314
1.99304
1.9948
2.00443
2.01706
2.02952
2.04132
2.05419
2.06929
2.08461
2.09444
2.09256
2.07638
2.04897
2.01862
1.9958
1.98902
2.00216
2.03303
2.07415
2.11467
2.14355
2.15285
2.13931
2.10442
2.05411
1.99896
1.95313
1.92983
1.93611
1.97066
2.02548
2.08866
2.14717
2.18968
2.20896
2.20286
2.17326
2.12464
2.06276
1.99416
1.92542
1.86187
1.80756
1.7668
1.74367
1.73998
1.75366
1.77966
1.81249
1.84846
1.88632
1.92626
1.96798
2.00935
2.04682
2.07713
2.0987
2.11156
2.11636
2.11395
2.10571
2.09441
2.08443
2.08077
2.0866
2.1012
2.11972
2.13486
2.13976
2.13043
2.10707
2.07423
2.04012
2.01546
2.00963
2.0258
2.05777
2.09286
2.11821
2.12554
2.11288
2.08394
2.04631
2.00882
1.97946
1.96465
1.96883
1.99337
2.0352
2.08764
2.14368
2.1975
2.24319
2.27347
2.2806
2.25993
2.21358
2.15191
2.09014
2.04072
2.0067
1.9825
1.96079
1.93862
1.91899
1.90702
1.90489
1.90955
1.91518
1.91772
1.9185
1.92377
1.93986
1.96781
2.00194
2.03321
2.05278
2.05528
2.04001
2.01013
1.97082
1.92844
1.89083
1.86664
1.86245
1.8798
1.91467
1.95945
2.00576
2.04674
2.07814
2.09822
2.10705
2.10584
2.09576
2.07746
2.05104
2.01724
1.9797
1.94782
1.93631
1.9589
2.01859
2.10422
2.19704
2.28019
2.34303
2.38081
2.39305
2.38168
2.35024
2.304
2.24993
2.1957
2.14713
2.10622
2.07072
2.0362
1.99853
1.95565
1.90893
1.86421
1.83122
1.82025
1.83659
1.87582
1.92413
1.96444
1.98512
1.98498
1.97297
1.9616
1.95867
1.96373
1.9708
1.97371
1.96942
1.95784
1.93994
1.91669
1.88929
1.86009
1.8329
1.81284
1.80627
1.8194
1.85523
1.91061
1.97688
2.04356
2.10228
2.14869
2.18193
2.20295
2.21328
2.21457
2.20807
2.19398
2.17149
2.14207
2.11342
2.09839
2.10529
2.12818
2.15161
2.16359
2.16135
2.14853
2.13045
2.11144
2.09401
2.07963
2.0697
2.06558
2.06796
2.0758
2.08608
2.09472
2.09806
2.09344
2.07902
2.05327
2.01507
1.96467
1.90576
1.84732
1.80257
1.78432
1.80003
1.84953
1.92457
2.01066
2.09242
2.1593
2.20731
2.23713
2.25109
2.25102
2.23737
2.20968
2.16755
2.11134
2.04341
1.96953
1.89935
1.84461
1.81513
1.81399
1.83614
1.87186
1.9119
1.95092
1.98783
2.02306
2.05511
2.07891
2.08764
2.07655
2.04587
2.00182
1.95545
1.91968
1.90427
1.91042
1.93061
1.95414
1.97351
1.98726
1.99856
2.01146
2.02768
2.04578
2.06284
2.07646
2.08593
2.09099
2.08923
2.0764
2.05057
2.01582
1.98143
1.95753
1.95006
1.95905
1.98019
2.00856
2.04213
2.0825
2.13225
2.19078
2.2523
2.30757
2.34747
2.36562
2.35924
2.32839
2.27591
2.20668
2.12714
2.04482
1.96799
1.90524
1.86381
1.84609
1.84793
1.86232
1.88456
1.91417
1.95275
2.00136
2.05891
2.12199
2.18446
2.2383
2.27604
2.2929
2.28684
2.25749
2.20538
2.13279
2.04537
1.95272
1.86668
1.79769
1.75149
1.72839
1.72558
1.73937
1.76636
1.80316
1.84568
1.889
1.92797
1.95824
1.97767
1.98748
1.99204
1.99784
2.01037
2.03164
2.05964
2.09019
2.11888
2.14155
2.15449
2.15532
2.14444
2.12557
2.10464
2.08704
2.0761
2.07331
2.07865
2.09011
2.10348
2.11382
2.11834
2.11805
2.11596
2.11391
2.11261
2.11327
2.1161
2.11883
2.11824
2.11287
2.10355
2.09228
2.08054
2.069
2.05745
2.04407
2.02498
1.99634
1.95781
1.91379
1.87228
1.84207
1.8299
1.83885
1.86752
1.91035
1.95915
2.00499
2.0403
2.06049
2.06414
2.05102
2.02192
1.98072
1.93651
1.90203
1.88791
1.89724
1.92533
1.96363
2.00363
2.03851
2.06325
2.07391
2.06738
2.04172
1.99717
1.9377
1.87137
1.80921
1.76125
1.73235
1.72217
1.72836
1.74846
1.77977
1.81858
1.86135
1.90685
1.95589
2.00764
2.05642
2.09456
2.11758
2.12599
2.12378
2.11617
2.10774
2.10141
2.09769
2.09511
2.09089
2.08218
2.06713
2.04577
2.02076
1.99729
1.98202
1.98189
2.00201
2.04254
2.09571
2.14708
2.18152
2.18957
2.17007
2.12863
2.07401
2.01489
1.95869
1.91187
1.88113
1.87294
1.89091
1.93325
1.9923
2.05666
2.11484
2.15833
2.18321
2.18958
2.18001
2.15795
2.12701
2.09094
2.05304
2.01569
1.98005
1.94725
1.91936
1.89875
1.887
1.88452
1.89049
1.90342
1.92205
1.94586
1.97334
2.00012
2.02049
2.0312
2.03346
2.03159
2.02994
2.03014
2.03015
2.02616
2.01544
1.99887
1.98159
1.97106
1.97376
1.9915
2.01982
2.04959
2.071
2.07812
2.07083
2.05353
2.03103
2.00486
1.97318
1.93388
1.88854
1.84486
1.81635
1.81789
1.85787
1.93249
2.02703
2.1222
2.20006
2.24794
2.26152
2.24641
2.21575
2.18102
2.145
2.10663
2.06935
2.04162
2.03239
2.04601
2.0789
2.12062
2.15834
2.18231
2.18833
2.17781
2.15553
2.12627
2.09197
2.05242
2.00911
1.96912
1.94433
1.94555
1.97535
2.0259
2.08387
2.13659
2.17468
2.19207
2.18621
2.15824
2.11329
2.05982
2.00766
1.96531
1.93744
1.92326
1.91784
1.91634
1.91781
1.92361
1.9334
1.94359
1.95002
1.95122
1.94973
1.95054
1.95823
1.97423
1.99643
2.02115
2.04526
2.06731
2.08721
2.10415
2.11523
2.11698
2.10928
2.0968
2.08523
2.07807
2.07823
2.08842
2.10749
2.12907
2.14452
2.14672
2.1331
2.10751
2.0792
2.0588
2.0528
2.06032
2.07547
2.0916
2.10497
2.11543
2.12499
2.13506
2.1444
2.14971
2.14775
2.1372
2.11876
2.09459
2.06784
2.0424
2.02249
2.01088
2.00689
2.00599
2.00288
1.99441
1.98045
1.9618
1.93834
1.90999
1.87985
1.85524
1.84462
1.85253
1.87709
1.91185
1.94975
1.98575
2.01733
2.04386
2.0658
2.08371
2.09781
2.1077
2.11312
2.11431
2.1121
2.10742
2.10075
2.09233
2.08253
2.07183
2.05988
2.04488
2.02465
1.99922
1.97312
1.95511
1.95443
1.97594
2.01736
2.07038
2.12397
2.16898
2.20107
2.22019
2.22787
2.22581
2.21559
2.19816
2.17385
2.14404
2.11192
2.08151
2.05531
2.03244
2.00968
1.98418
1.95651
1.93025
1.90966
1.89737
1.89423
1.90018
1.91524
1.93962
1.97279
2.01231
2.05335
2.08941
2.1139
2.12125
2.10804
2.07396
2.02292
1.96364
1.90883
1.8721
1.86325
1.88459
1.93057
1.99028
2.05164
2.10429
2.1407
2.15612
2.14847
2.11845
2.06851
2.0021
1.92425
1.84332
1.77174
1.72292
1.70643
1.72495
1.77459
1.84641
1.92805
2.00653
2.07155
2.11668
2.13946
2.14107
2.12581
2.10071
2.07413
2.05345
2.043
2.04287
2.05021
2.06124
2.07181
2.07725
2.0743
2.06599
2.06323
2.07614
2.10372
2.13693
2.16832
2.19506
2.2165
2.23195
2.24017
2.23961
2.22799
2.2031
2.16471
2.1163
2.06494
2.01846
1.9818
1.95505
1.93381
1.91206
1.8855
1.85448
1.82449
1.80258
1.79278
1.79543
1.80956
1.83485
1.87126
1.91706
1.9681
2.01932
2.06707
2.10931
2.14385
2.16733
2.1761
2.16919
2.1499
2.12496
2.10223
2.08852
2.08789
2.10035
2.12143
2.14272
2.15503
2.15183
2.13069
2.09351
2.04664
1.99945
1.96111
1.93732
1.92901
1.93312
1.94443
1.95721
1.96669
1.97094
1.97132
1.9716
1.97603
1.98795
2.00946
2.04067
2.07925
2.12038
2.15787
2.18585
2.20043
2.20047
2.1876
2.16625
2.14243
2.12221
2.10997
2.10727
2.11249
2.12126
2.12674
2.12075
2.09697
2.05456
1.99968
1.94392
1.89975
1.87566
1.87403
1.89315
1.93006
1.98119
2.04095
2.10024
2.14744
2.17179
2.16668
2.13156
2.07193
1.9987
1.92623
1.86907
1.83767
1.83479
1.8555
1.8905
1.93062
1.96944
2.00359
2.03176
2.05355
2.06878
2.07715
2.07896
2.07585
2.07027
2.06345
2.05469
2.04194
2.02362
1.9993
1.97033
1.94126
1.92055
1.9186
1.94224
1.98944
2.04905
2.10639
2.14998
2.17507
2.18284
2.17719
2.16148
2.13717
2.10515
2.06761
2.02885
1.99489
1.97206
1.96552
1.97677
2.0018
2.03167
2.05658
2.07129
2.07801
2.08466
2.09951
2.12538
2.15823
2.18981
2.21155
2.21759
2.20623
2.17936
2.14115
2.09702
2.05326
2.01603
1.98931
1.97324
1.96442
1.95868
1.95365
1.94921
1.94721
1.95152
1.96684
1.99533
2.03468
2.07876
2.11936
2.14868
2.161
2.15317
2.12466
2.07757
2.01649
1.94755
1.87686
1.80986
1.75167
1.7075
1.68263
1.68112
1.70436
1.74965
1.81008
1.87656
1.94065
1.99676
2.04254
2.07765
2.10242
2.11709
2.12192
2.11777
2.10599
2.08863
2.0688
2.05128
2.04241
2.04842
2.07154
2.10712
2.14539
2.17615
2.19312
2.19507
2.18524
2.16921
2.15275
2.14003
2.13255
2.12893
2.12657
2.12349
2.11931
2.11461
2.10986
2.10413
2.09485
2.07946
2.05822
2.03553
2.01711
2.00568
2.00047
2.00025
2.00472
2.01333
2.02337
2.02993
2.02783
2.01401
1.98899
1.95666
1.92329
1.89637
1.88153
1.87946
1.88608
1.89645
1.90826
1.9225
1.9415
1.96646
1.99615
2.02726
2.05544
2.07733
2.09219
2.10188
2.10872
2.11217
2.10888
2.09626
2.07588
2.05285
2.03243
2.01674
2.00462
1.99378
1.98286
1.97247
1.96476
1.96221
1.96644
1.9771
1.99122
2.00313
2.00639
1.99703
1.97565
1.94721
1.91839
1.89514
1.88151
2.09532
2.09669
2.10399
2.11411
2.12269
2.12683
2.12631
2.12245
2.11669
2.11095
2.10849
2.11333
2.12668
2.14445
2.15925
2.16463
2.15805
2.14041
2.11487
2.08616
2.05993
2.04073
2.03004
2.02638
2.02778
2.03372
2.04556
2.06598
2.09904
2.15093
2.22702
2.32163
2.41414
2.48144
2.51026
2.49789
2.44791
2.36821
2.27103
2.17205
2.08706
2.02732
1.99737
1.9954
2.01537
2.04936
2.08928
2.12832
2.16195
2.18787
2.20448
2.20907
2.19833
2.17084
2.12978
2.08329
2.04193
2.01526
2.00909
2.02451
2.05805
2.1032
2.15357
2.20508
2.25539
2.30194
2.34057
2.36539
2.36871
2.342
2.28033
2.18837
2.08318
1.98868
1.9251
1.90204
1.91825
1.96406
2.02545
2.08884
2.14436
2.18593
2.21046
2.2183
2.21339
2.2014
2.18674
2.17082
2.15284
2.13116
2.10546
2.07924
2.05982
2.05554
2.07158
2.10777
2.15896
2.21709
2.27334
2.31955
2.34976
2.36303
2.36511
2.3638
2.35907
2.34248
2.30981
2.26899
2.2326
2.20487
2.18064
2.15562
2.13257
2.1172
2.11182
2.11406
2.11973
2.12583
2.13147
2.1377
2.1468
2.16139
2.18162
2.20271
2.21679
2.2175
2.20351
2.17712
2.14158
2.09988
2.05583
2.01461
1.98227
1.96471
1.96586
1.98605
2.02037
2.05939
2.09348
2.11666
2.12775
2.12909
2.12405
2.11481
2.10205
2.08718
2.07495
2.07244
2.08509
2.11195
2.14584
2.17864
2.20655
2.2307
2.25292
2.27119
2.27943
2.27162
2.24684
2.21135
2.17707
2.1568
2.15894
2.18316
2.2206
2.25766
2.28163
2.28497
2.26611
2.22736
2.17256
2.10663
2.0371
1.97454
1.9296
1.90871
1.91198
1.93423
1.96758
2.00396
2.03723
2.06475
2.08743
2.10761
2.12586
2.13973
2.14713
2.15106
2.15922
2.17708
2.20342
2.23321
2.26101
2.28175
2.29077
2.2854
2.26679
2.24043
2.21482
2.19798
2.19457
2.20474
2.22513
2.25023
2.2725
2.28356
2.27801
2.25654
2.22581
2.19488
2.17079
2.15634
2.14961
2.14505
2.13648
2.12039
2.09754
2.07154
2.04635
2.02427
2.00625
1.99287
1.98494
1.98526
1.99922
2.03186
2.08196
2.13995
2.19362
2.23494
2.26069
2.26968
2.2605
2.23219
2.18717
2.13518
2.09425
2.0841
2.11477
2.17873
2.25411
2.3187
2.36086
2.37964
2.37993
2.36859
2.35259
2.33691
2.32306
2.30968
2.29384
2.27217
2.2422
2.20374
2.15966
2.11514
2.07561
2.0445
2.02253
2.00908
2.00375
2.00663
2.01727
2.03387
2.05434
2.07738
2.10171
2.12447
2.14129
2.14808
2.14316
2.12862
2.11008
2.09501
2.08852
2.09025
2.09665
2.10694
2.12515
2.15425
2.18887
2.21712
2.22903
2.22214
2.20145
2.17549
2.15275
2.14079
2.14614
2.17134
2.21232
2.25965
2.30273
2.33327
2.34553
2.33509
2.29913
2.23844
2.15918
2.07237
1.9911
1.92673
1.88653
1.87373
1.88814
1.92634
1.98323
2.05412
2.13385
2.21502
2.289
2.34904
2.39183
2.41652
2.42277
2.41002
2.37875
2.33266
2.27862
2.22508
2.17895
2.14319
2.11667
2.09629
2.0797
2.06664
2.05857
2.05695
2.06147
2.06981
2.0789
2.08652
2.09234
2.09782
2.10456
2.11415
2.12973
2.15645
2.1972
2.24694
2.29091
2.31046
2.29385
2.2422
2.16815
2.09002
2.02454
1.98159
1.96304
1.96635
1.9888
2.02796
2.07936
2.13552
2.18753
2.22776
2.25139
2.25661
2.2451
2.22165
2.19287
2.16444
2.13909
2.11622
2.09362
2.0701
2.04747
2.03165
2.03108
2.05236
2.0953
2.15174
2.20951
2.25793
2.29024
2.3034
2.29755
2.27624
2.24695
2.21993
2.20469
2.20527
2.21808
2.23409
2.24371
2.24095
2.22551
2.20186
2.17626
2.15331
2.13429
2.11795
2.10193
2.08409
2.06357
2.04157
2.02087
2.00515
1.99807
2.00244
2.01906
2.04638
2.08092
2.118
2.15207
2.17714
2.18795
2.18125
2.15718
2.11962
2.07586
2.03479
2.00416
1.98826
1.98771
2.00114
2.02632
2.05969
2.0952
2.12559
2.14577
2.15526
2.15711
2.15492
2.15066
2.14446
2.13645
2.12945
2.1297
2.14388
2.17352
2.21213
2.24816
2.27095
2.27513
2.26143
2.2357
2.20746
2.18596
2.17447
2.16879
2.1627
2.15383
2.14447
2.13733
2.13222
2.12598
2.11553
2.09938
2.07767
2.05236
2.02862
2.01454
2.01775
2.0406
2.07907
2.12664
2.17798
2.22992
2.27975
2.32412
2.3603
2.38812
2.40977
2.42592
2.43309
2.4256
2.39994
2.35733
2.30325
2.24604
2.19491
2.15696
2.13422
2.12254
2.11357
2.09945
2.07713
2.04981
2.0245
2.00766
2.00172
2.00591
2.01994
2.04433
2.07686
2.1118
2.14324
2.16664
2.17862
2.17843
2.16928
2.15795
2.15242
2.15922
2.18273
2.22229
2.26819
2.30535
2.32308
2.31896
2.29594
2.25956
2.21802
2.18253
2.16177
2.15427
2.15055
2.14199
2.12533
2.10167
2.07476
2.04957
2.03166
2.02647
2.03758
2.06425
2.10108
2.13936
2.16882
2.18
2.16853
2.13824
2.09844
2.057
2.01757
1.98311
1.95866
1.95003
1.96174
1.99585
2.05105
2.12183
2.19858
2.26932
2.32344
2.35423
2.35932
2.33991
2.30088
2.25137
2.20242
2.16179
2.13008
2.10222
2.07297
2.04175
2.01334
1.99532
1.99404
2.01179
2.04665
2.09376
2.14645
2.19749
2.24001
2.26881
2.28099
2.27661
2.25928
2.23609
2.21683
2.21103
2.22428
2.25521
2.29618
2.33694
2.36886
2.38621
2.38567
2.36654
2.33159
2.28627
2.23524
2.18095
2.12572
2.07395
2.03158
2.00341
1.98959
1.9844
1.97876
1.96581
1.94746
1.93713
1.95213
1.99708
2.05729
2.11125
2.14562
2.159
2.15722
2.14757
2.13581
2.12607
2.12143
2.1243
2.13581
2.15545
2.18083
2.20823
2.23409
2.25624
2.27366
2.28396
2.28323
2.26932
2.24423
2.21341
2.18451
2.16544
2.16175
2.17371
2.19507
2.21473
2.22129
2.20743
2.17199
2.11965
2.05923
2.00202
1.96
1.94228
1.95009
1.97487
2.00152
2.01618
2.01392
1.99974
1.98099
1.96093
1.94117
1.92725
1.92843
1.95198
1.99749
2.05589
2.11317
2.15632
2.17916
2.18507
2.18477
2.19061
2.21103
2.2481
2.29831
2.35454
2.40822
2.4506
2.47442
2.47627
2.45825
2.42656
2.38921
2.35291
2.32023
2.28864
2.25178
2.20308
2.14072
2.07093
2.00642
1.9596
1.93684
1.93856
1.96152
1.99949
2.0455
2.09556
2.14963
2.20846
2.26972
2.32666
2.36954
2.3884
2.37628
2.33229
2.26375
2.1858
2.11643
2.0685
2.04429
2.03808
2.04265
2.0533
2.06744
2.08163
2.09079
2.09033
2.07938
2.0627
2.04967
2.0505
2.0711
2.11049
2.16186
2.21595
2.2639
2.29908
2.31786
2.31945
2.30558
2.27922
2.24325
2.20046
2.15479
2.11284
2.08249
2.06836
2.06918
2.08087
2.10062
2.12803
2.16339
2.20495
2.24751
2.28387
2.30712
2.31214
2.29572
2.2581
2.20557
2.15107
2.11046
2.09475
2.1038
2.12823
2.15696
2.18061
2.19112
2.18225
2.15215
2.10525
2.05115
2.00088
1.96386
1.94732
1.95612
1.99012
2.04239
2.10204
2.15963
2.20986
2.25084
2.28253
2.30539
2.31959
2.3244
2.31853
2.30175
2.27691
2.24995
2.22661
2.20854
2.19263
2.17368
2.1475
2.11336
2.07479
2.03976
2.01815
2.01698
2.03767
2.07552
2.12165
2.16776
2.20871
2.24097
2.26012
2.26157
2.24338
2.20844
2.16491
2.12364
2.09301
2.07409
2.06157
2.04939
2.03546
2.02049
2.00498
1.99063
1.98269
1.98878
2.01389
2.05678
2.10975
2.1619
2.20393
2.23194
2.24815
2.25659
2.25814
2.25112
2.23516
2.21319
2.19031
2.17082
2.15521
2.14016
2.12133
2.09619
2.06758
2.04607
2.04603
2.07585
2.1318
2.20108
2.26971
2.32744
2.3682
2.38775
2.38157
2.34494
2.27693
2.18656
2.09521
2.02853
2.00171
2.01264
2.0495
2.0997
2.15275
2.1999
2.23423
2.25115
2.24936
2.23166
2.20475
2.17643
2.1526
2.13627
2.1291
2.13268
2.14809
2.17409
2.2061
2.23604
2.2542
2.2529
2.23012
2.19105
2.14657
2.10837
2.0833
2.07112
2.0673
2.06764
2.0709
2.07973
2.09875
2.13075
2.17231
2.212
2.23463
2.2285
2.19154
2.13361
2.07294
2.02678
2.00425
2.00603
2.02745
2.0613
2.10146
2.14441
2.188
2.22968
2.26581
2.29226
2.30544
2.30361
2.28835
2.2649
2.24062
2.2228
2.21729
2.22739
2.25171
2.284
2.31527
2.33697
2.34332
2.33189
2.30359
2.2623
2.21427
2.16663
2.12442
2.08804
2.05412
2.0193
1.9839
1.95364
1.9387
1.94833
1.98374
2.03683
2.09478
2.14506
2.17842
2.19053
2.18297
2.16283
2.1398
2.1227
2.11654
2.12129
2.13267
2.14416
2.14964
2.14539
2.13067
2.10659
2.07535
2.04063
2.0083
1.98521
1.97625
1.98183
1.99802
2.01997
2.0442
2.06896
2.09278
2.11304
2.12567
2.12685
2.11529
2.09306
2.06522
2.03897
2.02227
2.02167
2.03956
2.07418
2.12134
2.17583
2.23193
2.28331
2.32343
2.34706
2.35157
2.33772
2.30929
2.27308
2.23842
2.21497
2.20823
2.21686
2.23434
2.25297
2.26598
2.26728
2.25091
2.21319
2.15726
2.09639
2.04781
2.01955
2.00779
2.0058
2.01052
2.02327
2.04735
2.08523
2.13505
2.1892
2.23682
2.26849
2.27988
2.27321
2.25658
2.24026
2.23089
2.22732
2.22225
2.20783
2.18116
2.14556
2.10848
2.07892
2.0659
2.07639
2.11181
2.16594
2.22792
2.28693
2.33542
2.36869
2.38379
2.37904
2.35471
2.31405
2.26384
2.21349
2.17295
2.14961
2.14554
2.15647
2.11697
2.13348
2.14086
2.1345
2.11267
2.07598
2.02841
1.97929
1.94197
1.92767
1.93814
1.96452
1.99422
2.01932
2.03987
2.06191
2.0923
2.13376
2.18319
2.23407
2.27965
2.31485
2.33608
2.34025
2.32477
2.28868
2.23422
2.1669
2.09566
2.0332
1.99325
1.98438
2.00547
2.04702
2.09577
2.13813
2.16191
2.15837
2.12474
2.06701
1.99993
1.94226
1.90809
1.90138
1.91799
1.95192
1.99822
2.05227
2.10826
2.15995
2.20353
2.24092
2.2775
2.31312
2.33788
2.34098
2.31975
2.2801
2.23269
2.18816
2.15414
2.13461
2.13001
2.13592
2.14387
2.14669
2.14324
2.13758
2.13446
2.13543
2.13872
2.14077
2.13749
2.12548
2.10384
2.07578
2.04816
2.02837
2.02011
2.0218
2.02842
2.03399
2.03331
2.02318
2.00416
1.98154
1.96467
1.96284
1.97852
2.0038
2.02555
2.0339
2.02672
2.00895
1.98941
1.97707
1.97817
1.99516
2.02725
2.07117
2.12176
2.17292
2.21841
2.25341
2.27522
2.28342
2.2792
2.26402
2.23882
2.20424
2.16157
2.11424
2.0688
2.03344
2.01424
2.01203
2.02312
2.0419
2.0625
2.07968
2.09054
2.09691
2.10624
2.12887
2.17132
2.23046
2.29508
2.3528
2.39494
2.41691
2.4172
2.39668
2.35831
2.30691
2.24826
2.1882
2.13209
2.08409
2.04616
2.01795
1.99762
1.98404
1.97803
1.98037
1.98857
1.99643
1.99784
1.99072
1.97734
1.96136
1.94443
1.92658
1.9099
1.90122
1.90907
1.9378
1.98394
2.03771
2.08718
2.12242
2.13845
2.13627
2.12234
2.10622
2.0965
2.09777
2.1103
2.13209
2.1609
2.1951
2.23268
2.26938
2.29811
2.31049
2.29974
2.2637
2.20615
2.13481
2.05857
1.98761
1.93458
1.91237
1.92852
1.98075
2.05747
2.14328
2.22483
2.29272
2.34091
2.36618
2.36833
2.34997
2.31615
2.27438
2.23437
2.20645
2.19715
2.20591
2.22539
2.24546
2.2574
2.25567
2.23822
2.20622
2.16333
2.1141
2.06272
2.0139
1.97376
1.94839
1.94066
1.94866
1.96708
1.99086
2.01771
2.04772
2.08106
2.11539
2.14563
2.16601
2.17315
2.16757
2.15335
2.1365
2.12304
2.11687
2.1177
2.11997
2.11599
2.10154
2.07915
2.05635
2.04113
2.03842
2.04937
2.07239
2.10413
2.14046
2.17659
2.20724
2.22759
2.2357
2.23438
2.23069
2.23197
2.24153
2.25672
2.27013
2.27362
2.26283
2.23837
2.20413
2.16412
2.1212
2.07766
2.03606
1.99982
1.9738
1.96455
1.97833
2.01698
2.07486
2.14085
2.20376
2.25621
2.29486
2.3196
2.33267
2.33748
2.33696
2.33252
2.32383
2.30985
2.28949
2.26183
2.22641
2.18407
2.13698
2.0884
2.04219
2.00252
1.97271
1.95335
1.9411
1.93089
1.91966
1.90839
1.90095
1.90196
1.91504
1.9422
1.98307
2.0341
2.08794
2.13523
2.16918
2.1895
2.20162
2.21244
2.22557
2.23867
2.24435
2.23589
2.21299
2.18213
2.15198
2.12773
2.11009
2.09897
2.09655
2.10613
2.12843
2.1597
2.1935
2.22374
2.24588
2.25641
2.25297
2.23579
2.20849
2.17764
2.15143
2.13726
2.13822
2.15063
2.1656
2.17343
2.16738
2.14495
2.10784
2.06066
2.01019
1.96534
1.93601
1.92932
1.94563
1.9776
2.01367
2.04261
2.0571
2.05539
2.0411
2.02122
2.00394
1.9971
2.0061
2.02883
2.05328
2.06912
2.08133
2.1051
2.14615
2.19613
2.24539
2.28918
2.32501
2.34998
2.36121
2.35734
2.33947
2.31062
2.27425
2.2325
2.1853
2.13179
2.07343
2.01696
1.97361
1.95479
1.96576
2.00103
2.04569
2.08165
2.09509
2.08099
2.04464
2.00082
1.96939
1.96742
2.00076
2.06055
2.12711
2.17983
2.20672
2.20769
2.19069
2.16573
2.13939
2.11359
2.08805
2.06446
2.04871
2.04954
2.07396
2.1225
2.18719
2.25464
2.31305
2.35656
2.38371
2.39296
2.38151
2.3484
2.29824
2.24192
2.19196
2.15341
2.12147
2.09012
2.05859
2.02927
2.0056
1.99248
1.99473
2.01233
2.03768
2.06033
2.07441
2.08132
2.08751
2.10174
2.13164
2.1768
2.2253
2.26131
2.27468
2.26342
2.23207
2.189
2.14379
2.10541
2.08172
2.07828
2.09585
2.12804
2.16329
2.19015
2.2024
2.20077
2.19239
2.18743
2.19161
2.20011
2.20112
2.18392
2.14457
2.08796
2.02732
1.97923
1.95495
1.95429
1.96712
1.98159
1.99232
2.00358
2.02416
2.05791
2.10123
2.14931
2.2
2.2509
2.29699
2.33185
2.35102
2.35409
2.34423
2.32644
2.30539
2.28437
2.26506
2.24759
2.23048
2.21129
2.18823
2.16162
2.13413
2.10967
2.09183
2.08244
2.08059
2.08247
2.08305
2.07935
2.07245
2.06635
2.06446
2.06609
2.0666
2.06074
2.04572
2.02233
1.99438
1.96695
1.94405
1.92702
1.91462
1.90511
1.89966
1.90303
1.92063
1.95332
1.99618
2.04191
2.08403
2.11756
2.13966
2.14965
2.14889
2.14026
2.12846
2.11943
2.11863
2.12886
2.14904
2.17539
2.20323
2.22783
2.24376
2.245
2.22615
2.18431
2.12103
2.04385
1.96591
1.90273
1.867
1.86424
1.89173
1.94067
2.00062
2.06367
2.12557
2.18304
2.23037
2.25964
2.26583
2.25112
2.2244
2.19653
2.17581
2.16672
2.17008
2.1833
2.20049
2.21351
2.21443
2.19803
2.16453
2.12245
2.0887
2.0815
2.10906
2.16357
2.22683
2.28094
2.31504
2.32573
2.31442
2.28439
2.23931
2.18316
2.1212
2.06035
2.00861
1.97304
1.95743
1.96117
1.98035
2.00859
2.03737
2.05749
2.06257
2.05147
2.02944
2.00775
2.00193
2.02477
2.07623
2.14208
2.20469
2.25304
2.28384
2.29836
2.29913
2.28786
2.26484
2.22996
2.18477
2.13384
2.08503
2.04799
2.03072
2.03574
2.05851
2.08934
2.11752
2.13485
2.13721
2.1239
2.09676
2.06018
2.02225
1.99439
1.98695
2.00364
2.04137
2.09308
2.14769
2.19152
2.21504
2.21856
2.2105
2.1995
2.18828
2.17435
2.15546
2.13392
2.11647
2.11062
2.11999
2.14177
2.16823
2.1904
2.20164
2.1991
2.1829
2.15475
2.11785
2.07736
2.04008
2.0121
1.99632
1.99109
1.99139
1.99205
1.99094
1.99005
1.99371
2.00555
2.02659
2.05485
2.08666
2.11794
2.14428
2.16039
2.16134
2.14509
2.11438
2.07699
2.04469
2.02904
2.03589
2.0628
2.10224
2.1465
2.19071
2.23307
2.27321
2.30979
2.33863
2.35306
2.34611
2.3131
2.25441
2.17755
2.09615
2.02485
1.97313
1.94259
1.92849
1.92399
1.92399
1.92712
1.93525
1.95243
1.98222
2.02308
2.0666
2.10153
2.12065
2.12469
2.12135
2.12118
2.13203
2.15502
2.1843
2.21023
2.22421
2.22283
2.20913
2.18985
2.17142
2.15817
2.15318
2.15805
2.17161
2.18945
2.2055
2.21451
2.21321
2.20081
2.17939
2.15429
2.13243
2.11893
2.11434
2.11554
2.11875
2.12167
2.12336
2.12349
2.12223
2.1205
2.11916
2.11734
2.11242
2.10175
2.08547
2.06813
2.05674
2.05595
2.06412
2.07472
2.08075
2.07816
2.06694
2.05015
2.03227
2.01729
2.00747
2.00309
2.00225
2.00113
1.99556
1.98386
1.96851
1.95533
1.94994
1.95482
1.96897
1.99002
2.01645
2.04815
2.08564
2.12916
2.17721
2.22457
2.26216
2.28121
2.27734
2.25195
2.21091
2.16225
2.11452
2.07535
2.05112
2.04686
2.06565
2.10619
2.16085
2.21814
2.26805
2.3051
2.32767
2.33493
2.32408
2.29074
2.2319
2.14955
2.05344
1.96318
1.90702
1.91029
1.97471
2.07196
2.16371
2.22467
2.24883
2.24381
2.22128
2.18918
2.15077
2.10891
2.07166
2.05401
2.06746
2.10537
2.14587
2.16854
2.16463
2.13706
2.09528
2.05022
2.01174
1.98768
1.98263
1.99639
2.02521
2.06417
2.10873
2.15513
2.19894
2.23383
2.25281
2.25105
2.22897
2.19268
2.15163
2.1143
2.08468
2.06278
2.04778
2.04018
2.0417
2.05314
2.07136
2.08832
2.09357
2.07916
2.04453
1.99959
1.96194
1.94719
1.96097
1.99944
2.05443
2.11611
2.17402
2.21963
2.24828
2.25932
2.25466
2.23838
2.21674
2.19805
2.19067
2.20039
2.22664
2.2607
2.2896
2.30343
2.29859
2.27633
2.23998
2.19332
2.13989
2.08262
2.02508
1.97357
1.93732
1.92434
1.93556
1.96395
1.99844
2.02767
2.04253
2.03968
2.02493
2.01068
2.00692
2.01323
2.02022
2.01788
2.00279
1.98016
1.96097
1.95614
1.97087
2.00284
2.04477
2.08864
2.12821
2.15993
2.18295
2.19934
2.21184
2.22023
2.22114
2.21169
2.19189
2.16398
2.13104
2.09658
2.06428
2.03787
2.02075
2.01571
2.02476
2.04868
2.08663
2.13481
2.18603
2.23021
2.25687
2.25783
2.23014
2.17835
2.11451
2.05371
2.00722
1.9785
1.96498
1.9631
1.9721
1.99348
2.0265
2.0654
2.10222
2.13137
2.15167
2.16695
2.18499
2.21263
2.24974
2.28949
2.32409
2.3487
2.36091
2.35879
2.34046
2.30509
2.25404
2.19225
2.12775
2.0695
2.02406
1.9937
1.97645
1.96723
1.96002
1.95055
1.93845
1.92719
1.92228
1.92916
1.95104
1.98772
2.0352
2.08616
2.13205
2.16542
2.18149
2.1797
2.16439
2.14396
2.12737
2.1201
2.12232
2.13075
2.14113
2.14982
2.15396
2.15157
2.14177
2.12499
2.10323
2.07946
2.05596
2.03306
2.01155
1.99637
1.99527
2.0107
2.03693
2.06656
2.09566
2.12284
2.14708
2.16675
2.17977
2.18449
2.18004
2.16641
2.14459
2.11677
2.08639
2.05833
2.03854
2.03256
2.04227
2.06377
2.08876
2.10794
2.11462
2.10691
2.08904
2.07133
2.0675
2.08797
2.1335
2.19427
2.25503
2.30187
2.32647
2.32771
2.31087
2.2839
2.25286
2.21916
2.18025
2.05633
2.00406
1.94904
1.89853
1.8609
1.84392
1.85449
1.89542
1.9579
2.02197
2.06947
2.09237
2.09093
2.06991
2.03661
2.00041
1.97192
1.96098
1.97321
2.00693
2.05383
2.10316
2.14701
2.18305
2.21397
2.2438
2.27355
2.3003
2.31968
2.32851
2.32549
2.31053
2.2839
2.24537
2.19506
2.13503
2.06982
2.00642
1.95323
1.91904
1.91063
1.92909
1.96803
2.01619
2.06195
2.0962
2.11345
2.11225
2.09501
2.06711
2.03444
2.00109
1.96769
1.93281
1.89602
1.86098
1.83591
1.831
1.85395
1.90611
1.98174
2.06968
2.1569
2.23172
2.28614
2.31623
2.32133
2.30263
2.26284
2.20604
2.13837
2.06852
2.00672
1.9624
1.9417
1.94577
1.971
2.0103
2.05572
2.10023
2.13841
2.16627
2.18116
2.18153
2.16709
2.13882
2.09975
2.0564
2.01949
2.00136
2.00939
2.04168
2.08984
2.14426
2.19514
2.23241
2.24791
2.23785
2.20352
2.15061
2.08839
2.0284
1.98143
1.95432
1.94786
1.95765
1.97726
2.0008
2.02343
2.0402
2.04625
2.03806
2.01546
1.98332
1.95187
1.93442
1.94212
1.97817
2.03582
2.1017
2.16235
2.20864
2.23593
2.24139
2.22245
2.17845
2.11416
2.0413
1.97528
1.92941
1.90974
1.91303
1.92907
1.94666
1.95955
1.96822
1.97697
1.99017
2.01016
2.03731
2.07085
2.10939
2.15074
2.19104
2.22537
2.2502
2.26506
2.27228
2.27482
2.27498
2.27496
2.27718
2.28312
2.29174
2.29941
2.30059
2.28849
2.25647
2.20147
2.12712
2.0451
1.97225
1.92348
1.90477
1.912
1.93524
1.96345
1.98729
2.00123
2.00527
2.00439
2.00534
2.01305
2.02927
2.05324
2.083
2.11615
2.15022
2.18281
2.21105
2.23138
2.23969
2.23219
2.20723
2.16794
2.12299
2.08473
2.06396
2.06452
2.08176
2.10526
2.12344
2.12766
2.11436
2.08545
2.04681
2.00562
1.96749
1.9354
1.9106
1.89483
1.89074
1.90065
1.9238
1.95538
1.98775
2.01317
2.02683
2.02853
2.02318
2.01898
2.0241
2.04238
2.07182
2.10643
2.13972
2.16689
2.18542
2.19385
2.19089
2.17631
2.15273
2.12652
2.10653
2.10075
2.11173
2.13346
2.15358
2.16018
2.1468
2.1138
2.06687
2.01535
1.96854
1.93237
1.9095
1.90113
1.90732
1.92611
1.95348
1.98438
2.01387
2.03847
2.05775
2.07505
2.09591
2.1247
2.16169
2.20242
2.23867
2.2617
2.2672
2.25698
2.23626
2.20965
2.17984
2.14926
2.12174
2.10108
2.08814
2.0807
2.07562
2.07012
2.06146
2.04827
2.03306
2.02168
2.01817
2.02103
2.02509
2.02618
2.02385
2.02137
2.02349
2.03363
2.05245
2.07817
2.10738
2.13582
2.15854
2.17095
2.17035
2.15713
2.13519
2.10974
2.08441
2.06004
2.03632
2.01442
1.99711
1.98707
1.98604
1.99646
2.02223
2.06552
2.12312
2.18738
2.24983
2.30308
2.34053
2.3567
2.34947
2.3217
2.28014
2.2318
2.18124
2.13105
2.0842
2.0449
2.0164
1.99868
1.98876
1.98217
1.97492
1.96596
1.95817
1.9563
1.96301
1.97679
1.99306
2.0067
2.01471
2.01741
2.01797
2.02044
2.02742
2.03888
2.05281
2.06624
2.07645
2.08168
2.08165
2.07771
2.07207
2.06716
2.0659
2.07243
2.09117
2.12365
2.16612
2.21068
2.24876
2.2743
2.28381
2.27504
2.24652
2.1992
2.13827
2.07283
2.01232
1.96368
1.93177
1.92096
1.93449
1.97151
2.02608
2.08848
2.14712
2.19052
2.21024
2.20341
2.17269
2.12475
2.06772
2.01027
1.96258
1.93706
1.94371
1.98161
2.03735
2.09305
2.13493
2.15697
2.16141
2.15684
2.15463
2.16424
2.1891
2.22485
2.26132
2.28717
2.29389
2.27788
2.24074
2.18793
2.12693
2.06556
2.01014
1.96444
1.92915
1.90259
1.88336
1.87392
1.88082
1.90988
1.95994
2.02181
2.08333
2.13528
2.17383
2.20017
2.21793
2.22889
2.23009
2.21657
2.1866
2.14442
2.09812
2.05582
2.02297
2.00187
1.99218
1.9925
2.00153
2.01803
2.03949
2.06173
2.08063
2.09462
2.10568
2.11761
2.13189
2.145
2.15037
2.14264
2.12113
2.08981
2.05471
2.02097
1.99131
1.96616
1.94509
1.92908
1.92087
1.92348
1.93753
1.96006
1.98559
2.00852
2.02474
2.03175
2.02901
2.01779
2.00079
1.98116
1.96212
1.94769
1.94287
1.95244
1.97888
2.02115
2.07506
2.13443
2.19213
2.24117
2.27605
2.29405
2.29569
2.2843
2.26434
2.23907
2.20946
2.17448
2.13318
2.08718
2.04097
2.00025
1.96941
1.94975
1.93886
1.93197
1.9247
1.91567
1.90751
1.90574
1.91608
1.94177
1.98094
2.02544
2.06226
2.07821
2.06649
2.03106
1.98708
1.95501
1.94999
1.97454
2.02026
2.07455
2.12547
2.16356
2.18322
2.18468
2.17508
2.16591
2.1661
2.17636
2.19124
2.20449
2.21189
2.21237
2.20735
2.19884
2.1878
2.17479
2.16184
2.15287
2.1516
2.15951
2.17578
2.1973
2.2196
2.23906
2.25357
2.26116
2.25892
2.24329
2.21085
2.16002
2.09301
2.01739
1.94474
1.88566
1.84436
1.81763
1.79884
1.78351
1.7729
1.77366
1.79292
1.83212
1.88488
1.9403
1.98775
2.02027
2.03631
2.04169
2.05105
2.07996
2.12946
2.18594
2.23485
2.2666
2.27414
2.25278
2.20318
2.13424
2.06389
2.01286
1.99215
1.99664
2.01303
2.03112
2.04783
2.06491
2.08454
2.10657
2.12795
2.14393
2.15025
2.14521
2.13122
2.11492
2.10428
2.10424
2.11461
2.13256
2.15553
2.18103
2.20513
2.22286
2.22975
2.22365
2.20531
2.17745
2.14356
2.10739
2.07282
2.04316
2.02044
2.00515
1.9959
1.98898
1.97858
1.95813
1.92416
1.8813
1.84423
1.83232
1.85739
1.91569
1.99244
2.0716
2.14148
2.19562
2.23312
2.25827
2.27806
2.29725
2.31566
2.32939
2.33393
2.32594
2.30389
2.26823
2.22072
2.16313
2.09688
2.02426
1.95104
1.88676
1.8404
1.81432
1.80285
1.79751
1.79312
1.78982
1.79133
1.80187
1.82395
1.8577
1.9008
1.94907
1.99766
2.04137
2.07497
2.09385
2.0961
2.08493
2.06887
2.05896
2.06355
2.08441
2.11697
2.15323
2.18507
2.2061
2.21265
2.20428
2.18452
2.16069
2.14088
2.13011
2.12863
2.13347
2.14147
2.15115
2.16214
2.17332
2.18194
2.18448
2.17817
2.16241
2.1403
2.11927
2.10879
2.11494
2.13524
2.16059
2.18116
2.19019
2.18414
2.16251
2.12799
2.08636
2.04475
2.01027
1.99033
1.99114
2.01331
2.04953
2.08809
2.11776
2.13039
2.12256
2.09765
2.06643
2.04178
2.03015
2.02819
2.02848
2.02762
2.02871
2.03712
2.05503
2.07954
2.10449
2.12382
2.13386
2.13456
2.12899
2.12014
2.10847
2.09236
2.0718
2.05011
2.03188
2.02059
2.01777
2.02326
2.03527
2.05087
2.06624
2.07702
2.07945
2.07256
2.05955
2.04617
2.03636
2.0292
2.02053
2.00744
1.99107
1.97522
1.96277
1.95454
1.95152
1.9567
1.97241
1.99747
2.02753
2.05788
2.08626
2.11324
2.1406
2.16871
2.19511
2.21575
2.22755
2.23014
2.2245
2.2114
2.19229
2.172
2.1582
2.15638
2.16481
2.17532
2.17852
2.16794
2.14152
2.10127
2.05286
2.00373
1.96099
1.92939
1.91131
1.90669
1.91204
1.92089
1.92643
1.92467
1.91583
1.90417
1.89562
1.89463
1.9035
1.92359
1.95408
1.98959
2.0216
2.04268
2.04946
2.04314
2.0282
2.01041
1.99501
1.98617
1.98692
1.99837
2.01916
2.04638
2.07832
2.11579
2.15957
2.20658
2.24901
2.2771
2.2834
2.26642
2.23102
2.18512
2.13532
2.08517
2.03723
1.99524
1.96428
1.94771
1.94489
1.95213
1.96564
1.9841
2.00898
2.04239
2.08433
2.13066
2.17351
2.20407
2.21628
2.20931
2.1877
2.15885
2.12932
2.10195
2.0762
2.05177
2.03228
2.02414
2.03121
2.05099
2.07632
2.09872
2.11034
2.10538
2.08282
2.04885
2.01599
1.99793
2.00298
2.03158
2.07798
2.13287
2.18427
2.21881
2.22488
2.19669
2.13726
2.05953
1.98396
1.93196
1.9164
1.93637
1.98052
2.03424
2.08487
2.12436
2.14965
2.16252
2.16844
2.1747
2.18662
2.20425
2.22322
2.23773
2.24261
2.23432
2.21231
2.17944
2.14185
2.10764
2.08435
2.07566
2.07888
2.08623
2.08879
2.08075
2.06215
2.03911
2.02088
2.01489
2.02311
2.04119
2.06063
2.07259
2.07176
2.05779
2.03467
2.00951
1.99132
1.98828
2.00258
2.02785
2.05404
2.0755
2.09333
2.11181
2.13369
2.15851
2.18293
2.2014
2.20787
2.19781
2.17051
2.13085
2.08973
2.05921
2.04296
2.03346
2.02002
1.99851
1.9741
1.95635
1.95221
1.96267
1.98375
2.0097
2.03565
2.05908
2.07926
2.09618
2.11011
2.12037
2.12463
2.12065
2.10947
2.09511
2.08184
2.07395
2.07486
2.08492
2.1017
2.12148
2.14006
2.15457
2.16559
2.17654
2.19076
2.20828
2.22472
2.23417
2.23417
2.22759
2.2201
2.21494
2.20941
2.19493
2.16199
2.10563
2.02868
1.94359
1.87031
1.82774
1.82319
1.84991
1.89259
1.93658
1.97642
2.01867
2.07331
2.13875
2.19925
2.23837
2.24883
2.23206
2.19478
2.14609
2.09521
2.0493
2.01303
1.98932
1.98129
1.99244
2.02262
2.0637
2.10212
2.12588
2.12802
2.10726
2.06779
2.01886
1.97289
1.94156
1.9316
1.94297
1.97039
2.00652
2.04482
2.08113
2.11342
2.14103
2.16357
2.18061
2.19193
2.19808
2.20052
2.20082
2.19952
2.19581
2.18836
2.1769
2.16255
2.1466
2.13023
2.11428
2.09853
2.08116
2.06024
2.03589
2.01078
1.9894
1.97674
1.97642
1.98911
2.01212
2.04111
2.07322
2.10782
2.14434
2.17891
2.20393
2.10803
2.10005
2.07842
2.0512
2.02664
2.00917
1.99895
1.99452
1.99458
1.99725
1.99907
1.99645
1.98847
1.97798
1.97013
1.96931
1.9763
1.9885
2.00237
2.01518
2.02557
2.03307
2.03703
2.0361
2.02925
2.01688
2.00163
1.98794
1.98127
1.98636
2.00505
2.0351
2.07072
2.10384
2.12605
2.12995
2.11055
2.06695
2.00318
1.92861
1.85596
1.79641
1.7547
1.73026
1.72395
1.74004
1.77986
1.83764
1.90396
1.96994
2.02759
2.06945
2.08993
2.08769
2.06674
2.03525
2.00376
1.98272
1.97896
1.99226
2.01563
2.04017
2.05992
2.07287
2.07958
2.08164
2.08101
2.07982
2.07988
2.08304
2.09063
2.10271
2.11719
2.13116
2.14215
2.14792
2.14592
2.13357
2.11035
2.07941
2.0472
2.02022
2.00135
1.98878
1.97835
1.96754
1.9579
1.95479
1.96388
1.98663
2.01801
2.04783
2.06542
2.06428
2.04401
2.00896
1.96635
1.92546
1.89644
1.8857
1.89126
1.90472
1.91778
1.92664
1.93411
1.94948
1.98388
2.04123
2.11324
2.18478
2.24238
2.27781
2.28787
2.27346
2.23933
2.19272
2.14037
2.08625
2.03205
1.97921
1.93009
1.88885
1.8626
1.86069
1.88813
1.9384
1.99691
2.05107
2.09483
2.12636
2.14471
2.14817
2.13482
2.10451
2.06092
2.0127
1.97167
1.94742
1.94064
1.94339
1.94646
1.94492
1.93905
1.93336
1.93473
1.94828
1.97318
2.0029
2.0298
2.04876
2.0583
2.06022
2.05856
2.05803
2.0617
2.06936
2.07713
2.0783
2.06574
2.03481
1.9853
1.92224
1.85549
1.79789
1.76152
1.75367
1.77429
1.81714
1.87311
1.9329
1.98889
2.03683
2.07701
2.11319
2.14802
2.17976
2.20363
2.21526
2.21215
2.19346
2.15973
2.11325
2.05935
2.00771
1.96959
1.95139
1.9497
1.95573
1.96391
1.97433
1.98959
2.01155
2.03967
2.0705
2.09812
2.11597
2.11992
2.11055
2.09275
2.07294
2.05573
2.0421
2.03001
2.01671
1.99977
1.97756
1.94957
1.91724
1.88481
1.85912
1.84766
1.85543
1.88202
1.92142
1.9656
2.00836
2.04685
2.08069
2.11035
2.13593
2.1566
2.17075
2.1768
2.17409
2.16365
2.14814
2.13089
2.11485
2.10184
2.09285
2.08855
2.08871
2.09115
2.09159
2.08459
2.0661
2.0354
1.99645
1.95719
1.92655
1.91017
1.90781
1.91466
1.9249
1.93474
1.94294
1.94987
1.95569
1.95888
1.95746
1.95119
1.94498
1.94898
1.97186
2.01148
2.05464
2.08653
2.09873
2.09087
2.0683
2.03932
2.01243
1.99378
1.98523
1.98485
1.98917
1.99546
2.00236
2.00947
2.01667
2.02441
2.03321
2.04258
2.0508
2.05514
2.0533
2.04512
2.03294
2.01891
2.00191
1.97953
1.95307
1.9292
1.91629
1.91937
1.93819
1.96779
2.00144
2.03367
2.06161
2.0847
2.10311
2.11657
2.12439
2.12661
2.12507
2.12345
2.12621
2.1366
2.15547
2.18082
2.20819
2.23078
2.24063
2.23117
2.20049
2.15395
2.10274
2.05733
2.02183
1.99511
1.97542
1.96206
1.95363
1.94664
1.93667
1.92022
1.8964
1.86723
1.83718
1.81254
1.79945
1.8006
1.81339
1.83176
1.85011
1.86542
1.87644
1.8832
1.88727
1.8918
1.89985
1.91276
1.9292
1.9451
1.95439
1.95134
1.93457
1.91079
1.89351
1.8943
1.91551
1.9525
1.99854
2.04736
2.09443
2.13751
2.17536
2.20569
2.22435
2.22625
2.20743
2.16684
2.10753
2.03661
1.96354
1.8983
1.8496
1.82371
1.82374
1.84835
1.89134
1.94303
1.99263
2.03151
2.05589
2.06771
2.07282
2.07707
2.0832
2.09208
2.10718
2.13425
2.17298
2.21311
2.24321
2.25823
2.25839
2.24509
2.21874
2.17953
2.12909
2.07175
2.01477
1.96652
1.93418
1.92094
1.92408
1.93539
1.94446
1.94356
1.93119
1.91291
1.89867
1.89763
1.91392
1.94641
1.98895
2.03095
2.06148
2.07536
2.07591
2.07256
2.07454
2.08559
2.1028
2.12005
2.1314
2.1315
2.11495
2.07759
2.01988
1.94905
1.87789
1.82071
1.78959
1.79155
1.82728
1.89106
1.97141
2.05374
2.12385
2.17119
2.1902
2.18026
2.14465
2.08946
2.02305
1.95573
1.8992
1.86447
1.85858
1.88154
1.92535
1.9772
2.02441
2.0593
2.08042
2.09027
2.09231
2.0894
2.08446
2.08025
2.07768
2.07494
2.06869
2.05638
2.03785
2.01598
1.9972
1.98982
1.9996
2.0264
2.06528
2.11003
2.15519
2.19584
2.22693
2.24384
2.24469
2.23221
2.21153
2.18519
2.15122
2.10602
2.04837
1.98105
1.91081
1.84675
1.79716
1.76599
1.75122
1.74709
1.74802
1.75181
1.75988
1.77592
1.80428
1.84824
1.90765
1.97692
2.04623
2.10559
2.14828
2.17176
2.17667
2.16549
2.1421
2.1116
2.07947
2.05006
2.02551
2.00662
1.99405
1.98873
1.99113
2.0002
2.0127
2.02491
2.0357
2.0469
2.0602
2.07392
2.08299
2.08239
2.07157
2.05753
2.0513
2.05851
2.07455
2.08928
2.09437
2.08737
2.07164
2.0539
2.04065
2.03505
2.03525
2.03599
2.0316
2.01844
1.99621
1.96846
1.94192
1.9238
1.91761
1.92064
1.92629
1.92901
1.92684
1.92111
1.9143
1.90835
1.90401
1.90126
1.90004
1.9009
1.90454
1.91172
1.92381
1.94278
1.96959
2.00236
2.03604
2.06387
2.07915
2.07692
2.05539
2.01666
1.967
1.91542
1.8716
1.84489
1.84348
1.87144
1.92405
1.9877
2.04612
2.0878
2.10964
2.11609
2.1159
2.11718
2.1234
2.13212
2.13719
2.13291
2.11746
2.09408
2.07032
2.05522
2.05433
2.0658
2.08195
2.09437
2.09842
2.09401
2.08398
2.0718
2.05964
2.04745
2.03347
2.01668
1.99876
1.98331
1.97291
1.9675
1.96547
1.96483
1.96304
1.95762
1.94845
1.93956
1.93778
1.94918
1.97524
2.01235
2.05396
2.09342
2.1252
2.14504
2.15008
2.1395
2.1147
2.07918
2.03786
1.99613
1.95932
1.93121
1.91254
1.90134
1.89545
1.89415
1.89763
1.90555
1.91685
1.92944
1.94039
1.94608
1.94254
1.92657
1.89687
1.85595
1.81144
1.77551
1.76119
1.77752
1.82627
1.90102
1.98809
2.07067
2.13463
2.17278
2.18496
2.175
2.14786
2.1084
2.06212
2.01575
1.97632
1.94979
1.94029
1.95087
1.98323
2.03526
2.09917
2.16306
2.21554
2.24947
2.26268
2.25653
2.23478
2.20242
2.16489
2.12727
2.09372
2.06735
2.05011
2.04297
2.04673
2.06129
2.08347
2.1069
2.12568
2.13773
2.14452
2.14778
2.14655
2.13769
2.11911
2.09279
2.06514
2.04396
2.03453
2.03698
2.04604
2.05215
2.04429
2.01416
1.95995
1.8882
1.81296
1.75254
1.72342
1.73319
1.77659
1.83881
1.90347
1.95886
1.99983
2.02645
2.04205
2.05152
2.06015
2.07235
2.09084
2.11587
2.14485
2.17268
2.19277
2.19896
2.18688
2.1547
2.10402
2.04128
1.97827
1.92922
1.9045
1.9055
1.92543
1.95378
1.98044
1.99811
2.00451
2.00269
1.99895
2.0002
2.01135
2.03407
2.06651
2.10388
2.13953
2.16614
2.17751
2.17033
2.14592
2.11098
2.07583
2.0506
2.04114
2.04662
2.06029
2.07225
2.07314
2.05802
2.02936
1.99755
1.97615
1.97338
1.98651
2.00416
2.01445
2.01149
1.99684
1.97736
1.96204
1.95921
1.9744
2.00948
2.06092
2.11855
2.16812
2.19667
2.19611
2.16443
2.10587
2.03066
1.95368
1.89191
1.85971
1.86342
1.89876
1.95484
2.01999
2.08465
2.14017
2.1782
2.19269
2.18288
2.15378
2.11347
2.06956
2.02765
1.99168
1.96525
1.95148
1.95126
1.96148
1.97537
1.98458
1.9824
1.96655
1.93976
1.90834
1.87977
1.86035
1.85331
1.85765
1.86884
1.88173
1.89319
1.90228
1.90892
1.91271
1.91322
1.91073
1.90736
1.90785
1.91861
1.94374
1.98079
2.02088
2.05394
2.07426
2.08317
2.08724
2.0927
2.1003
2.10614
2.10604
2.09899
2.08673
2.07172
2.05631
2.04271
2.03377
2.03277
2.04186
2.06027
2.08367
2.10556
2.11976
2.1233
2.1191
2.11566
2.12066
2.13238
2.14022
2.13415
2.11081
2.07301
2.0276
1.9836
1.94913
1.92938
1.92648
1.94043
1.96936
2.00963
2.05601
2.10122
2.13582
2.1499
2.13619
2.09329
2.02715
1.95071
1.87979
1.82583
1.79125
1.77211
1.76508
1.77143
1.79476
1.83461
1.88217
1.92456
1.95338
1.96808
1.9733
1.97511
1.97861
1.98729
2.00192
2.01962
2.03569
2.04732
2.05648
2.06871
2.08821
2.11354
2.13838
2.15565
2.15986
2.14814
2.12087
2.08259
2.04213
2.01043
1.99628
2.00256
2.02574
2.059
2.0963
2.1337
2.16849
2.19746
2.21612
2.21986
2.20621
2.17677
2.13722
2.09576
2.06046
2.03671
2.02557
2.02338
2.02386
2.02083
2.01003
1.98995
1.96237
1.93193
1.90411
1.88247
1.86788
1.85962
1.85801
1.86612
1.88873
1.92896
1.98492
2.04981
2.11464
2.17039
2.20887
2.22384
2.21304
2.17884
2.12668
2.0617
1.9878
1.91124
1.84344
1.79702
1.7783
1.78536
1.8116
1.84847
1.88671
1.91875
1.94062
1.95195
1.95454
1.95096
1.9449
1.94171
1.94764
1.9675
2.00196
2.04606
2.09037
2.12417
2.13922
2.13241
2.106
2.06605
2.02105
1.98082
1.95419
1.94567
1.95344
1.97123
1.99207
2.01116
2.0272
2.04273
2.06293
2.09146
2.12633
2.15955
2.18057
2.18039
2.15702
2.11972
2.08423
2.05954
2.04352
2.03137
2.02125
2.01227
2.00278
1.99229
1.98421
1.98506
2.00063
2.0314
2.07156
2.11193
2.14356
2.16017
2.15942
2.14396
2.1217
2.103
2.09486
2.09623
2.09865
2.09193
2.06984
2.0323
1.985
1.93745
1.9008
1.88295
1.88283
1.89087
1.89578
1.89091
1.87758
2.0991
2.08106
2.06493
2.05391
2.04803
2.04851
2.05487
2.06229
2.06537
2.06224
2.05515
2.04954
2.05171
2.0651
2.08762
2.11233
2.131
2.13832
2.13406
2.12361
2.11663
2.12301
2.14748
2.18629
2.22915
2.26436
2.28421
2.28833
2.28311
2.27714
2.27524
2.27572
2.2733
2.26403
2.2478
2.22701
2.20402
2.17956
2.1538
2.12909
2.11208
2.11163
2.13287
2.17068
2.2113
2.24162
2.25556
2.25386
2.24105
2.22316
2.20595
2.1936
2.18831
2.1898
2.19524
2.19951
2.19668
2.18239
2.15584
2.11934
2.07704
2.03436
1.99766
1.97365
1.96769
1.98165
2.013
2.05583
2.10316
2.14784
2.18247
2.1993
2.19187
2.15828
2.10552
2.04967
2.00807
1.99032
1.99782
2.02803
2.07512
2.12902
2.17815
2.21426
2.23441
2.24064
2.23749
2.22836
2.213
2.18914
2.15662
2.1202
2.08896
2.07296
2.07908
2.10696
2.14707
2.18484
2.2077
2.20992
2.19361
2.16798
2.14629
2.13956
2.15127
2.17732
2.20861
2.23419
2.24435
2.23394
2.20497
2.16596
2.12794
2.09958
2.08538
2.08669
2.10207
2.12643
2.15142
2.16844
2.17205
2.16123
2.13788
2.10535
2.06856
2.03478
2.01362
2.014
2.03834
2.07961
2.12538
2.16459
2.1911
2.20307
2.2018
2.19043
2.17241
2.15083
2.12896
2.11133
2.10388
2.11187
2.1378
2.18047
2.23505
2.29353
2.34551
2.38051
2.3912
2.37592
2.33872
2.28677
2.22714
2.16552
2.10783
2.06121
2.03172
2.02044
2.02241
2.02996
2.03736
2.04286
2.04771
2.05525
2.0707
2.09884
2.13934
2.18518
2.226
2.25353
2.26419
2.25956
2.24545
2.23014
2.22096
2.21975
2.22099
2.21618
2.19949
2.16959
2.12792
2.07784
2.02544
1.98089
1.95618
1.95885
1.98815
2.03695
2.09519
2.15105
2.19183
2.20746
2.19485
2.16063
2.11881
2.08327
2.0623
2.05903
2.07263
2.0982
2.12889
2.15921
2.18631
2.20906
2.22659
2.23751
2.24074
2.23677
2.22835
2.2195
2.21323
2.21003
2.2082
2.20551
2.20021
2.19117
2.17768
2.15911
2.13508
2.10722
2.08251
2.07142
2.07882
2.10005
2.12813
2.15909
2.18972
2.21479
2.22807
2.22434
2.20073
2.15818
2.10434
2.05413
2.02385
2.0213
2.04318
2.08035
2.12322
2.16432
2.19889
2.22462
2.24159
2.25213
2.25918
2.26436
2.26698
2.26472
2.25444
2.23371
2.20156
2.15918
2.11013
2.06019
2.01717
1.99025
1.98761
2.01249
2.06015
2.11962
2.17879
2.22856
2.26472
2.28802
2.30194
2.30782
2.30174
2.27706
2.2304
2.16566
2.0934
2.02729
1.97947
1.95726
1.96182
1.98945
2.03452
2.09161
2.15468
2.21576
2.26572
2.29761
2.30852
2.29924
2.27267
2.23254
2.18242
2.12605
2.06783
2.01394
1.9722
1.95019
1.95171
1.97458
2.01219
2.05758
2.10583
2.15358
2.19701
2.23069
2.24864
2.24611
2.22167
2.17776
2.12007
2.05633
1.99419
1.9404
1.90053
1.87873
1.87631
1.89079
1.91719
1.95107
1.98981
2.03139
2.07262
2.10885
2.13517
2.14856
2.14954
2.14239
2.13391
2.13166
2.14188
2.16664
2.20167
2.23913
2.27319
2.30273
2.32933
2.35356
2.37257
2.38074
2.37274
2.34721
2.30885
2.26805
2.23707
2.22382
2.22829
2.24477
2.26579
2.28342
2.28982
2.27986
2.2538
2.21598
2.17088
2.12051
2.06545
2.00595
1.94279
1.87906
1.8228
1.78759
1.78805
1.83178
1.91281
2.01254
2.10834
2.18314
2.22929
2.24647
2.2383
2.2111
2.17575
2.14739
2.13953
2.15649
2.19167
2.23187
2.26446
2.28273
2.28715
2.28199
2.27161
2.25846
2.24326
2.22587
2.20666
2.18866
2.17886
2.18488
2.20746
2.23642
2.25617
2.25451
2.22752
2.18056
2.12768
2.0871
2.07167
2.08034
2.10097
2.12177
2.13899
2.15576
2.17627
2.20029
2.22173
2.23235
2.22686
2.20509
2.17093
2.13077
2.09284
2.06599
2.05777
2.07285
2.10887
2.15251
2.18517
2.19571
2.18506
2.16139
2.13366
2.10845
2.09028
2.08251
2.08685
2.10227
2.12526
2.15093
2.1742
2.19122
2.20015
2.20218
2.2016
2.20429
2.21472
2.23319
2.25535
2.27383
2.28056
2.26883
2.23523
2.1811
2.11323
2.04175
1.97678
1.92432
1.88431
1.85277
1.82525
1.8
1.77915
1.76867
1.77641
1.80868
1.8668
1.94562
2.03549
2.12548
2.2064
2.27245
2.32104
2.35062
2.35833
2.34013
2.29443
2.22591
2.14679
2.07383
2.02233
2.00089
2.00886
2.03775
2.07562
2.11159
2.13895
2.15626
2.1668
2.17611
2.18761
2.19981
2.20841
2.2106
2.20691
2.19965
2.19069
2.18072
2.1694
2.15665
2.14341
2.13177
2.12427
2.123
2.12932
2.14448
2.17024
2.20832
2.25825
2.315
2.36854
2.40644
2.4175
2.3947
2.33713
2.25013
2.14505
2.03951
1.956
1.91401
1.91871
1.95946
2.01866
2.08085
2.13616
2.17915
2.20696
2.21872
2.21533
2.19948
2.17543
2.14908
2.12713
2.11508
2.11465
2.12298
2.1338
2.14068
2.13998
2.13125
2.11547
2.09356
2.06726
2.04142
2.02402
2.02253
2.03967
2.07262
2.11533
2.16052
2.20086
2.23069
2.24833
2.25673
2.26163
2.26693
2.27056
2.26553
2.24651
2.21466
2.17702
2.14109
2.11036
2.08437
2.06168
2.04155
2.02397
2.00927
1.99921
1.99778
2.01133
2.04715
2.10924
2.19265
2.2832
2.36496
2.42742
2.46683
2.48379
2.48076
2.46037
2.42455
2.37463
2.31173
2.2375
2.15478
2.06929
1.99079
1.93012
1.89372
1.88118
1.88844
1.91099
1.94507
1.98664
2.02989
2.06831
2.09617
2.10877
2.1038
2.0838
2.05676
2.0337
2.02524
2.03814
2.07194
2.11849
2.16652
2.20916
2.24722
2.28472
2.32155
2.35144
2.36665
2.36306
2.3416
2.30702
2.26674
2.22964
2.20343
2.19138
2.1902
2.19158
2.18769
2.17585
2.15884
2.14091
2.1244
2.10985
2.09884
2.09559
2.10502
2.1287
2.16228
2.19716
2.22468
2.2388
2.23742
2.22301
2.20306
2.18726
2.18102
2.18171
2.18254
2.1781
2.16578
2.14492
2.11777
2.09102
2.07431
2.07478
2.09177
2.11743
2.1426
2.16163
2.17254
2.17471
2.16717
2.14868
2.11914
2.08054
2.03766
1.99752
1.96707
1.9499
1.94386
1.94293
1.94159
1.93803
1.93506
1.93827
1.95272
1.97981
2.01638
2.05668
2.09577
2.13052
2.15833
2.17576
2.17951
2.16881
2.14737
2.12328
2.10688
2.10603
2.12245
2.15098
2.18206
2.20532
2.21266
2.19958
2.16526
2.1129
2.05081
1.99277
1.95435
1.94583
1.96864
2.01677
2.08038
2.14948
2.21597
2.27387
2.31846
2.34585
2.35372
2.34264
2.31618
2.28051
2.2423
2.20636
2.17466
2.14664
2.12034
2.09389
2.06654
2.03882
2.01208
1.98766
1.9661
1.94792
1.93563
1.93454
1.95079
1.98812
2.0455
2.11673
2.19199
2.26033
2.31238
2.3421
2.34822
2.33497
2.31142
2.28736
2.26725
2.24841
2.22497
2.1918
2.14629
2.08978
2.02928
1.97626
1.9425
1.93538
1.9545
1.99257
2.03909
2.08378
2.11827
2.13651
2.13524
2.11506
2.0808
2.04165
2.01
1.9974
2.0083
2.03781
2.07694
2.11924
2.16288
2.20811
2.25462
2.30113
2.34606
2.38723
2.42105
2.44281
2.44807
2.43476
2.4047
2.36349
2.31868
2.27646
2.23879
2.20381
2.16895
2.13435
2.1041
2.08399
2.07682
2.07954
2.08599
2.09072
2.09136
2.08929
2.08788
2.08911
2.09055
2.08549
2.06638
2.02861
1.97299
1.90733
1.84734
1.81303
1.81719
1.85553
1.91035
1.963
2.0019
2.02384
2.03248
2.03639
2.04637
2.07193
2.11755
2.17998
2.24959
2.31529
2.36907
2.40736
2.4297
2.43731
2.43261
2.41892
2.39836
2.37008
2.33088
2.27928
2.21973
2.16267
2.11997
2.09864
2.0983
2.11186
2.1287
2.13911
2.13773
2.1243
2.10318
2.08195
2.0689
2.06878
2.07974
2.095
2.10878
2.12087
2.13651
2.16216
2.20021
2.24604
2.28983
2.32147
2.33451
2.32766
2.30421
2.27
2.23101
2.19168
2.1542
2.11875
2.08458
2.05214
2.02435
2.00667
2.0052
2.02317
2.05771
2.09876
2.13166
2.14355
2.13056
2.10041
2.06751
2.04308
2.03012
2.02635
2.0293
2.03841
2.05445
2.07683
2.10144
2.12206
2.13327
2.13206
2.11791
2.09279
2.062
2.03488
2.024
2.04119
2.09136
2.16824
2.25622
2.33834
2.4039
2.45054
2.47987
2.49236
2.48611
2.45968
2.41554
2.3599
2.30015
2.24153
2.18544
2.13083
2.07857
2.03483
2.00983
2.01086
2.03494
2.06877
2.09615
2.10588
2.09554
2.07126
2.04451
2.02668
2.02278
2.02946
2.03855
2.04197
2.03481
2.01706
1.99399
1.97488
1.96965
1.98401
2.01662
2.06041
2.10691
2.15012
2.18634
2.21217
2.22438
2.22216
2.20927
2.19279
2.17855
2.16728
2.15491
2.13659
2.11072
2.08115
2.05588
2.04339
2.04889
2.07222
2.108
2.14749
2.18137
2.20186
2.20382
2.18543
2.14941
2.10343
2.059
2.02831
2.01955
2.03316
2.06249
2.09823
2.13333
2.16484
2.1927
2.21742
2.23957
2.26018
2.27998
2.29683
2.3059
2.30409
2.29367
2.28079
2.2705
2.26423
2.26058
2.25823
2.25665
2.25475
2.24936
2.23581
2.20954
2.16831
2.11424
2.05499
2.00261
1.96958
1.96331
1.98308
2.0214
2.06766
2.11161
2.146
2.16717
2.17458
2.16957
2.15453
2.13266
2.10771
2.08403
2.0663
2.05932
2.06735
2.09272
2.13397
2.1856
2.23977
2.28772
2.32035
2.3298
2.31424
2.28209
2.24891
2.2278
2.22249
2.22763
2.23308
2.22927
2.21152
2.18194
2.14746
2.11557
-nan
-nan
-nan
-nan
-nan
-nan
-nan
-nan
-nan
-nan
-nan
-nan
-nan
-nan
-nan
-nan
-nan
-nan
-nan
-nan
-nan
-nan
-nan
-nan
-nan
-nan
-nan
-nan
-nan
-nan
-nan
-nan
-nan
-nan
-nan
-nan
-nan
-nan
-nan
-nan
-nan
-nan
-nan
-nan
-nan
-nan
-nan
-nan
-nan
-nan
-nan
-nan
-nan
-nan
-nan
-nan
-nan
-nan
-nan
-nan
-nan
-nan
-nan
-nan
-nan
-nan
-nan
-nan
-nan
-nan
-nan
-nan
-nan
-nan
-nan
-nan
-nan
-nan
-nan
-nan
-nan
-nan
-nan
-nan
-nan
-nan
-nan
-nan
-nan
-nan
-nan
-nan
-nan
-nan
-nan
-nan
-nan
-nan
-nan
-nan
-nan
-nan
-nan
-nan
-nan
-nan
-nan
-nan
-nan
-nan
-nan
-nan
-nan
-nan
-nan
-nan
-nan
-nan
-nan
-nan
-nan
-nan
-nan
-nan
-nan
-nan
-nan
-nan
-nan
-nan
-nan
-nan
-nan
-nan
-nan
-nan
-nan
-nan
-nan
-nan
-nan
-nan
-nan
-nan
-nan
-nan
-nan
-nan
-nan
-nan
-nan
-nan
-nan
-nan
-nan
-nan
-nan
-nan
-nan
-nan
-nan
-nan
-nan
-nan
-nan
-nan
-nan
-nan
-nan
-nan
-nan
-nan
-nan
-nan
-nan
-nan
-nan
-nan
-nan
-nan
-nan
-nan
-nan
-nan
-nan
-nan
-nan
-nan
-nan
-nan
-nan
-nan
-nan
-nan
-nan
-nan
-nan
-nan
-nan
-nan
-nan
-nan
-nan
-nan
-nan
-nan
-nan
-nan
-nan
-nan
-nan
-nan
-nan
-nan
-nan
-nan
-nan
-nan
-nan
-nan
-nan
-nan
-nan
-nan
-nan
-nan
-nan
-nan
-nan
-nan
-nan
-nan
-nan
-nan
-nan
-nan
-nan
-nan
-nan
-nan
-nan
-nan
-nan
-nan
-nan
-nan
-nan
-nan
-nan
-nan
-nan
-nan
-nan
-nan
-nan
-nan
-nan
-nan
-nan
-nan
-nan
-nan
-nan
-nan
-nan
-nan
-nan
-nan
-nan
-nan
-nan
-nan
-nan
-nan
-nan
-nan
-nan
-nan
-nan
-nan
-nan
-nan
-nan
-nan
-nan
-nan
-nan
-nan
-nan
-nan
-nan
-nan
-nan
-nan
-nan
-nan
-nan
-nan
-nan
-nan
-nan
-nan
-nan
-nan
-nan
-nan
-nan
-nan
-nan
-nan
-nan
-nan
-nan
-nan
-nan
-nan
-nan
-nan
-nan
-nan
-nan
-nan
-nan
-nan
-nan
-nan
-nan
-nan
-nan
-nan
-nan
-nan
-nan
-nan
-nan
-nan
-nan
-nan
-nan
-nan
-nan
-nan
-nan
-nan
-nan
-nan
-nan
-nan
-nan
-nan
-nan
-nan
-nan
-nan
-nan
-nan
-nan
-nan
-nan
-nan
-nan
-nan
-nan
-nan
-nan
-nan
-nan
-nan
-nan
-nan
-nan
-nan
-nan
-nan
-nan
-nan
-nan
-nan
-nan
-nan
-nan
-nan
-nan
-nan
-nan
-nan
-nan
-nan
-nan
-nan
-nan
-nan
-nan
-nan
-nan
-nan
-nan
-nan
-nan
-nan
-nan
-nan
-nan
-nan
-nan
-nan
-nan
-nan
-nan
-nan
-nan
-nan
-nan
-nan
-nan
-nan
-nan
-nan
-nan
-nan
-nan
-nan
-nan
-nan
-nan
-nan
-nan
-nan
-nan
-nan
-nan
-nan
-nan
-nan
-nan
-nan
-nan
-nan
-nan
-nan
-nan
-nan
-nan
-nan
-nan
-nan
-nan
-nan
-nan
-nan
-nan
-nan
-nan
-nan
-nan
-nan
-nan
-nan
-nan
-nan
-nan
-nan
-nan
-nan
-nan
-nan
-nan
-nan
-nan
-nan
-nan
-nan
-nan
-nan
-nan
-nan
-nan
-nan
-nan
-nan
-nan
-nan
-nan
-nan
-nan
-nan
-nan
-nan
-nan
-nan
-nan
-nan
-nan
-nan
-nan
-nan
-nan
-nan
-nan
-nan
-nan
-nan
-nan
-nan
-nan
-nan
-nan
-nan
-nan
-nan
-nan
-nan
-nan
-nan
-nan
-nan
-nan
-nan
-nan
-nan
-nan
-nan
-nan
-nan
-nan
-nan
-nan
-nan
-nan
-nan
-nan
-nan
-nan
-nan
-nan
-nan
-nan
-nan
-nan
-nan
-nan
-nan
-nan
-nan
-nan
-nan
-nan
-nan
-nan
-nan
-nan
-nan
-nan
-nan
-nan
-nan
-nan
-nan
-nan
-nan
-nan
-nan
-nan
-nan
-nan
-nan
-nan
-nan
-nan
-nan
-nan
-nan
-nan
-nan
-nan
-nan
-nan
-nan
-nan
-nan
-nan
-nan
-nan
-nan
-nan
-nan
-nan
-nan
-nan
-nan
-nan
-nan
-nan
-nan
-nan
-nan
-nan
-nan
-nan
-nan
-nan
-nan
-nan
-nan
-nan
-nan
-nan
-nan
-nan
-nan
-nan
-nan
-nan
-nan
-nan
-nan
-nan
-nan
-nan
-nan
-nan
-nan
-nan
-nan
-nan
-nan
-nan
-nan
-nan
-nan
-nan
-nan
-nan
-nan
-nan
-nan
-nan
-nan
-nan
-nan
-nan
-nan
-nan
-nan
-nan
-nan
-nan
-nan
-nan
-nan
-nan
-nan
-nan
-nan
-nan
-nan
-nan
-nan
-nan
-nan
-nan
-nan
-nan
-nan
-nan
-nan
-nan
-nan
-nan
-nan
-nan
-nan
-nan
-nan
-nan
-nan
-nan
-nan
-nan
-nan
-nan
-nan
-nan
-nan
-nan
-nan
-nan
-nan
-nan
-nan
-nan
-nan
-nan
-nan
-nan
-nan
-nan
-nan
-nan
-nan
-nan
-nan
-nan
-nan
-nan
-nan
-nan
-nan
-nan
-nan
-nan
-nan
-nan
-nan
-nan
-nan
-nan
-nan
-nan
-nan
-nan
-nan
-nan
-nan
-nan
-nan
-nan
-nan
-nan
-nan
-nan
-nan
-nan
-nan
-nan
-nan
-nan
-nan
-nan
-nan
-nan
-nan
-nan
-nan
-nan
-nan
-nan
-nan
-nan
-nan
-nan
-nan
-nan
-nan
-nan
-nan
-nan
-nan
-nan
-nan
-nan
-nan
-nan
-nan
-nan
-nan
-nan
-nan
-nan
-nan
-nan
-nan
-nan
-nan
-nan
-nan
-nan
-nan
-nan
-nan
-nan
-nan
-nan
-nan
-nan
-nan
-nan
-nan
-nan
-nan
-nan
-nan
-nan
-nan
-nan
-nan
-nan
-nan
-nan
-nan
-nan
-nan
-nan
-nan
-nan
-nan
-nan
-nan
-nan
-nan
-nan
-nan
-nan
-nan
-nan
-nan
-nan
-nan
-nan
-nan
-nan
-nan
-nan
-nan
-nan
-nan
-nan
-nan
-nan
-nan
-nan
-nan
-nan
-nan
-nan
-nan
-nan
-nan
-nan
-nan
-nan
-nan
-nan
-nan
-nan
-nan
-nan
-nan
-nan
-nan
-nan
-nan
-nan
-nan
-nan
-nan
-nan
-nan
-nan
-nan
-nan
-nan
-nan
-nan
-nan
-nan
-nan
-nan
-nan
-nan
-nan
-nan
-nan
-nan
-nan
-nan
-nan
-nan
-nan
-nan
-nan
-nan
-nan
-nan
-nan
-nan
-nan
-nan
-nan
-nan
-nan
-nan
-nan
-nan
-nan
-nan
-nan
-nan
-nan
-nan
-nan
-nan
-nan
-nan
-nan
-nan
-nan
-nan
-nan
-nan
-nan
-nan
-nan
-nan
-nan
-nan
-nan
-nan
-nan
-nan
-nan
-nan
-nan
-nan
-nan
-nan
-nan
-nan
-nan
-nan
-nan
-nan
-nan
-nan
-nan
-nan
-nan
-nan
-nan
-nan
-nan
-nan
-nan
-nan
-nan
-nan
-nan
-nan
-nan
-nan
-nan
-nan
-nan
-nan
-nan
-nan
-nan
-nan
-nan
-nan
-nan
-nan
-nan
-nan
-nan
-nan
-nan
-nan
-nan
-nan
-nan
-nan
-nan
-nan
-nan
-nan
-nan
-nan
-nan
-nan
-nan
-nan
-nan
-nan
-nan
-nan
-nan
-nan
-nan
-nan
-nan
-nan
-nan
-nan
-nan
-nan
-nan
-nan
-nan
-nan
-nan
-nan
-nan
-nan
-nan
-nan
-nan
-nan
-nan
-nan
-nan
-nan
-nan
-nan
-nan
-nan
-nan
-nan
-nan
-nan
-nan
-nan
-nan
-nan
-nan
-nan
-nan
-nan
-nan
-nan
-nan
-nan
-nan
-nan
-nan
-nan
-nan
-nan
-nan
-nan
-nan
-nan
-nan
-nan
-nan
-nan
-nan
-nan
-nan
-nan
-nan
-nan
-nan
-nan
-nan
-nan
-nan
-nan
-nan
-nan
-nan
-nan
-nan
-nan
-nan
-nan
-nan
-nan
-nan
-nan
-nan
-nan
-nan
-nan
-nan
-nan
-nan
-nan
-nan
-nan
-nan
-nan
-nan
-nan
-nan
-nan
-nan
-nan
-nan
-nan
-nan
-nan
-nan
-nan
-nan
-nan
-nan
-nan
-nan
-nan
-nan
-nan
-nan
-nan
-nan
-nan
-nan
-nan
-nan
-nan
-nan
-nan
-nan
-nan
-nan
-nan
-nan
-nan
-nan
-nan
-nan
-nan
-nan
-nan
-nan
-nan
-nan
-nan
-nan
-nan
-nan
-nan
-nan
-nan
-nan
-nan
-nan
-nan
-nan
-nan
-nan
-nan
-nan
-nan
-nan
-nan
-nan
-nan
-nan
-nan
-nan
-nan
-nan
-nan
-nan
-nan
-nan
-nan
-nan
-nan
-nan
-nan
-nan
-nan
-nan
-nan
-nan
-nan
-nan
-nan
-nan
-nan
-nan
-nan
-nan
-nan
-nan
-nan
-nan
-nan
-nan
-nan
-nan
-nan
-nan
-nan
-nan
-nan
-nan
-nan
-nan
-nan
-nan
-nan
-nan
-nan
-nan
-nan
-nan
-nan
-nan
-nan
-nan
-nan
-nan
-nan
-nan
-nan
-nan
-nan
-nan
-nan
-nan
-nan
-nan
-nan
-nan
-nan
-nan
-nan
-nan
-nan
-nan
-nan
-nan
-nan
-nan
-nan
-nan
-nan
-nan
-nan
-nan
-nan
-nan
-nan
-nan
-nan
-nan
-nan
-nan
-nan
-nan
-nan
-nan
-nan
-nan
-nan
-nan
-nan
-nan
-nan
-nan
-nan
-nan
-nan
-nan
-nan
-nan
-nan
-nan
-nan
-nan
-nan
-nan
-nan
-nan
-nan
-nan
-nan
-nan
-nan
-nan
-nan
-nan
-nan
-nan
-nan
-nan
-nan
-nan
-nan
-nan
-nan
-nan
-nan
-nan
-nan
-nan
-nan
-nan
-nan
-nan
-nan
-nan
-nan
-nan
-nan
-nan
-nan
-nan
-nan
-nan
-nan
-nan
-nan
-nan
-nan
-nan
-nan
-nan
-nan
-nan
-nan
-nan
-nan
-nan
-nan
-nan
-nan
-nan
-nan
-nan
-nan
-nan
-nan
-nan
-nan
-nan
-nan
-nan
-nan
-nan
-nan
-nan
-nan
-nan
-nan
-nan
-nan
-nan
-nan
-nan
-nan
-nan
-nan
-nan
-nan
-nan
-nan
-nan
-nan
-nan
-nan
-nan
-nan
-nan
-nan
-nan
-nan
-nan
-nan
-nan
-nan
-nan
-nan
-nan
-nan
-nan
-nan
-nan
-nan
-nan
-nan
-nan
-nan
-nan
-nan
-nan
-nan
-nan
-nan
-nan
-nan
-nan
-nan
-nan
-nan
-nan
-nan
-nan
-nan
-nan
-nan
-nan
-nan
-nan
-nan
-nan
-nan
-nan
-nan
-nan
-nan
-nan
-nan
-nan
-nan
-nan
-nan
-nan
-nan
-nan
-nan
-nan
-nan
-nan
-nan
-nan
-nan
-nan
-nan
-nan
-nan
-nan
-nan
-nan
-nan
-nan
-nan
-nan
-nan
-nan
-nan
-nan
-nan
-nan
-nan
-nan
-nan
-nan
-nan
-nan
-nan
-nan
-nan
-nan
-nan
-nan
-nan
-nan
-nan
-nan
-nan
-nan
-nan
-nan
-nan
-nan
-nan
-nan
-nan
-nan
-nan
-nan
-nan
-nan
-nan
-nan
-nan
-nan
-nan
-nan
-nan
-nan
-nan
-nan
-nan
-nan
-nan
-nan
-nan
-nan
-nan
-nan
-nan
-nan
-nan
-nan
-nan
-nan
-nan
-nan
-nan
-nan
-nan
-nan
-nan
-nan
-nan
-nan
-nan
-nan
-nan
-nan
-nan
-nan
-nan
-nan
-nan
-nan
-nan
-nan
-nan
-nan
-nan
-nan
-nan
-nan
2.10121
2.12326
2.13432
2.13156
2.11485
2.08693
2.05372
2.023
2.00154
1.99273
1.99549
2.00563
2.01834
2.03071
2.04252
2.0556
2.07088
2.08595
2.09487
2.09158
2.07404
2.0459
2.01584
1.99429
1.98943
2.00453
2.03685
2.07842
2.11825
2.14546
2.15254
2.13671
2.09995
2.04859
1.99372
1.94961
1.92908
1.93839
1.97541
2.03164
2.09493
2.1523
2.19273
2.20949
2.2009
2.16917
2.11894
2.05609
1.98719
1.91875
1.85595
1.80281
1.76363
1.74243
1.74063
1.7558
1.78271
1.81598
1.85217
1.89022
1.93037
1.97218
2.01334
2.05022
2.07969
2.10037
2.11239
2.11643
2.11336
2.10465
2.09327
2.08371
2.0809
2.08771
2.10298
2.12151
2.13591
2.13949
2.12869
2.10411
2.07071
2.03705
2.01391
2.01028
2.02846
2.06137
2.09601
2.11984
2.12516
2.11062
2.08042
2.04241
2.0054
1.97724
1.96416
1.97038
1.99687
2.04009
2.09319
2.14925
2.20254
2.24705
2.27534
2.27981
2.25634
2.20786
2.14548
2.0845
2.03666
2.00397
1.98031
1.95858
1.93645
1.91737
1.90638
1.90514
1.91017
1.9156
1.9178
1.9187
1.92482
1.94217
1.97108
2.00536
2.03581
2.05385
2.05452
2.0376
2.00653
1.96661
1.92433
1.88767
1.86525
1.86324
1.8826
1.91884
1.96415
2.01018
2.05036
2.08067
2.09959
2.10736
2.10521
2.09429
2.07519
2.04797
2.01355
1.97604
1.94548
1.93687
1.96328
2.02627
2.11349
2.20601
2.28751
2.34797
2.38317
2.39293
2.37936
2.34617
2.29882
2.24439
2.19052
2.1427
2.10249
2.0673
2.03263
1.99448
1.95109
1.90424
1.8602
1.82898
1.82064
1.83965
1.88052
1.92878
1.9675
1.98596
1.9841
1.97162
1.96087
1.95889
1.96446
1.97136
1.97363
1.96858
1.95632
1.93784
1.91411
1.88639
1.85721
1.83048
1.81147
1.8066
1.82196
1.86
1.91693
1.9837
2.0499
2.10751
2.15259
2.18455
2.20444
2.21379
2.21426
2.20701
2.19211
2.16879
2.13898
2.11108
2.09807
2.10708
2.13076
2.15345
2.16399
2.16046
2.14688
2.12854
2.1096
2.09242
2.07841
2.06901
2.06553
2.06854
2.07679
2.08708
2.09535
2.09799
2.09247
2.07697
2.05002
2.01056
1.95906
1.8997
1.842
1.79938
1.7843
1.80353
1.8561
1.93295
2.01926
2.09989
2.16497
2.21107
2.2392
2.2517
2.25027
2.23524
2.20612
2.16254
2.10501
2.03616
1.96216
1.89299
1.84041
1.81377
1.8153
1.83928
1.8758
1.91589
1.9547
1.99143
2.02647
2.05797
2.08057
2.08747
2.07431
2.04191
1.99708
1.95119
1.91712
1.90398
1.91198
1.93297
1.95633
1.97512
1.98843
1.99973
2.01294
2.02945
2.04759
2.06438
2.07759
2.08665
2.09119
2.08852
2.07439
2.04737
2.01219
1.97843
1.956
1.95027
1.96071
1.98276
2.01168
2.04581
2.08702
2.13776
2.19693
2.25827
2.31238
2.35034
2.36611
2.35723
2.32405
2.26965
2.19907
2.1189
2.03675
1.96094
1.90005
1.86099
1.84551
1.84891
1.86423
1.88717
1.91759
1.95715
2.00675
2.06505
2.12838
2.19037
2.2429
2.27872
2.29334
2.28495
2.25328
2.19898
2.12458
2.03616
1.94362
1.85888
1.792
1.74817
1.72726
1.72627
1.74152
1.76966
1.80723
1.85006
1.89318
1.93145
1.96068
1.97904
1.98807
1.99245
1.99872
2.01211
2.0342
2.06265
2.09322
2.12149
2.14334
2.15514
2.15473
2.14283
2.12347
2.10266
2.08561
2.07544
2.07349
2.07957
2.09144
2.10472
2.11455
2.11848
2.11787
2.11574
2.11373
2.11257
2.11347
2.11644
2.11896
2.11793
2.11209
2.10248
2.09111
2.07938
2.06785
2.05624
2.04249
2.02258
1.9929
1.95354
1.90938
1.86862
1.83996
1.82983
1.84089
1.87128
1.91511
1.96401
2.0091
2.04304
2.06161
2.06358
2.0488
2.01823
1.97624
1.93241
1.89958
1.88782
1.89932
1.92885
1.96768
2.00745
2.04151
2.065
2.07408
2.0657
2.03808
1.9918
1.93121
1.86477
1.80365
1.75748
1.73052
1.7221
1.72978
1.75113
1.78338
1.82272
1.86577
1.91157
1.96099
2.01278
2.06082
2.09757
2.11904
2.12616
2.12317
2.1153
2.10698
2.10093
2.09743
2.09481
2.09027
2.08098
2.06525
2.04336
2.01824
1.99528
1.98122
1.98294
2.00521
2.04749
2.1012
2.1515
2.1836
2.18881
2.16678
2.12361
2.06817
2.00903
1.95348
1.90796
1.8792
1.87354
1.89413
1.93857
1.9987
2.06293
2.11995
2.16168
2.18466
2.18928
2.17831
2.15519
2.12357
2.08719
2.04925
2.01204
1.97661
1.9442
1.91694
1.89716
1.88634
1.88476
1.8915
1.90503
1.92421
1.94849
1.97614
2.00253
2.02201
2.03176
2.03338
2.03136
2.02989
2.03021
2.03
2.02541
2.01399
1.99706
1.98011
1.97066
1.97488
1.99398
2.0229
2.05224
2.07241
2.078
2.06946
2.05146
2.02858
2.00199
1.96961
1.92954
1.88392
1.84107
1.81494
1.82011
1.86395
1.94135
2.03684
2.13103
2.20634
2.25083
2.26112
2.2438
2.21235
2.1775
2.14126
2.10274
2.06598
2.03974
2.03272
2.04856
2.08289
2.12476
2.16147
2.18373
2.18796
2.17602
2.15286
2.12306
2.08826
2.0482
2.00479
1.96575
1.94316
1.9473
1.97967
2.0316
2.08956
2.14119
2.17742
2.19254
2.18435
2.15439
2.10816
2.05439
2.00287
1.96184
1.93546
1.92243
1.91757
1.91634
1.91817
1.92445
1.93447
1.94446
1.95036
1.95112
1.94962
1.95094
1.95947
1.97623
1.99885
2.02362
2.04756
2.0694
2.08907
2.10559
2.11586
2.11659
2.10814
2.09553
2.08428
2.07771
2.07878
2.09
2.10968
2.13104
2.14542
2.14606
2.13096
2.10462
2.07665
2.05751
2.05301
2.06161
2.07713
2.09308
2.10612
2.11639
2.12597
2.13608
2.14518
2.14988
2.14709
2.13568
2.11656
2.09197
2.06517
2.0401
2.02093
2.01019
2.00675
2.00586
2.0023
1.99325
1.97879
1.95968
1.93571
1.90696
1.87699
1.85343
1.84456
1.85432
1.88024
1.9156
1.95349
1.98913
2.02021
2.04625
2.06776
2.08529
2.09899
2.10844
2.11342
2.11423
2.11174
2.10683
2.09999
2.0914
2.08149
2.07071
2.05856
2.04312
2.02231
1.99652
1.97079
1.95413
1.95556
1.97928
2.02232
2.07589
2.12897
2.1728
2.20355
2.22145
2.22807
2.22513
2.21417
2.19603
2.17108
2.14086
2.10874
2.07869
2.05292
2.03023
2.00727
1.98147
1.95374
1.92787
1.90804
1.89664
1.89442
1.90127
1.91726
1.94256
1.97652
2.01645
2.05729
2.09248
2.11548
2.12089
2.10555
2.06951
2.01718
1.95772
1.90414
1.86986
1.86406
1.88822
1.93612
1.99654
2.05744
2.10875
2.14324
2.1564
2.14644
2.1143
2.06254
1.99473
1.91612
1.83551
1.76563
1.71971
1.70673
1.72862
1.78096
1.85435
1.93624
2.01378
2.07703
2.11997
2.14053
2.14021
2.12361
2.09799
2.07169
2.05191
2.04255
2.04333
2.05121
2.06238
2.07266
2.07735
2.07358
2.06525
2.06373
2.07836
2.10695
2.14023
2.17122
2.19745
2.21833
2.23312
2.24054
2.23899
2.22613
2.19984
2.16023
2.11116
2.05996
2.01431
1.97873
1.95278
1.93176
1.90966
1.88254
1.85132
1.82184
1.80102
1.79249
1.79635
1.81158
1.838
1.87547
1.92201
1.97329
2.02429
2.07157
2.11315
2.14676
2.16891
2.17609
2.16773
2.14753
2.12246
2.10037
2.08783
2.08858
2.10218
2.12371
2.14449
2.15549
2.15053
2.12762
2.08912
2.04177
1.99508
1.95802
1.93582
1.92893
1.93402
1.94574
1.95836
1.96735
1.9711
1.97128
1.97179
1.97684
1.98965
2.01217
2.04426
2.08334
2.1244
2.16118
2.18795
2.20109
2.19971
2.18575
2.16388
2.14015
2.12057
2.10927
2.10749
2.1133
2.12208
2.12678
2.11924
2.09352
2.04947
1.99393
1.9388
1.89635
1.87449
1.87506
1.89609
1.9346
1.9869
2.04708
2.1057
2.15105
2.17266
2.16448
2.12655
2.065
1.99117
1.91961
1.86466
1.83613
1.83593
1.85853
1.89441
1.93464
1.9731
2.00669
2.03422
2.05537
2.06993
2.07761
2.07883
2.07537
2.06964
2.06269
2.05363
2.04038
2.02145
1.99656
1.96732
1.93864
1.91935
1.91976
1.94602
1.99508
2.05512
2.11151
2.15334
2.17657
2.18281
2.17604
2.15943
2.1343
2.10159
2.0637
2.02513
1.992
1.97061
1.96586
1.97877
2.00474
2.03453
2.05854
2.07223
2.07852
2.08567
2.10162
2.12847
2.1616
2.19256
2.21292
2.21722
2.20419
2.17597
2.1369
2.09252
2.04915
2.01285
1.98726
1.97211
1.96377
1.95816
1.95316
1.94885
1.94728
1.95249
1.9691
1.99886
2.039
2.08311
2.12292
2.15074
2.16115
2.15123
2.12073
2.07199
2.00984
1.94047
1.86991
1.80356
1.74653
1.70406
1.68138
1.68234
1.70799
1.75516
1.81661
1.88319
1.94668
2.00182
2.04653
2.08058
2.10434
2.11801
2.12189
2.11691
2.10447
2.0867
2.06685
2.04989
2.04225
2.04999
2.07467
2.11101
2.14894
2.17853
2.19397
2.19454
2.18381
2.1675
2.15126
2.13905
2.13205
2.12868
2.12632
2.12312
2.11886
2.11414
2.10937
2.10341
2.09361
2.07756
2.05591
2.03341
2.01565
2.00491
2.00024
2.00048
2.00542
2.01434
2.02428
2.03018
2.027
2.01197
1.986
1.95325
1.92019
1.89428
1.88079
1.87982
1.88701
1.89758
1.90953
1.92415
1.94372
1.96926
1.99927
2.03028
2.05795
2.07912
2.09334
2.10267
2.10926
2.11221
2.10805
2.0945
2.0736
2.05063
2.03065
2.0154
2.00351
1.9927
1.98177
1.97153
1.96424
1.96232
1.96724
1.97843
1.99262
2.00394
2.00605
1.99537
1.97302
1.94424
1.91573
1.89329
2.09954
2.09516
2.09719
2.10495
2.11511
2.12333
2.12697
2.12605
2.12193
2.11607
2.11049
2.10859
2.1143
2.12837
2.14619
2.16029
2.16452
2.15675
2.13815
2.11206
2.08334
2.05764
2.03928
2.02939
2.02632
2.02816
2.0346
2.04716
2.06863
2.10326
2.15742
2.23589
2.33139
2.42231
2.48616
2.51085
2.49448
2.44111
2.35903
2.26094
2.16269
2.07982
2.02297
1.99599
1.99653
2.01828
2.05321
2.09331
2.13198
2.16491
2.18999
2.20553
2.20874
2.19633
2.16724
2.1252
2.07875
2.03847
2.01367
2.00969
2.02714
2.06216
2.10809
2.15872
2.2102
2.26027
2.30624
2.34378
2.36683
2.36752
2.33743
2.27231
2.17807
2.07285
1.98068
1.92091
1.90201
1.92172
1.96974
2.0319
2.09487
2.14922
2.18918
2.21196
2.2183
2.21242
2.20001
2.1852
2.16914
2.15086
2.12875
2.10277
2.07684
2.05858
2.05619
2.07434
2.11233
2.16461
2.22294
2.27853
2.32335
2.3518
2.3636
2.36503
2.36359
2.3581
2.3399
2.30588
2.26499
2.22947
2.20241
2.17819
2.15313
2.13061
2.11622
2.11177
2.11454
2.12036
2.12641
2.13204
2.13844
2.14798
2.1632
2.1838
2.20457
2.21753
2.21674
2.20137
2.17393
2.13763
2.0955
2.05148
2.01088
1.97976
1.96395
1.96706
1.98898
2.02423
2.06316
2.09635
2.11829
2.12826
2.12883
2.12329
2.11369
2.10061
2.08574
2.07414
2.07298
2.08722
2.11517
2.14927
2.18166
2.20908
2.23301
2.25499
2.27259
2.27944
2.26986
2.24361
2.20765
2.17422
2.15593
2.16045
2.18652
2.22456
2.26082
2.28296
2.28406
2.26307
2.22253
2.16638
2.09968
2.03035
1.9691
1.92637
1.908
1.91347
1.93721
1.97121
2.0075
2.04025
2.0672
2.08953
2.10954
2.12749
2.14076
2.14757
2.15155
2.16054
2.1794
2.20634
2.23616
2.26348
2.28324
2.2909
2.28407
2.26437
2.23768
2.21264
2.197
2.19501
2.20639
2.22753
2.25273
2.27424
2.2838
2.2765
2.25373
2.22258
2.19208
2.16891
2.15539
2.14916
2.14446
2.13523
2.11836
2.09501
2.06893
2.04398
2.02228
2.0047
1.9918
1.98453
1.98594
2.0016
2.03618
2.08761
2.14569
2.19839
2.23824
2.26236
2.2696
2.25853
2.22835
2.18205
2.13024
2.09157
2.08531
2.11995
2.18617
2.26134
2.324
2.36374
2.3804
2.3792
2.36709
2.35095
2.33545
2.32174
2.30827
2.29199
2.26957
2.23871
2.19951
2.15513
2.11089
2.07209
2.04189
2.02081
2.00818
2.00367
2.00737
2.0187
2.03577
2.05655
2.07979
2.10412
2.1265
2.14247
2.14811
2.14207
2.12682
2.1083
2.09393
2.08837
2.09074
2.09747
2.10832
2.12758
2.15763
2.19219
2.21915
2.22915
2.22056
2.19894
2.17294
2.15095
2.14046
2.14778
2.17485
2.21695
2.26431
2.30646
2.3354
2.34557
2.33266
2.29411
2.2312
2.15063
2.06378
1.98375
1.92154
1.88399
1.87397
1.89097
1.93127
1.98976
2.0618
2.14204
2.22288
2.29571
2.35412
2.39511
2.41798
2.42235
2.40769
2.37471
2.32748
2.27311
2.22005
2.1749
2.14017
2.11441
2.09448
2.07823
2.06557
2.05811
2.05715
2.06219
2.07074
2.07975
2.08717
2.09288
2.09841
2.10536
2.11536
2.13182
2.1599
2.20194
2.2519
2.29425
2.31052
2.29013
2.23552
2.16021
2.08267
2.01914
1.97866
1.96244
1.96778
1.99202
2.03265
2.08491
2.14105
2.19218
2.23092
2.25273
2.25616
2.2432
2.2189
2.18994
2.16175
2.13672
2.11399
2.09131
2.06773
2.04545
2.03076
2.03216
2.05576
2.10053
2.15766
2.21491
2.26196
2.29244
2.30364
2.29602
2.27352
2.24396
2.21775
2.20403
2.20612
2.21971
2.23547
2.24404
2.23993
2.22342
2.19929
2.1738
2.15123
2.13257
2.11637
2.10025
2.08216
2.06141
2.03939
2.01901
2.004
1.99796
2.00355
2.02136
2.04957
2.0846
2.12164
2.15508
2.17894
2.18809
2.17959
2.15393
2.11538
2.07149
2.03116
2.00187
1.98753
1.98845
2.00317
2.02936
2.06326
2.09858
2.12811
2.14716
2.15572
2.15702
2.15457
2.15014
2.14372
2.13563
2.12902
2.13041
2.14619
2.17714
2.21606
2.25117
2.27224
2.2745
2.25926
2.23282
2.20489
2.18439
2.17375
2.16828
2.16193
2.15286
2.14363
2.13676
2.13171
2.12516
2.11418
2.09744
2.07524
2.04981
2.02663
2.01399
2.01918
2.04385
2.08352
2.13167
2.18318
2.23505
2.28448
2.32813
2.36343
2.39053
2.41165
2.42713
2.43309
2.42387
2.39638
2.35231
2.29752
2.24051
2.19044
2.15403
2.13267
2.12167
2.11249
2.09759
2.07452
2.04706
2.02236
2.00657
2.00171
2.00686
2.02192
2.04729
2.08035
2.11519
2.14601
2.16839
2.17913
2.17783
2.16811
2.15702
2.15245
2.16078
2.18605
2.22683
2.27253
2.3081
2.32363
2.31743
2.2928
2.25547
2.21401
2.17972
2.16055
2.1539
2.15001
2.1407
2.12323
2.09905
2.07207
2.04736
2.03049
2.02682
2.03961
2.0676
2.105
2.14287
2.17089
2.17987
2.16622
2.13453
2.09428
2.05293
2.01383
1.98011
1.957
1.95023
1.96413
2.00047
2.05755
2.12942
2.20612
2.27563
2.32764
2.3559
2.35844
2.33677
2.29622
2.24628
2.19791
2.15827
2.12723
2.09941
2.06989
2.03867
2.01095
1.99436
1.99496
2.01457
2.05091
2.09889
2.15175
2.20223
2.24357
2.2708
2.28127
2.27537
2.25708
2.23382
2.21551
2.21146
2.22666
2.25902
2.30043
2.34064
2.37132
2.38699
2.38458
2.36368
2.32743
2.28137
2.22993
2.17542
2.1203
2.06919
2.02808
2.00143
1.98883
1.98401
1.97785
1.96409
1.94577
1.93726
1.95538
2.00277
2.06328
2.11568
2.14784
2.15938
2.1565
2.1464
2.13469
2.12533
2.12135
2.12506
2.13743
2.15778
2.18354
2.21094
2.23649
2.25821
2.27507
2.28445
2.28243
2.26725
2.24129
2.21029
2.18205
2.16432
2.16229
2.17558
2.19732
2.21614
2.2209
2.20482
2.16739
2.1138
2.05316
1.99694
1.95704
1.94198
1.95202
1.97772
2.0037
2.0167
2.0129
1.99798
1.97902
1.95889
1.93937
1.92653
1.92972
1.95563
2.00296
2.06191
2.1183
2.15954
2.18037
2.18511
2.1849
2.19191
2.21401
2.25263
2.3038
2.36017
2.41311
2.45391
2.4756
2.47529
2.45557
2.42294
2.38546
2.34948
2.3171
2.28531
2.24753
2.19743
2.1339
2.06401
2.00078
1.9562
1.93594
1.93998
1.96476
2.00383
2.05035
2.10077
2.1553
2.21456
2.27575
2.33175
2.37265
2.38865
2.37326
2.32634
2.25608
2.1782
2.11055
2.06507
2.04298
2.03815
2.04349
2.0546
2.06893
2.08286
2.09123
2.08968
2.07785
2.06106
2.04898
2.05163
2.07427
2.11523
2.1673
2.22115
2.26808
2.30173
2.31878
2.31871
2.30346
2.27601
2.23923
2.19594
2.15029
2.10916
2.08033
2.06783
2.06993
2.08251
2.10301
2.13122
2.16733
2.20927
2.25155
2.28688
2.3085
2.3115
2.29286
2.25336
2.19995
2.14614
2.10768
2.09464
2.10575
2.13108
2.15969
2.18238
2.19118
2.18017
2.14809
2.09998
2.04578
1.99644
1.96118
1.94701
1.95845
1.99469
2.0482
2.10802
2.16504
2.21438
2.25442
2.28521
2.3072
2.32052
2.32431
2.31733
2.29954
2.27419
2.24738
2.22459
2.20694
2.19096
2.17143
2.14442
2.1096
2.07097
2.03685
2.01705
2.0181
2.04081
2.07991
2.12637
2.17214
2.2124
2.24356
2.26112
2.26063
2.24055
2.2043
2.1605
2.12002
2.09064
2.07267
2.0604
2.04807
2.034
2.01896
2.00344
1.98943
1.98254
1.9904
2.01747
2.06179
2.11518
2.16668
2.20736
2.23402
2.2493
2.25707
2.25785
2.24991
2.23316
2.21086
2.18816
2.16912
2.15376
2.13851
2.11911
2.09337
2.06488
2.04488
2.04763
2.08044
2.13838
2.20818
2.2761
2.33235
2.37118
2.38838
2.37934
2.33951
2.26863
2.17704
2.08705
2.02396
2.00126
2.01538
2.05411
2.10504
2.15785
2.204
2.23676
2.2518
2.24822
2.22925
2.20186
2.17377
2.1506
2.13512
2.12894
2.13369
2.15025
2.17713
2.20935
2.23854
2.25503
2.25156
2.2268
2.18663
2.1423
2.10523
2.08156
2.07044
2.0672
2.06782
2.07146
2.0811
2.10136
2.1346
2.17661
2.21528
2.23544
2.22612
2.18643
2.12734
2.06744
2.0234
2.00338
2.0074
2.03039
2.06511
2.10567
2.14878
2.19231
2.23362
2.26896
2.29423
2.30594
2.30263
2.28626
2.26238
2.23844
2.22161
2.21758
2.22925
2.25472
2.28733
2.31799
2.33837
2.34298
2.32978
2.29996
2.25768
2.20938
2.16212
2.12055
2.08461
2.05071
2.01573
1.9805
1.95126
1.93846
1.95079
1.98845
2.04262
2.10034
2.14927
2.18061
2.19058
2.18137
2.16049
2.1377
2.12155
2.11657
2.12223
2.13393
2.14506
2.14969
2.14438
2.12866
2.10374
2.07196
2.03718
2.00547
1.98363
1.9762
1.98305
2.00003
2.02233
2.04667
2.07141
2.09503
2.11472
2.12635
2.12626
2.11349
2.09042
2.06239
2.03674
2.02141
2.02263
2.04233
2.07841
2.12655
2.18147
2.23739
2.28793
2.3266
2.34838
2.35098
2.33544
2.30589
2.26938
2.23543
2.21351
2.20848
2.21834
2.23627
2.25463
2.26674
2.26653
2.24811
2.20828
2.1511
2.09073
2.04407
2.01775
2.00724
2.00598
2.01139
2.02511
2.05051
2.08976
2.14044
2.19444
2.24082
2.27055
2.27993
2.27182
2.25477
2.23897
2.23036
2.22703
2.22133
2.20571
2.1779
2.14177
2.10503
2.07673
2.0658
2.07886
2.11654
2.17198
2.2341
2.29235
2.33949
2.37105
2.38422
2.37746
2.35129
2.30932
2.25864
2.20884
2.16976
2.14836
2.14608
2.10071
2.11883
2.13473
2.14089
2.13302
2.10963
2.07161
2.02337
1.9748
1.93938
1.92768
1.94028
1.96753
1.997
2.02151
2.04188
2.06448
2.09596
2.13843
2.18834
2.23896
2.28371
2.31766
2.33732
2.33962
2.32208
2.28399
2.22795
2.15977
2.08878
2.02798
1.9909
1.98524
2.00892
2.0518
2.10051
2.14152
2.16289
2.15634
2.11987
2.06042
1.99344
1.93763
1.90621
1.90209
1.9207
1.95607
2.00336
2.05789
2.11371
2.16469
2.20746
2.24454
2.2812
2.3163
2.33928
2.33992
2.31646
2.27552
2.22795
2.18419
2.1515
2.13351
2.13025
2.13678
2.14446
2.14659
2.14268
2.13709
2.13438
2.13571
2.13905
2.14075
2.13672
2.12373
2.10124
2.07287
2.04573
2.02701
2.01989
2.02233
2.02912
2.03428
2.03274
2.02163
2.00193
1.97942
1.96369
1.96367
1.98082
2.00635
2.02709
2.03385
2.0253
2.00692
1.98772
1.97651
1.97914
1.99773
2.03119
2.07603
2.12696
2.17782
2.22245
2.25621
2.27664
2.28354
2.27815
2.26194
2.23577
2.20031
2.15697
2.10948
2.06468
2.03073
2.01328
2.01262
2.02475
2.04398
2.06444
2.08107
2.0913
2.09754
2.10774
2.13219
2.17662
2.2369
2.30134
2.35782
2.39809
2.41792
2.41606
2.39358
2.35367
2.30127
2.24222
2.18233
2.12688
2.07983
2.04292
2.01559
1.99596
1.98307
1.9779
1.98101
1.98949
1.99693
1.9975
1.9896
1.97581
1.9597
1.94268
1.92479
1.90852
1.90114
1.911
1.94175
1.98917
2.04305
2.09147
2.12492
2.13898
2.13526
2.12066
2.10485
2.0961
2.09854
2.1121
2.13469
2.1641
2.19876
2.23649
2.27275
2.30022
2.31054
2.29726
2.2588
2.19949
2.12726
2.05105
1.98128
1.93078
1.91221
1.93225
1.98757
2.06589
2.15182
2.23235
2.29851
2.34449
2.36741
2.36735
2.34717
2.31219
2.27012
2.23088
2.20463
2.19729
2.20754
2.22753
2.24714
2.25791
2.25464
2.23564
2.20234
2.15862
2.10899
2.05763
2.00938
1.97048
1.94681
1.94082
1.95013
1.96927
1.99342
2.02056
2.05092
2.08452
2.11869
2.14819
2.16734
2.17312
2.16644
2.15167
2.13491
2.12206
2.11669
2.11799
2.11997
2.11503
2.09956
2.07674
2.05438
2.04025
2.03891
2.05117
2.07523
2.10764
2.14416
2.18
2.20979
2.22895
2.2359
2.23399
2.2305
2.23255
2.24289
2.25829
2.27104
2.27321
2.26095
2.23532
2.20034
2.15992
2.11684
2.07336
2.03213
1.99666
1.972
1.96481
1.9811
2.02206
2.0813
2.14744
2.20956
2.26072
2.29794
2.32138
2.33347
2.33764
2.33669
2.33185
2.32268
2.30812
2.28707
2.25863
2.22246
2.17953
2.13213
2.0836
2.03786
1.99906
1.97033
1.95189
1.94006
1.92982
1.91848
1.9074
1.9006
1.90267
1.91711
1.9457
1.9878
2.03951
2.09311
2.13928
2.17177
2.19097
2.20266
2.21364
2.22698
2.23971
2.2442
2.23419
2.21011
2.17896
2.14925
2.12567
2.10867
2.09828
2.09692
2.10781
2.13125
2.16307
2.19677
2.22638
2.24751
2.25671
2.25184
2.23342
2.20543
2.17467
2.14937
2.13668
2.13906
2.15219
2.16684
2.17353
2.16588
2.14184
2.10348
2.05563
2.00529
1.96155
1.93425
1.92999
1.9483
1.98122
2.01704
2.04479
2.05764
2.05443
2.03923
2.01924
2.00266
1.99724
2.00788
2.03144
2.05531
2.07028
2.08296
2.10849
2.15094
2.20121
2.25006
2.29316
2.32805
2.35176
2.3615
2.35614
2.33703
2.30727
2.2703
2.22803
2.18024
2.1261
2.06754
2.01183
1.97047
1.95454
1.96838
2.00538
2.04996
2.08417
2.09491
2.07817
2.04029
1.99679
1.96766
1.96919
2.00581
2.06727
2.13329
2.18377
2.2079
2.20663
2.18841
2.16309
2.13679
2.11103
2.08554
2.0624
2.0479
2.05085
2.0778
2.12844
2.19405
2.26104
2.31811
2.36002
2.38548
2.39279
2.37915
2.34401
2.29266
2.23647
2.18761
2.15004
2.11837
2.08695
2.05551
2.02658
2.00372
1.99195
1.99587
2.01469
2.04021
2.06216
2.07535
2.08184
2.08842
2.10394
2.13558
2.18177
2.2297
2.26377
2.27463
2.26107
2.22813
2.18442
2.1395
2.10227
2.0804
2.07914
2.09857
2.13164
2.16651
2.19208
2.20279
2.20007
2.19158
2.18743
2.19244
2.20076
2.20035
2.18097
2.13952
2.08181
2.02169
1.97563
1.95393
1.95518
1.96865
1.98283
1.99329
2.00508
2.02696
2.0619
2.10588
2.15428
2.20514
2.25583
2.30108
2.33451
2.35203
2.35361
2.34273
2.32442
2.30325
2.28235
2.26324
2.24591
2.22869
2.20917
2.1857
2.15885
2.13148
2.10754
2.0905
2.08195
2.08069
2.08267
2.08289
2.07875
2.07173
2.06594
2.06452
2.06629
2.06638
2.05967
2.04372
2.01966
1.99153
1.96441
1.94209
1.92561
1.91355
1.90433
1.8995
1.90408
1.92326
1.95726
2.00075
2.04638
2.08783
2.12031
2.14119
2.15003
2.14831
2.13913
2.12733
2.1189
2.11914
2.13048
2.15147
2.17818
2.20592
2.22991
2.24464
2.2441
2.22301
2.17887
2.11376
2.03583
1.95868
1.89776
1.86522
1.86574
1.89583
1.94633
2.00688
2.06996
2.13158
2.18836
2.23424
2.26132
2.26519
2.2488
2.2215
2.19403
2.17433
2.16651
2.17103
2.18497
2.20212
2.21426
2.21362
2.19538
2.16048
2.11838
2.08653
2.08269
2.11355
2.16983
2.2329
2.28536
2.31717
2.32554
2.31219
2.2805
2.23412
2.17712
2.11494
2.05463
2.00423
1.97056
1.95697
1.96248
1.9829
2.0116
2.0399
2.05874
2.06216
2.04962
2.02702
2.00619
2.0028
2.02877
2.08248
2.14874
2.21028
2.25691
2.28598
2.29901
2.29853
2.28609
2.26188
2.22585
2.17983
2.12871
2.08064
2.04528
2.03024
2.03735
2.06141
2.09244
2.11984
2.1358
2.13657
2.12176
2.09342
2.05627
2.01881
1.9926
1.98754
2.00656
2.04606
2.09863
2.15278
2.19487
2.21619
2.21811
2.20943
2.19841
2.18707
2.17268
2.15334
2.13186
2.11526
2.11087
2.12171
2.14436
2.17078
2.19209
2.20202
2.19808
2.18059
2.15139
2.11386
2.07337
2.03678
2.00997
1.99539
1.99097
1.9915
1.99201
1.99078
1.99014
1.99449
2.00725
2.02914
2.05794
2.08988
2.12087
2.14644
2.16124
2.16049
2.14258
2.11077
2.07332
2.04222
2.02869
2.03778
2.06632
2.10656
2.15098
2.19504
2.23719
2.27707
2.31312
2.34084
2.35343
2.34403
2.30832
2.24735
2.16936
2.08835
2.01871
1.96917
1.94055
1.92772
1.92384
1.92416
1.92765
1.93649
1.95481
1.98589
2.0275
2.07065
2.1042
2.12165
2.12452
2.12102
2.12169
2.13383
2.15781
2.18721
2.21227
2.22476
2.22191
2.20733
2.18788
2.1698
2.15725
2.15321
2.15907
2.1733
2.19123
2.20679
2.21487
2.21246
2.19901
2.17694
2.15185
2.13065
2.1181
2.11427
2.11582
2.11908
2.12191
2.12344
2.12341
2.12205
2.12035
2.11903
2.11704
2.11164
2.10033
2.08368
2.06661
2.05615
2.05645
2.0652
2.07562
2.08091
2.07739
2.06544
2.04833
2.03059
2.01605
2.00681
2.0029
2.00222
2.00083
1.99466
1.98241
1.96698
1.95437
1.94996
1.95586
1.9708
1.99243
2.01937
2.05163
2.08973
2.13381
2.1821
2.22893
2.26501
2.28188
2.2757
2.24843
2.20625
2.1573
2.1101
2.07216
2.04973
2.04768
2.0688
2.11119
2.16665
2.22359
2.27239
2.30802
2.32911
2.33472
2.32183
2.28602
2.22463
2.14032
2.04374
1.95552
1.9044
1.91424
1.9836
2.08195
2.17143
2.2287
2.24944
2.24217
2.21842
2.18559
2.14666
2.10478
2.06874
2.05389
2.07044
2.10971
2.14919
2.16937
2.16282
2.13334
2.09075
2.04593
2.00857
1.98628
1.9832
1.99867
2.02873
2.06844
2.11335
2.15971
2.20295
2.23655
2.2536
2.2497
2.22584
2.18862
2.14762
2.11097
2.08216
2.06097
2.04667
2.03989
2.04241
2.05475
2.07328
2.08954
2.0931
2.07652
2.04024
1.99519
1.95925
1.94729
1.96382
2.00434
2.06047
2.12224
2.17925
2.22329
2.25017
2.25951
2.25347
2.23633
2.2146
2.19668
2.19081
2.20235
2.2299
2.26403
2.29177
2.3038
2.2971
2.27327
2.23572
2.18822
2.13428
2.0768
2.01952
1.96909
1.93489
1.92444
1.9378
1.96732
2.00178
2.02992
2.04302
2.03856
2.02326
2.00974
2.00721
2.01409
2.02053
2.01693
2.00071
1.97788
1.95969
1.95672
1.97339
2.00673
2.04919
2.09287
2.13177
2.16261
2.18484
2.20074
2.21291
2.22073
2.22068
2.21015
2.18941
2.16086
2.1276
2.0932
2.06132
2.03569
2.01966
2.01595
2.02648
2.05188
2.09108
2.13995
2.19094
2.23383
2.25822
2.25634
2.22589
2.17226
2.10806
2.0483
2.00356
1.97653
1.96431
1.96349
1.97366
1.99631
2.03025
2.06929
2.10554
2.13377
2.15332
2.16849
2.18725
2.21599
2.25374
2.29329
2.32706
2.35051
2.36138
2.35771
2.33769
2.30064
2.24823
2.18577
2.1215
2.0643
2.02035
1.99145
1.97527
1.96651
1.95922
1.94943
1.9372
1.92631
1.92236
1.93065
1.95408
1.99208
2.04028
2.09112
2.13606
2.16785
2.18208
2.17866
2.16242
2.142
2.12618
2.11993
2.12296
2.13177
2.14213
2.15048
2.15404
2.15093
2.14039
2.12299
2.1009
2.07707
2.05365
2.03081
2.00962
1.99551
1.99611
2.01297
2.03984
2.06953
2.09847
2.12542
2.14929
2.16838
2.18063
2.18446
2.17908
2.16457
2.14203
2.11378
2.08339
2.05587
2.03725
2.03284
2.044
2.06627
2.09108
2.10925
2.11447
2.10545
2.08704
2.0701
2.06834
2.09149
2.13912
2.2006
2.26053
2.30541
2.3276
2.32671
2.3085
2.28091
2.24963
2.21556
