-3.80085
-3.80158
-3.80022
-3.8016
-3.80088
-3.80317
-3.80498
-3.80521
-3.80365
-3.80409
-3.80502
-3.80359
-3.8045
-3.80559
-3.80695
-3.80837
-3.81257
-3.81247
-3.81302
-3.80992
-3.8072
-3.80796
-3.80679
-3.80494
-3.80701
-3.80734
-3.81199
-3.81455
-3.81576
-3.81436
-3.81139
-3.8107
-3.80837
-3.80782
-3.80596
-3.80449
-3.80287
-3.80418
-3.80332
-3.80325
-3.80287
-3.80202
-3.80245
-3.80208
-3.80247
-3.80246
-3.80334
-3.80268
-3.80493
-3.80619
-3.80877
-3.80887
-3.80691
-3.80781
-3.80923
-3.80973
-3.80899
-3.80491
-3.80593
-3.80625
-3.80915
-3.80995
-3.8103
-3.81263
-3.81199
-3.809
-3.80478
-3.80434
-3.80564
-3.80652
-3.80565
-3.80623
-3.8089
-3.80972
-3.80873
-3.80808
-3.80891
-3.80837
-3.80916
-3.80835
-3.80719
-3.80801
-3.80768
-3.80848
-3.81028
-3.80995
-3.80879
-3.80867
-3.80606
-3.8049
-3.80682
-3.8057
-3.80696
-3.80396
-3.80478
-3.80512
-3.80541
-3.80365
-3.80269
-3.80406
-3.80569
-3.80559
-3.80715
-3.80919
-3.81142
-3.81232
-3.81001
-3.81117
-3.8102
-3.80988
-3.81027
-3.81262
-3.81244
-3.81342
-3.81393
-3.81235
-3.81276
-3.81242
-3.81335
-3.81375
-3.81114
-3.80868
-3.80509
-3.80551
-3.80561
-3.80493
-3.80677
-3.81059
-3.8132
-3.81614
-3.81673
-3.81476
-3.8117
-3.81254
-3.8126
-3.81078
-3.80852
-3.80512
-3.8042
-3.80297
-3.80101
-3.79891
-3.80137
-3.80758
-3.80557
-3.80647
-3.80729
-3.80866
-3.81016
-3.80904
-3.81066
-3.80953
-3.80734
-3.80708
-3.80526
-3.80106
-3.79962
-3.79767
-3.79895
-3.80123
-3.804
-3.80501
-3.80856
-3.80809
-3.80756
-3.80537
-3.80658
-3.80745
-3.8085
-3.80805
-3.80652
-3.80604
-3.80367
-3.80298
-3.80162
-3.80225
-3.80469
-3.80445
-3.80584
-3.80545
-3.80702
-3.80689
-3.80548
-3.80541
-3.80705
-3.81013
-3.80883
-3.81043
-3.81078
-3.81
-3.80813
-3.80687
-3.80861
-3.8103
-3.81028
-3.81249
-3.81169
-3.8096
-3.80892
-3.80592
-3.8054
-3.80637
-3.80671
-3.80875
-3.80907
-3.80925
-3.80928
-3.80848
-3.81004
-3.80795
-3.80984
-3.81034
-3.80867
-3.80738
-3.80773
-3.80943
-3.80763
-3.80494
-3.80553
-3.80783
-3.81327
-3.81649
-3.81927
-3.8157
-3.81603
-3.81448
-3.81405
-3.81331
-3.81202
-3.81189
-3.81243
-3.80632
-3.80492
-3.80443
-3.80065
-3.80218
-3.80337
-3.80443
-3.80425
-3.80295
-3.80428
-3.80372
-3.80387
-3.8073
-3.81059
-3.81153
-3.81458
-3.81637
-3.81682
-3.81511
-3.81338
-3.81027
-3.80937
-3.8049
-3.80455
-3.80359
-3.80433
-3.80662
-3.80991
-3.80934
-3.81117
-3.81354
-3.81243
-3.81218
-3.81021
-3.80741
-3.8054
-3.8037
-3.80488
-3.80465
-3.8055
-3.80631
-3.80646
-3.80727
-3.80758
-3.80804
-3.80575
-3.80648
-3.80695
-3.80933
-3.80933
-3.80772
-3.80655
-3.806
-3.80654
-3.80378
-3.80238
-3.79957
-3.80207
-3.80429
-3.80631
-3.80735
-3.80571
-3.80829
-3.8096
-3.81041
-3.81038
-3.80828
-3.80493
-3.80348
-3.80009
-3.79917
-3.80064
-3.801
-3.8036
-3.80739
-3.80978
-3.81251
-3.81195
-3.81041
-3.80976
-3.8102
-3.80999
-3.81116
-3.81444
-3.81421
-3.81048
-3.8081
-3.80831
-3.80743
-3.80594
-3.80302
-3.80253
-3.80259
-3.80299
-3.80216
-3.80381
-3.80481
-3.80776
-3.808
-3.80509
-3.80341
-3.8015
-3.79755
-3.79722
-3.79815
-3.80112
-3.80188
-3.80383
-3.80517
-3.80442
-3.80514
-3.80483
-3.80694
-3.80737
-3.80806
-3.80783
-3.80944
-3.80734
-3.8065
-3.80356
-3.80058
-3.8004
-3.80294
-3.80433
-3.80429
-3.80459
-3.80546
-3.80807
-3.81042
-3.81027
-3.80829
-3.80895
-3.81064
-3.81125
-3.81105
-3.81049
-3.80874
-3.80938
-3.81056
-3.8081
-3.80514
-3.80555
-3.80376
-3.80392
-3.80358
-3.80243
-3.80606
-3.80875
-3.80859
-3.80791
-3.80857
-3.80629
-3.80794
-3.81007
-3.80853
-3.80905
-3.80713
-3.80634
-3.80455
-3.80362
-3.80211
-3.80321
-3.8074
-3.8101
-3.81108
-3.81104
-3.80773
-3.80753
-3.80655
-3.80732
-3.80456
-3.80627
-3.80698
-3.8094
-3.81201
-3.81109
-3.81098
-3.8117
-3.81251
-3.81358
-3.81326
-3.80943
-3.80878
-3.80702
-3.80755
-3.80915
-3.80942
-3.80734
-3.80608
-3.80541
-3.80616
-3.8066
-3.80709
-3.80692
-3.80906
-3.80989
-3.80931
-3.80704
-3.80842
-3.80807
-3.80942
-3.81315
-3.81759
-3.81603
-3.81361
-3.81209
-3.80736
-3.80566
-3.80541
-3.80403
-3.80003
-3.80047
-3.8019
-3.80205
-3.80585
-3.80979
-3.81157
-3.81001
-3.81027
-3.80978
-3.80897
-3.80936
-3.80593
-3.80591
-3.80419
-3.80344
-3.80479
-3.8055
-3.80673
-3.80863
-3.80961
-3.80931
-3.81044
-3.80987
-3.80896
-3.80657
-3.80493
-3.80202
-3.80311
-3.8035
-3.80167
-3.80079
-3.79971
-3.801
-3.8041
-3.80456
-3.80613
-3.80671
-3.80735
-3.8077
-3.80769
-3.80818
-3.80822
-3.80865
-3.80695
-3.80772
-3.80576
-3.80396
-3.80447
-3.80143
-3.80211
-3.80534
-3.80817
-3.80996
-3.81069
-3.81076
-3.80901
-3.8091
-3.80855
-3.80673
-3.8067
-3.80656
-3.80669
-3.80699
-3.8087
-3.81006
-3.8086
-3.80626
-3.80541
-3.80718
-3.80832
-3.81004
-3.80923
-3.80775
-3.80561
-3.80183
-3.80242
-3.80398
-3.80622
-3.80665
-3.80899
-3.81063
-3.81308
-3.81539
-3.81425
-3.81188
-3.80825
-3.80616
-3.8046
-3.8045
-3.80361
-3.8065
-3.80639
-3.80887
-3.81108
-3.81265
-3.81061
-3.81051
-3.81106
-3.81156
-3.8089
-3.80313
-3.80171
-3.80262
-3.80075
-3.8
-3.79985
-3.79981
-3.80189
-3.80463
-3.80685
-3.80662
-3.80841
-3.80789
-3.80851
-3.80941
-3.81196
-3.81326
-3.81517
-3.81611
-3.81572
-3.81254
-3.80947
-3.8065
-3.80391
-3.79898
-3.79795
-3.79962
-3.79976
-3.80275
-3.80433
-3.80412
-3.80547
-3.81148
-3.8133
-3.81351
-3.81152
-3.81014
-3.80871
-3.80909
-3.81103
-3.81054
-3.81136
-3.80909
-3.80726
-3.80519
-3.80458
-3.804
-3.80241
-3.80202
-3.80119
-3.80227
-3.80308
-3.80238
-3.80524
-3.80682
-3.80849
-3.80764
-3.80893
-3.81088
-3.81116
-3.81243
-3.81077
-3.81009
-3.80755
-3.80518
-3.80554
-3.80685
-3.80734
-3.8105
-3.81027
-3.81082
-3.80826
-3.80742
-3.80607
-3.80575
-3.80381
-3.80189
-3.80232
-3.80318
-3.8034
-3.80223
-3.80409
-3.8038
-3.80373
-3.80372
-3.80408
-3.80318
-3.80442
-3.8057
-3.80724
-3.81101
-3.81393
-3.81234
-3.81055
-3.80712
-3.8047
-3.80052
-3.80029
-3.79926
-3.80198
-3.80447
-3.80773
-3.81313
-3.81563
-3.81378
-3.81124
-3.80562
-3.80555
-3.80441
-3.80445
-3.80564
-3.80452
-3.8032
-3.80199
-3.80271
-3.80259
-3.80555
-3.80692
-3.80874
-3.81007
-3.80938
-3.80771
-3.80948
-3.80684
-3.80758
-3.80754
-3.80861
-3.80692
-3.81022
-3.81079
-3.81085
-3.81092
-3.81027
-3.80735
-3.80777
-3.80663
-3.80881
-3.80918
-3.80954
-3.80807
-3.80698
-3.81128
-3.81044
-3.80948
-3.80694
-3.807
-3.80509
-3.80428
-3.80368
-3.80428
-3.80438
-3.8043
-3.80751
-3.80949
-3.8083
-3.80737
-3.80603
-3.80515
-3.80746
-3.80875
-3.80762
-3.80866
-3.80751
-3.80748
-3.80888
-3.80643
-3.80661
-3.8086
-3.80995
-3.80871
-3.80712
-3.80895
-3.80779
-3.80672
-3.80554
-3.80484
-3.80521
-3.80389
-3.80452
-3.80513
-3.80759
-3.80785
-3.80695
-3.80468
-3.80292
-3.80251
-3.80397
-3.8066
-3.80894
-3.81093
-3.81264
-3.81336
-3.8151
-3.81526
-3.81491
-3.81579
-3.81725
-3.81739
-3.81481
-3.81359
-3.80846
-3.80682
-3.80755
-3.80682
-3.8071
-3.80807
-3.81104
-3.81458
-3.81738
-3.82013
-3.82099
-3.82323
-3.82371
-3.82161
-3.82003
-3.81902
-3.81778
-3.81362
-3.81204
-3.80858
-3.80718
-3.80591
-3.80586
-3.80493
-3.80622
-3.80505
-3.80605
-3.80505
-3.80474
-3.80467
-3.80308
-3.80154
-3.80122
-3.79864
-3.80129
-3.80225
-3.80493
-3.8043
-3.805
-3.80446
-3.80451
-3.80463
-3.80695
-3.80761
-3.80992
-3.81138
-3.81067
-3.81143
-3.81086
-3.81068
-3.80905
-3.80834
-3.81041
-3.80945
-3.80869
-3.81031
-3.80836
-3.80848
-3.80783
-3.81006
-3.81198
-3.8129
-3.81298
-3.81132
-3.81165
-3.8104
-3.81115
-3.80961
-3.80816
-3.80893
-3.80401
-3.80777
-3.80705
-3.80442
-3.80645
-3.80728
-3.80671
-3.8073
-3.80798
-3.8082
-3.81055
-3.81334
-3.81521
-3.81413
-3.81356
-3.80958
-3.80568
-3.80294
-3.80329
-3.80172
-3.80007
-3.80025
-3.79796
-3.80312
-3.8087
-3.81204
-3.81307
-3.81171
-3.80965
-3.80877
-3.80885
-3.80948
-3.80954
-3.8109
-3.80876
-3.8079
-3.806
-3.80734
-3.80678
-3.80635
-3.80443
-3.8025
-3.80235
-3.80201
-3.80281
-3.80221
-3.80399
-3.80241
-3.80459
-3.80523
-3.80383
-3.80572
-3.80663
-3.8078
-3.80817
-3.80686
-3.80555
-3.80429
-3.80445
-3.80158
-3.80471
-3.80772
-3.80718
-3.81146
-3.81088
-3.80994
-3.80903
-3.80694
-3.8053
-3.80406
-3.80309
-3.80342
-3.80594
-3.80823
-3.80917
-3.80807
-3.80781
-3.80985
-3.81089
-3.81017
-3.81031
-3.81004
-3.80936
-3.80654
-3.80474
-3.80466
-3.80579
-3.80637
-3.80675
-3.80654
-3.80705
-3.80755
-3.80561
-3.80543
-3.80598
-3.80557
-3.80784
-3.8118
-3.81426
-3.814
-3.81239
-3.80584
-3.80408
-3.80321
-3.80277
-3.80437
-3.80647
-3.80752
-3.80602
-3.80853
-3.8091
-3.80951
-3.8104
-3.81135
-3.81337
-3.81474
-3.8159
-3.81609
-3.81507
-3.81144
-3.80835
-3.80575
-3.80302
-3.80269
-3.80315
-3.80453
-3.80345
-3.8061
-3.80822
-3.81193
-3.813
-3.81271
-3.81112
-3.80846
-3.80389
-3.80305
-3.80323
-3.80144
-3.80241
-3.80483
-3.80713
-3.80977
-3.81259
-3.81025
-3.81069
-3.80784
-3.8056
-3.80799
-3.80911
-3.81262
-3.81211
-3.81097
-3.80832
-3.80328
-3.79942
-3.79564
-3.79677
-3.79997
-3.80294
-3.80531
-3.80546
-3.80733
-3.80624
-3.80759
-3.80637
-3.80648
-3.80685
-3.80508
-3.80597
-3.80549
-3.80404
-3.8063
-3.80747
-3.80832
-3.8092
-3.8101
-3.81134
-3.808
-3.80757
-3.80709
-3.80683
-3.80912
-3.80859
-3.80988
-3.81
-3.80986
-3.80954
-3.81185
-3.90165
-3.90135
-3.89927
-3.89924
-3.89898
-3.89846
-3.90034
-3.90052
-3.90246
-3.90605
-3.90397
-3.90503
-3.90559
-3.90527
-3.90677
-3.90695
-3.90703
-3.90677
-3.90698
-3.90562
-3.90424
-3.90387
-3.90611
-3.90932
-3.91032
-3.90982
-3.90931
-3.90636
-3.90534
-3.90086
-3.89793
-3.89475
-3.89435
-3.89655
-3.89956
-3.90201
-3.90406
-3.90751
-3.90893
-3.9097
-3.91018
-3.9094
-3.90622
-3.90309
-3.89998
-3.9
-3.89805
-3.89645
-3.89417
-3.89524
-3.89931
-3.90025
-3.90217
-3.90601
-3.90718
-3.90648
-3.90821
-3.9081
-3.90991
-3.91174
-3.91281
-3.91
-3.90908
-3.90793
-3.90639
-3.90684
-3.90252
-3.90347
-3.90301
-3.90389
-3.9043
-3.90419
-3.90485
-3.90649
-3.9052
-3.90285
-3.90414
-3.902
-3.89852
-3.89731
-3.90067
-3.90154
-3.90276
-3.90479
-3.90864
-3.90626
-3.90312
-3.90143
-3.89858
-3.89473
-3.89207
-3.89222
-3.88985
-3.8945
-3.89654
-3.89913
-3.89989
-3.90378
-3.90543
-3.90555
-3.90372
-3.90141
-3.90006
-3.89758
-3.89545
-3.89504
-3.89809
-3.90065
-3.89939
-3.89637
-3.8983
-3.89898
-3.89953
-3.90114
-3.90236
-3.90209
-3.90222
-3.90155
-3.90167
-3.90122
-3.90021
-3.90215
-3.90424
-3.90182
-3.90028
-3.89781
-3.8981
-3.8956
-3.89596
-3.89605
-3.89862
-3.89942
-3.90354
-3.90685
-3.90628
-3.90357
-3.90266
-3.90088
-3.90141
-3.89832
-3.90081
-3.89987
-3.89774
-3.89693
-3.89581
-3.89519
-3.89619
-3.89945
-3.90427
-3.9055
-3.90719
-3.91041
-3.91077
-3.90977
-3.90836
-3.90254
-3.89941
-3.8969
-3.89514
-3.89726
-3.89528
-3.89498
-3.89768
-3.89709
-3.89903
-3.90017
-3.90002
-3.90048
-3.90001
-3.90199
-3.90602
-3.90702
-3.91196
-3.91394
-3.91357
-3.90843
-3.90751
-3.90611
-3.90465
-3.90494
-3.90492
-3.90285
-3.90332
-3.90333
-3.90095
-3.90221
-3.90001
-3.9018
-3.90116
-3.90279
-3.9013
-3.90267
-3.9047
-3.90692
-3.90848
-3.91036
-3.91022
-3.90813
-3.90864
-3.90829
-3.90636
-3.90814
-3.90715
-3.90665
-3.90818
-3.9064
-3.9046
-3.90323
-3.90267
-3.90371
-3.90421
-3.90761
-3.90524
-3.90542
-3.90704
-3.90564
-3.90473
-3.90513
-3.90408
-3.9051
-3.90563
-3.90692
-3.90754
-3.90634
-3.90571
-3.90695
-3.9069
-3.90568
-3.90526
-3.90373
-3.90181
-3.90072
-3.89702
-3.90034
-3.90311
-3.90369
-3.90657
-3.9106
-3.91307
-3.91362
-3.9151
-3.9107
-3.90426
-3.90063
-3.90078
-3.90039
-3.89869
-3.89662
-3.90002
-3.89773
-3.89616
-3.89538
-3.89574
-3.89724
-3.89879
-3.90082
-3.90297
-3.90281
-3.90449
-3.90622
-3.90798
-3.90584
-3.90562
-3.90345
-3.90356
-3.90279
-3.90076
-3.89996
-3.90108
-3.90278
-3.90278
-3.90561
-3.90512
-3.90787
-3.90695
-3.90425
-3.9023
-3.90196
-3.90225
-3.90197
-3.90106
-3.90162
-3.90089
-3.90101
-3.9014
-3.90075
-3.89762
-3.8975
-3.89877
-3.90251
-3.90166
-3.90311
-3.90436
-3.9062
-3.90643
-3.90921
-3.91053
-3.91182
-3.91132
-3.91114
-3.90855
-3.9026
-3.9027
-3.90037
-3.89811
-3.8945
-3.89484
-3.8963
-3.8957
-3.89755
-3.89992
-3.90346
-3.9047
-3.90725
-3.90892
-3.91233
-3.91266
-3.91299
-3.91471
-3.91368
-3.91126
-3.90898
-3.90673
-3.90579
-3.90443
-3.90114
-3.89636
-3.89455
-3.89385
-3.89461
-3.89687
-3.89704
-3.90038
-3.90224
-3.90148
-3.90489
-3.90733
-3.90778
-3.90939
-3.90886
-3.90687
-3.9068
-3.90638
-3.90528
-3.90509
-3.90556
-3.90609
-3.90561
-3.90996
-3.91224
-3.9115
-3.91133
-3.9076
-3.90733
-3.90437
-3.90032
-3.90108
-3.90066
-3.90143
-3.90389
-3.90431
-3.90699
-3.90658
-3.90509
-3.90353
-3.90095
-3.90123
-3.8977
-3.90011
-3.90197
-3.9021
-3.90417
-3.90533
-3.90616
-3.90652
-3.9061
-3.90805
-3.90742
-3.90477
-3.90375
-3.90326
-3.90383
-3.90398
-3.90512
-3.90392
-3.90612
-3.90783
-3.9093
-3.91135
-3.91137
-3.90921
-3.90846
-3.90678
-3.90774
-3.90832
-3.90537
-3.9052
-3.90536
-3.908
-3.91094
-3.91362
-3.9171
-3.91951
-3.92069
-3.91819
-3.91382
-3.91128
-3.9097
-3.9072
-3.90524
-3.90254
-3.90109
-3.90034
-3.90071
-3.9038
-3.90477
-3.90458
-3.90609
-3.90669
-3.90763
-3.90978
-3.90973
-3.91165
-3.91139
-3.91305
-3.9107
-3.90898
-3.90515
-3.90549
-3.90535
-3.90412
-3.90455
-3.90709
-3.90731
-3.90631
-3.90501
-3.90346
-3.90182
-3.90096
-3.9015
-3.90134
-3.90255
-3.90537
-3.90687
-3.9096
-3.90756
-3.90585
-3.90416
-3.90132
-3.89847
-3.89673
-3.8972
-3.90009
-3.90106
-3.90268
-3.90337
-3.90621
-3.90916
-3.91224
-3.91494
-3.91579
-3.91367
-3.91093
-3.90676
-3.90308
-3.90102
-3.89899
-3.89928
-3.89734
-3.89893
-3.89906
-3.89831
-3.90063
-3.90061
-3.90371
-3.90464
-3.90586
-3.90728
-3.90821
-3.90908
-3.90891
-3.9107
-3.91128
-3.91104
-3.90845
-3.90846
-3.90832
-3.90752
-3.90473
-3.90483
-3.90618
-3.90549
-3.90414
-3.9022
-3.9036
-3.90901
-3.91102
-3.91098
-3.90894
-3.90737
-3.90584
-3.90491
-3.90324
-3.9006
-3.89888
-3.89947
-3.89904
-3.89647
-3.89665
-3.90129
-3.90654
-3.9104
-3.91319
-3.91609
-3.91545
-3.91129
-3.90822
-3.90396
-3.90175
-3.90191
-3.90179
-3.90191
-3.90272
-3.90162
-3.90472
-3.90789
-3.91012
-3.91124
-3.91044
-3.91072
-3.90934
-3.90722
-3.90321
-3.90168
-3.90211
-3.90225
-3.90368
-3.90229
-3.90258
-3.90251
-3.90672
-3.90801
-3.90842
-3.90874
-3.90571
-3.90288
-3.90062
-3.89861
-3.89759
-3.89857
-3.89826
-3.90019
-3.90184
-3.90366
-3.9035
-3.90439
-3.90401
-3.90535
-3.90485
-3.90574
-3.90521
-3.90404
-3.90619
-3.90487
-3.90635
-3.90816
-3.90762
-3.9087
-3.90811
-3.90664
-3.90739
-3.90716
-3.90772
-3.90725
-3.90622
-3.90612
-3.90468
-3.90467
-3.90623
-3.9052
-3.90688
-3.9062
-3.90857
-3.90751
-3.90757
-3.90544
-3.90566
-3.90598
-3.904
-3.90292
-3.90367
-3.90372
-3.90258
-3.90387
-3.90335
-3.90466
-3.9034
-3.90284
-3.90127
-3.9027
-3.90379
-3.90214
-3.90204
-3.90295
-3.90461
-3.90601
-3.90623
-3.90743
-3.90614
-3.90602
-3.9035
-3.90203
-3.9006
-3.90009
-3.89904
-3.89726
-3.89798
-3.89972
-3.90028
-3.90261
-3.90484
-3.90613
-3.90544
-3.90462
-3.90477
-3.90435
-3.90527
-3.90551
-3.90345
-3.90236
-3.90489
-3.90461
-3.9031
-3.90291
-3.90145
-3.89973
-3.89932
-3.89977
-3.89869
-3.89745
-3.89969
-3.89843
-3.90075
-3.90221
-3.90475
-3.90702
-3.90855
-3.90934
-3.90977
-3.9094
-3.90947
-3.90486
-3.903
-3.90129
-3.90091
-3.89735
-3.89532
-3.89402
-3.89405
-3.89319
-3.89401
-3.89415
-3.89255
-3.89152
-3.89288
-3.8946
-3.89679
-3.89771
-3.89797
-3.90019
-3.90273
-3.90514
-3.90555
-3.90601
-3.90482
-3.90592
-3.90366
-3.90314
-3.90054
-3.90021
-3.90068
-3.89995
-3.90013
-3.9035
-3.90828
-3.90664
-3.90928
-3.90755
-3.90524
-3.90558
-3.90235
-3.90004
-3.89856
-3.89609
-3.89404
-3.89458
-3.89715
-3.8995
-3.90174
-3.90622
-3.90895
-3.91133
-3.91161
-3.91284
-3.91287
-3.91078
-3.90536
-3.90119
-3.89796
-3.89759
-3.89738
-3.89897
-3.90018
-3.90549
-3.90607
-3.9105
-3.90805
-3.90614
-3.90345
-3.9036
-3.90292
-3.90642
-3.90847
-3.91013
-3.90794
-3.90625
-3.9067
-3.90873
-3.90646
-3.90663
-3.90467
-3.90343
-3.90172
-3.90049
-3.89918
-3.89706
-3.89951
-3.89864
-3.89751
-3.89902
-3.89739
-3.89878
-3.89824
-3.8981
-3.90049
-3.90177
-3.90167
-3.9031
-3.90293
-3.90399
-3.90538
-3.90433
-3.90541
-3.90558
-3.90752
-3.90594
-3.90299
-3.90173
-3.90221
-3.90098
-3.90149
-3.90309
-3.902
-3.90209
-3.90388
-3.9053
-3.90253
-3.90186
-3.90044
-3.89899
-3.9009
-3.89912
-3.89963
-3.89864
-3.89925
-3.90132
-3.90068
-3.90174
-3.89997
-3.89819
-3.89834
-3.89975
-3.90094
-3.89994
-3.90083
-3.90281
-3.90402
-3.9042
-3.9038
-3.90504
-3.90481
-3.90562
-3.90453
-3.90312
-3.90259
-3.90204
-3.90138
-3.90037
-3.90064
-3.90026
-3.90126
-3.90178
-3.90087
-3.90218
-3.90118
-3.90083
-3.90015
-3.90123
-3.90249
-3.90371
-3.90531
-3.90561
-3.90645
-3.90914
-3.9114
-3.9102
-3.90747
-3.90601
-3.90321
-3.89966
-3.89872
-3.90124
-3.90312
-3.90631
-3.90868
-3.90992
-3.91016
-3.90898
-3.90765
-3.90548
-3.90679
-3.9042
-3.90256
-3.90122
-3.89869
-3.90059
-3.90013
-3.90226
-3.90261
-3.90372
-3.90539
-3.90482
-3.90325
-3.90428
-3.90537
-3.90611
-3.90938
-3.91125
-3.9133
-3.91041
-3.90575
-3.90454
-3.90138
-3.89961
-3.89773
-3.89498
-3.89655
-3.89847
-3.89866
-3.89916
-3.90027
-3.90012
-3.90211
-3.90338
-3.90459
-3.9024
-3.9017
-3.90159
-3.90015
-3.90383
-3.90643
-3.90737
-3.90675
-3.90635
-3.90365
-3.90165
-3.90256
-3.9017
-3.9021
-3.89957
-3.90147
-3.90389
-3.90449
-3.90465
-3.90576
-3.90482
-3.90527
-3.90569
-3.90853
-3.90917
-3.91011
-3.91123
-3.91062
-3.90918
-3.91029
-3.90935
-3.9105
-3.90785
-3.90362
-3.90125
-3.90081
-3.90093
-3.90029
-3.90048
-3.90055
-3.90177
-3.90585
-3.90826
-3.90691
-3.90988
-3.90967
-3.90939
-3.91036
-3.90897
-3.90824
-3.90593
-3.90589
-3.90365
-3.90346
-3.90118
-3.89688
-3.89849
-3.89937
-3.89963
-3.90134
-3.90259
-3.90012
-3.90109
-3.9025
-3.89903
-3.89894
-3.89999
-3.89937
-3.89765
-3.89752
-3.89897
-3.90246
-3.90212
-3.90136
-3.90354
-3.90353
-3.90512
-3.90523
-3.90601
-3.90534
-3.90397
-3.9006
-3.90221
-3.90226
-3.90183
-3.89971
-3.89855
-3.90016
-3.90006
-3.9007
-3.89994
-3.89939
-3.90005
-3.90092
-3.90219
-3.90288
-3.90649
-3.91148
-3.91109
-3.91419
-3.91402
-3.91181
-3.91206
-3.9123
-3.9123
-3.91188
-3.91202
-3.91097
-3.91164
-3.90965
-3.91005
-3.90923
-3.90739
-3.90744
-3.90496
-3.90501
-3.90319
-3.90429
-3.90419
-3.90778
-3.90777
-3.90566
-3.90639
-3.90669
-3.90836
-3.90825
-3.91026
-3.91065
-3.9095
-3.90657
-3.90559
-3.90297
-3.90295
-3.90344
-3.90489
-3.68636
-3.68702
-3.6891
-3.68882
-3.68976
-3.69023
-3.69048
-3.6899
-3.68947
-3.69092
-3.69148
-3.68782
-3.6908
-3.68892
-3.68758
-3.68578
-3.68621
-3.68557
-3.68566
-3.685
-3.68554
-3.68476
-3.68394
-3.68323
-3.6827
-3.68417
-3.68716
-3.68723
-3.69074
-3.69332
-3.6957
-3.69564
-3.69342
-3.69321
-3.68908
-3.68572
-3.68038
-3.67768
-3.67481
-3.6765
-3.67699
-3.67924
-3.67962
-3.68764
-3.68877
-3.6894
-3.68991
-3.68954
-3.68592
-3.68702
-3.6837
-3.68036
-3.67999
-3.68067
-3.67774
-3.6768
-3.6782
-3.68071
-3.68257
-3.68785
-3.68998
-3.69271
-3.69135
-3.69132
-3.69205
-3.69148
-3.69169
-3.68927
-3.68698
-3.68197
-3.67885
-3.67656
-3.67878
-3.68239
-3.68523
-3.68938
-3.69289
-3.69155
-3.69427
-3.69386
-3.69561
-3.69302
-3.6903
-3.68459
-3.68329
-3.68222
-3.68207
-3.68161
-3.68261
-3.68282
-3.68254
-3.68218
-3.68269
-3.68489
-3.6883
-3.69043
-3.69281
-3.6927
-3.69334
-3.6926
-3.68987
-3.68742
-3.68579
-3.68404
-3.68361
-3.68265
-3.68097
-3.67862
-3.68144
-3.68308
-3.68503
-3.68532
-3.6839
-3.68455
-3.6871
-3.68893
-3.68907
-3.68903
-3.68999
-3.69113
-3.68931
-3.68961
-3.68772
-3.68805
-3.68661
-3.68478
-3.68276
-3.68235
-3.68095
-3.67857
-3.68151
-3.68439
-3.68594
-3.68929
-3.68964
-3.69299
-3.69264
-3.69288
-3.69262
-3.6901
-3.68898
-3.6856
-3.68381
-3.6828
-3.68183
-3.68344
-3.6831
-3.68542
-3.68798
-3.68746
-3.68865
-3.68921
-3.69034
-3.68946
-3.68794
-3.68791
-3.68652
-3.68572
-3.6823
-3.6802
-3.68105
-3.68562
-3.68735
-3.69017
-3.69467
-3.69517
-3.69205
-3.68787
-3.68379
-3.68459
-3.67999
-3.67826
-3.67585
-3.67619
-3.68164
-3.68287
-3.68604
-3.68818
-3.68721
-3.69005
-3.68694
-3.68734
-3.68828
-3.68973
-3.69041
-3.68851
-3.68792
-3.68602
-3.6836
-3.68396
-3.68456
-3.68427
-3.68444
-3.68379
-3.6834
-3.67903
-3.67599
-3.67501
-3.67621
-3.67999
-3.68401
-3.6862
-3.6889
-3.6932
-3.6918
-3.68997
-3.68726
-3.68337
-3.68197
-3.68305
-3.68364
-3.68522
-3.68606
-3.68527
-3.68525
-3.6835
-3.68267
-3.68065
-3.68639
-3.68644
-3.68332
-3.68381
-3.68447
-3.68652
-3.68919
-3.69081
-3.69377
-3.69192
-3.69096
-3.69013
-3.68883
-3.68611
-3.68486
-3.68364
-3.68235
-3.68349
-3.68639
-3.68994
-3.69263
-3.69296
-3.6918
-3.68858
-3.68485
-3.6837
-3.68253
-3.68046
-3.67837
-3.67789
-3.67803
-3.67696
-3.6775
-3.67838
-3.68138
-3.67934
-3.67774
-3.67898
-3.67971
-3.68031
-3.6799
-3.68072
-3.68186
-3.68398
-3.68726
-3.68773
-3.68868
-3.6905
-3.68824
-3.69013
-3.68638
-3.6849
-3.68378
-3.68469
-3.68438
-3.68637
-3.68439
-3.68567
-3.68568
-3.68818
-3.69117
-3.68922
-3.69046
-3.68918
-3.68662
-3.68751
-3.68722
-3.68814
-3.68824
-3.68938
-3.69135
-3.6929
-3.69046
-3.69082
-3.68827
-3.68797
-3.6833
-3.68051
-3.67954
-3.67505
-3.67372
-3.67335
-3.67265
-3.67545
-3.67843
-3.68089
-3.68282
-3.68299
-3.68557
-3.68865
-3.69079
-3.69176
-3.69159
-3.69093
-3.6914
-3.68764
-3.68738
-3.68482
-3.68343
-3.68066
-3.67806
-3.67821
-3.67822
-3.6786
-3.67839
-3.6782
-3.68015
-3.68023
-3.68245
-3.68279
-3.68331
-3.68611
-3.68669
-3.68778
-3.69156
-3.69161
-3.69117
-3.68964
-3.68921
-3.68928
-3.69252
-3.69405
-3.69113
-3.68851
-3.68408
-3.68306
-3.68308
-3.68334
-3.68334
-3.68451
-3.68588
-3.68984
-3.68904
-3.69376
-3.69527
-3.69428
-3.69374
-3.69193
-3.68946
-3.68572
-3.68199
-3.6805
-3.68096
-3.68314
-3.68315
-3.68425
-3.68256
-3.68347
-3.68188
-3.68365
-3.6853
-3.68761
-3.69203
-3.69403
-3.69288
-3.69183
-3.68935
-3.68706
-3.68691
-3.68668
-3.68706
-3.68592
-3.68907
-3.68928
-3.68909
-3.68918
-3.68748
-3.68807
-3.68699
-3.68456
-3.68402
-3.68474
-3.68444
-3.68491
-3.68417
-3.68359
-3.68271
-3.68172
-3.68237
-3.68275
-3.68379
-3.68826
-3.6862
-3.68743
-3.68791
-3.69143
-3.68919
-3.68798
-3.68697
-3.68647
-3.68326
-3.68129
-3.67985
-3.68285
-3.68322
-3.68575
-3.68724
-3.6882
-3.69116
-3.69169
-3.68794
-3.68546
-3.68466
-3.68469
-3.68447
-3.68355
-3.68564
-3.68252
-3.68146
-3.68218
-3.68557
-3.6875
-3.68882
-3.68847
-3.68595
-3.6852
-3.68296
-3.68109
-3.68036
-3.68164
-3.68199
-3.68155
-3.68436
-3.68313
-3.6826
-3.68176
-3.68171
-3.68533
-3.68567
-3.68481
-3.68293
-3.68503
-3.68489
-3.68481
-3.68787
-3.68919
-3.69101
-3.69061
-3.68989
-3.68812
-3.68902
-3.6883
-3.68693
-3.6867
-3.68824
-3.68544
-3.68704
-3.68485
-3.68539
-3.68357
-3.68049
-3.67944
-3.67899
-3.67811
-3.68256
-3.68266
-3.68204
-3.68281
-3.68138
-3.67869
-3.67887
-3.68045
-3.68021
-3.68161
-3.6816
-3.68619
-3.68686
-3.68707
-3.68729
-3.68765
-3.6876
-3.68636
-3.68654
-3.68532
-3.68523
-3.68716
-3.68674
-3.69012
-3.69136
-3.69182
-3.68958
-3.68641
-3.68659
-3.68336
-3.68111
-3.68021
-3.68108
-3.68008
-3.68288
-3.68498
-3.68553
-3.68602
-3.68484
-3.68477
-3.6833
-3.68531
-3.68489
-3.68688
-3.6895
-3.68976
-3.69163
-3.69213
-3.68735
-3.68515
-3.68084
-3.67974
-3.67853
-3.68081
-3.6822
-3.68255
-3.68344
-3.68693
-3.68949
-3.6891
-3.6915
-3.6921
-3.69184
-3.68877
-3.68688
-3.68562
-3.68239
-3.68119
-3.68269
-3.68295
-3.68103
-3.68105
-3.68175
-3.68148
-3.68341
-3.68409
-3.68456
-3.68417
-3.68765
-3.68816
-3.68969
-3.68823
-3.688
-3.68748
-3.68558
-3.68258
-3.683
-3.68171
-3.68033
-3.67966
-3.68205
-3.68368
-3.68512
-3.68686
-3.6873
-3.68799
-3.68567
-3.68348
-3.68235
-3.6804
-3.68128
-3.67892
-3.68032
-3.67815
-3.67784
-3.68007
-3.68094
-3.68119
-3.68125
-3.68106
-3.68089
-3.68058
-3.68499
-3.68876
-3.68992
-3.69023
-3.68932
-3.68776
-3.68461
-3.68415
-3.68241
-3.68213
-3.68283
-3.68478
-3.68659
-3.68584
-3.68687
-3.68629
-3.68887
-3.68566
-3.68587
-3.68693
-3.68731
-3.68732
-3.68409
-3.68323
-3.68467
-3.68531
-3.68989
-3.68896
-3.68899
-3.69068
-3.68661
-3.68578
-3.68163
-3.67931
-3.67967
-3.67945
-3.67849
-3.68125
-3.6852
-3.68777
-3.68708
-3.68771
-3.68865
-3.68678
-3.68765
-3.68616
-3.68576
-3.68762
-3.68868
-3.68874
-3.68755
-3.68905
-3.68993
-3.69002
-3.69006
-3.68967
-3.68978
-3.68856
-3.68844
-3.68979
-3.6907
-3.69199
-3.69343
-3.69301
-3.69144
-3.68997
-3.6878
-3.6861
-3.6816
-3.68145
-3.68243
-3.68209
-3.68222
-3.68291
-3.68151
-3.67873
-3.68056
-3.68119
-3.68278
-3.68237
-3.68469
-3.68652
-3.68632
-3.68845
-3.69043
-3.69186
-3.69293
-3.69417
-3.69097
-3.68835
-3.68517
-3.68352
-3.68058
-3.67562
-3.67664
-3.67511
-3.67853
-3.68132
-3.68205
-3.68412
-3.68458
-3.68509
-3.68322
-3.68502
-3.6836
-3.68271
-3.68259
-3.6829
-3.68115
-3.68384
-3.68574
-3.68774
-3.69009
-3.69134
-3.68819
-3.68646
-3.68545
-3.68471
-3.68233
-3.68184
-3.68263
-3.68104
-3.68283
-3.68401
-3.68856
-3.68887
-3.69009
-3.69245
-3.69325
-3.69271
-3.69342
-3.69152
-3.68985
-3.68661
-3.68134
-3.6788
-3.6753
-3.67538
-3.67606
-3.67982
-3.6825
-3.68456
-3.68449
-3.68309
-3.68375
-3.68301
-3.68185
-3.67921
-3.67864
-3.67821
-3.68044
-3.68381
-3.68229
-3.6846
-3.68296
-3.68746
-3.68665
-3.68511
-3.68649
-3.68587
-3.68367
-3.68152
-3.68321
-3.6835
-3.68238
-3.68203
-3.68184
-3.68231
-3.68188
-3.68133
-3.68354
-3.68361
-3.68278
-3.68372
-3.6817
-3.68261
-3.68117
-3.68469
-3.68704
-3.68992
-3.69187
-3.69445
-3.6931
-3.69169
-3.69011
-3.68849
-3.68627
-3.68496
-3.68631
-3.68708
-3.68704
-3.6867
-3.68567
-3.68617
-3.68569
-3.6853
-3.68659
-3.6879
-3.68766
-3.68877
-3.6891
-3.69055
-3.69324
-3.69129
-3.68801
-3.68795
-3.68798
-3.68667
-3.68558
-3.68465
-3.68127
-3.67867
-3.68015
-3.68189
-3.68409
-3.68357
-3.68236
-3.68209
-3.67863
-3.68305
-3.68486
-3.68979
-3.69115
-3.69297
-3.69227
-3.69015
-3.6879
-3.68716
-3.68367
-3.67754
-3.67274
-3.6702
-3.67155
-3.6748
-3.67958
-3.68536
-3.68918
-3.68926
-3.69098
-3.6916
-3.69068
-3.6888
-3.68604
-3.68152
-3.68201
-3.68191
-3.68321
-3.68438
-3.68441
-3.68298
-3.68479
-3.68664
-3.68588
-3.68514
-3.68541
-3.68227
-3.68061
-3.68016
-3.68159
-3.68336
-3.68379
-3.68422
-3.68317
-3.68346
-3.68448
-3.68658
-3.68717
-3.68841
-3.68887
-3.68818
-3.68702
-3.68351
-3.68142
-3.6796
-3.68069
-3.68214
-3.68272
-3.68496
-3.68719
-3.68774
-3.68814
-3.69023
-3.68985
-3.68754
-3.68611
-3.68299
-3.6799
-3.67842
-3.67796
-3.68044
-3.68109
-3.68176
-3.68388
-3.68772
-3.68952
-3.69082
-3.68957
-3.68889
-3.68749
-3.68344
-3.68095
-3.67737
-3.67935
-3.67812
-3.67779
-3.67888
-3.67988
-3.68036
-3.68053
-3.68025
-3.68173
-3.68669
-3.68862
-3.69101
-3.69014
-3.68815
-3.68677
-3.68398
-3.68234
-3.68159
-3.6802
-3.68309
-3.68524
-3.68875
-3.68971
-3.69033
-3.69174
-3.68972
-3.6913
-3.69046
-3.6883
-3.69018
-3.68853
-3.68978
-3.6939
-3.69582
-3.69726
-3.69794
-3.69513
-3.6922
-3.692
-3.69175
-3.68752
-3.68755
-3.68666
-3.68226
-3.68271
-3.68233
-3.68369
-3.68584
-3.68829
-3.68911
-3.69042
-3.69149
-3.691
-3.68984
-3.6871
-3.68363
-3.68171
-3.68067
-3.68084
-3.68247
-3.68383
-3.68568
-3.68577
-3.68538
-3.68617
-3.68493
-3.685
-3.68382
-3.68016
-3.68096
-3.681
-3.68117
-3.68307
-3.68373
-3.68369
-3.68507
-3.6851
-3.6864
-3.68965
-3.69038
-3.69027
-3.68916
-3.68986
-3.68599
-3.68527
-3.68383
-3.68308
-3.68424
-3.685
-3.68267
-3.68171
-3.67955
-3.67679
-3.67561
-3.67919
-3.68044
-3.68188
-3.68671
-3.68833
-3.68867
-3.68947
-3.69033
-3.68768
-3.68727
-3.68535
-3.6843
-3.68149
-3.68017
-3.68035
-3.67927
-3.6791
-3.6846
-3.68769
-3.68682
-3.7451
-3.74547
-3.74231
-3.74177
-3.73892
-3.73758
-3.7369
-3.73874
-3.74161
-3.74291
-3.74051
-3.74139
-3.74149
-3.74026
-3.74137
-3.74321
-3.74268
-3.74338
-3.74449
-3.7449
-3.74341
-3.74411
-3.74157
-3.74295
-3.74024
-3.73759
-3.73569
-3.7332
-3.73344
-3.73574
-3.73472
-3.7402
-3.74375
-3.74575
-3.74377
-3.74405
-3.74002
-3.73831
-3.7345
-3.73277
-3.73447
-3.73827
-3.73939
-3.74491
-3.74787
-3.74867
-3.75096
-3.75176
-3.74999
-3.74701
-3.7449
-3.74588
-3.74564
-3.74674
-3.74433
-3.73959
-3.73704
-3.73606
-3.73817
-3.74088
-3.74123
-3.73953
-3.74023
-3.74344
-3.74189
-3.74087
-3.74138
-3.74112
-3.74153
-3.74221
-3.74162
-3.74289
-3.73988
-3.7389
-3.73739
-3.73741
-3.73983
-3.74057
-3.74172
-3.7428
-3.74232
-3.7445
-3.74397
-3.74234
-3.74068
-3.74143
-3.74225
-3.74503
-3.74391
-3.74449
-3.74284
-3.74028
-3.7376
-3.73731
-3.73668
-3.73878
-3.73902
-3.73996
-3.7436
-3.74712
-3.74681
-3.74717
-3.74598
-3.74539
-3.74563
-3.744
-3.74414
-3.74181
-3.74019
-3.73963
-3.73799
-3.73945
-3.74138
-3.74311
-3.7439
-3.7448
-3.74389
-3.74434
-3.74486
-3.74365
-3.74141
-3.74322
-3.74441
-3.74654
-3.74918
-3.74967
-3.75015
-3.74988
-3.74607
-3.74263
-3.74307
-3.74014
-3.73828
-3.7376
-3.73558
-3.7338
-3.73445
-3.73541
-3.73514
-3.73764
-3.7406
-3.74033
-3.7431
-3.7429
-3.74318
-3.74342
-3.74064
-3.73662
-3.73524
-3.73641
-3.73631
-3.73788
-3.73894
-3.73926
-3.74062
-3.74233
-3.74231
-3.74339
-3.74203
-3.73668
-3.73536
-3.73706
-3.73541
-3.73895
-3.74088
-3.74044
-3.74244
-3.74486
-3.74611
-3.7456
-3.74705
-3.74694
-3.74537
-3.74104
-3.73592
-3.73513
-3.73369
-3.73149
-3.73152
-3.73366
-3.73522
-3.74112
-3.74404
-3.74746
-3.74842
-3.74887
-3.74754
-3.7458
-3.74555
-3.74384
-3.74292
-3.73884
-3.73734
-3.73607
-3.73683
-3.73946
-3.7411
-3.74162
-3.74279
-3.74265
-3.74472
-3.74351
-3.74033
-3.73937
-3.73886
-3.73781
-3.73815
-3.7384
-3.73962
-3.74036
-3.74243
-3.74244
-3.7435
-3.74516
-3.74447
-3.74773
-3.74897
-3.7485
-3.74549
-3.74426
-3.74355
-3.74472
-3.74579
-3.74361
-3.74194
-3.74178
-3.74031
-3.74197
-3.74037
-3.73869
-3.73858
-3.73966
-3.74172
-3.7418
-3.74214
-3.74286
-3.74676
-3.74923
-3.74796
-3.74744
-3.74753
-3.7467
-3.7461
-3.74436
-3.7448
-3.74235
-3.74321
-3.74417
-3.74416
-3.74333
-3.74474
-3.74238
-3.74068
-3.73922
-3.7367
-3.73674
-3.73751
-3.7366
-3.73833
-3.7402
-3.74413
-3.74549
-3.74565
-3.74713
-3.74358
-3.74118
-3.74246
-3.74342
-3.74019
-3.74008
-3.73807
-3.73824
-3.73927
-3.73697
-3.73716
-3.73673
-3.73808
-3.73875
-3.73815
-3.73797
-3.73915
-3.74185
-3.74343
-3.7445
-3.74416
-3.74469
-3.74487
-3.74421
-3.74366
-3.74534
-3.74839
-3.74963
-3.74933
-3.74813
-3.74993
-3.74911
-3.74637
-3.74691
-3.74771
-3.7476
-3.7453
-3.74477
-3.74256
-3.74105
-3.73914
-3.73958
-3.73993
-3.74283
-3.74582
-3.74656
-3.7469
-3.74772
-3.74925
-3.74688
-3.74528
-3.7446
-3.74263
-3.74184
-3.74384
-3.74509
-3.74905
-3.74931
-3.74917
-3.74962
-3.7497
-3.74971
-3.74857
-3.74632
-3.74245
-3.7399
-3.7389
-3.74032
-3.74111
-3.74281
-3.74425
-3.74432
-3.7469
-3.74666
-3.74482
-3.74544
-3.74201
-3.74012
-3.73839
-3.73747
-3.7392
-3.74344
-3.74395
-3.74273
-3.74217
-3.74134
-3.74309
-3.74645
-3.74706
-3.74698
-3.74467
-3.74243
-3.74151
-3.74035
-3.74241
-3.73922
-3.74155
-3.74192
-3.74011
-3.73887
-3.74083
-3.74192
-3.74138
-3.74433
-3.74787
-3.75138
-3.75215
-3.75111
-3.7471
-3.74409
-3.73918
-3.73763
-3.73599
-3.73796
-3.74147
-3.74443
-3.74708
-3.7485
-3.74723
-3.74317
-3.74222
-3.74002
-3.73934
-3.73937
-3.74232
-3.74367
-3.74282
-3.74148
-3.74391
-3.74482
-3.74985
-3.74979
-3.74837
-3.74543
-3.74286
-3.74343
-3.74247
-3.73996
-3.73728
-3.73252
-3.73426
-3.7347
-3.73829
-3.7392
-3.74107
-3.7389
-3.73799
-3.73977
-3.74015
-3.74181
-3.74499
-3.7429
-3.74122
-3.74292
-3.74185
-3.74224
-3.74385
-3.74688
-3.74921
-3.74865
-3.74736
-3.74324
-3.74191
-3.73643
-3.73708
-3.73866
-3.74045
-3.74259
-3.74445
-3.74534
-3.74622
-3.74456
-3.74262
-3.73979
-3.73546
-3.73437
-3.73679
-3.73794
-3.7381
-3.73507
-3.73419
-3.73241
-3.73097
-3.73277
-3.73577
-3.739
-3.74285
-3.74642
-3.74289
-3.7452
-3.74671
-3.74767
-3.74952
-3.75277
-3.75342
-3.7497
-3.75014
-3.74671
-3.7482
-3.74557
-3.74505
-3.7437
-3.74285
-3.74111
-3.7422
-3.74208
-3.74124
-3.7405
-3.74276
-3.74138
-3.74049
-3.74028
-3.74048
-3.73933
-3.74051
-3.73915
-3.74313
-3.74406
-3.74266
-3.74285
-3.74511
-3.74525
-3.74798
-3.7482
-3.74542
-3.74546
-3.74511
-3.74688
-3.74589
-3.74388
-3.74378
-3.74445
-3.74442
-3.74633
-3.74949
-3.74944
-3.74882
-3.74782
-3.74968
-3.74674
-3.74667
-3.74545
-3.74105
-3.73718
-3.73824
-3.74148
-3.74305
-3.74667
-3.74907
-3.74956
-3.75057
-3.75014
-3.75148
-3.74997
-3.74818
-3.74174
-3.73815
-3.73696
-3.73588
-3.73666
-3.7373
-3.73757
-3.74084
-3.74346
-3.74437
-3.74271
-3.74403
-3.7457
-3.74436
-3.74454
-3.7443
-3.74262
-3.74159
-3.74067
-3.74204
-3.74177
-3.74336
-3.74549
-3.74718
-3.74651
-3.74531
-3.74342
-3.74159
-3.73954
-3.74047
-3.74366
-3.74799
-3.75097
-3.75242
-3.75418
-3.7506
-3.74572
-3.74372
-3.7404
-3.73678
-3.73516
-3.73463
-3.73472
-3.73591
-3.7366
-3.73752
-3.74053
-3.74261
-3.74482
-3.74368
-3.74159
-3.74063
-3.74091
-3.74142
-3.74278
-3.74201
-3.74313
-3.74563
-3.74853
-3.74862
-3.7482
-3.74747
-3.74412
-3.74133
-3.74169
-3.74247
-3.74257
-3.73883
-3.73961
-3.73747
-3.73918
-3.74053
-3.74275
-3.74387
-3.74614
-3.74667
-3.7459
-3.74388
-3.74036
-3.73982
-3.73895
-3.73773
-3.74077
-3.74177
-3.74253
-3.74583
-3.74469
-3.74524
-3.74479
-3.74661
-3.7441
-3.74345
-3.74186
-3.73892
-3.73848
-3.73933
-3.7379
-3.73957
-3.74203
-3.7422
-3.74205
-3.74293
-3.74159
-3.73977
-3.743
-3.74256
-3.74159
-3.7399
-3.73733
-3.73668
-3.73607
-3.73691
-3.73876
-3.73893
-3.74014
-3.74064
-3.7431
-3.74173
-3.74209
-3.74367
-3.74484
-3.74765
-3.74746
-3.74783
-3.74803
-3.74639
-3.74404
-3.74141
-3.74193
-3.74154
-3.74467
-3.74614
-3.74741
-3.74743
-3.74726
-3.74807
-3.7476
-3.74739
-3.74648
-3.7466
-3.74613
-3.74332
-3.74119
-3.73753
-3.7359
-3.7328
-3.73189
-3.73387
-3.73442
-3.73765
-3.7386
-3.73954
-3.73986
-3.73925
-3.73995
-3.74142
-3.7424
-3.74347
-3.74279
-3.74303
-3.742
-3.74115
-3.73937
-3.73955
-3.74051
-3.74021
-3.73969
-3.74013
-3.73961
-3.74009
-3.73952
-3.74064
-3.74067
-3.74299
-3.74587
-3.74491
-3.74882
-3.74958
-3.74973
-3.74719
-3.7477
-3.74697
-3.74404
-3.74146
-3.73661
-3.73951
-3.74286
-3.74354
-3.74196
-3.74122
-3.74366
-3.74383
-3.74211
-3.74343
-3.7428
-3.74166
-3.73956
-3.73828
-3.73628
-3.7372
-3.73975
-3.74084
-3.74272
-3.74352
-3.74116
-3.74121
-3.74015
-3.74144
-3.74028
-3.74105
-3.74064
-3.74112
-3.74291
-3.74231
-3.7401
-3.74019
-3.74011
-3.74132
-3.74036
-3.74041
-3.74153
-3.74373
-3.74424
-3.74577
-3.74767
-3.74985
-3.75075
-3.75022
-3.74937
-3.74782
-3.74422
-3.74169
-3.73957
-3.73733
-3.73624
-3.73941
-3.74217
-3.74146
-3.74348
-3.74728
-3.74679
-3.74483
-3.74597
-3.74521
-3.74632
-3.74468
-3.74004
-3.73693
-3.73729
-3.73565
-3.73646
-3.73753
-3.74253
-3.74911
-3.75311
-3.75455
-3.75294
-3.74698
-3.74518
-3.74194
-3.74072
-3.7387
-3.7372
-3.73782
-3.73967
-3.74377
-3.74622
-3.74662
-3.74626
-3.74767
-3.74307
-3.74278
-3.74164
-3.7409
-3.74105
-3.74346
-3.7477
-3.74812
-3.74838
-3.74849
-3.74787
-3.74783
-3.74856
-3.7476
-3.7447
-3.73931
-3.73688
-3.73693
-3.73697
-3.74023
-3.73878
-3.74014
-3.74115
-3.74166
-3.74233
-3.74486
-3.74419
-3.74382
-3.74278
-3.74451
-3.74318
-3.74272
-3.74378
-3.74624
-3.7477
-3.74814
-3.74928
-3.74904
-3.74912
-3.74692
-3.74352
-3.74312
-3.74206
-3.74411
-3.74174
-3.7425
-3.74467
-3.74422
-3.74487
-3.74495
-3.74412
-3.74328
-3.73949
-3.74051
-3.74027
-3.73815
-3.74055
-3.73904
-3.73962
-3.73908
-3.74112
-3.74526
-3.74644
-3.74628
-3.74561
-3.74421
-3.74083
-3.73954
-3.73866
-3.73744
-3.73964
-3.74054
-3.74032
-3.74003
-3.74053
-3.74097
-3.74261
-3.74737
-3.75125
-3.75036
-3.74928
-3.74974
-3.74778
-3.7469
-3.74578
-3.74399
-3.74431
-3.74504
-3.74279
-3.74171
-3.74013
-3.73915
-3.74013
-3.73856
-3.74027
-3.74073
-3.74312
-3.74445
-3.7469
-3.74708
-3.74769
-3.7487
-3.74718
-3.74654
-3.74137
-3.73982
-3.73577
-3.73521
-3.73452
-3.7349
-3.73665
-3.73673
-3.73835
-3.74038
-3.74187
-3.74509
-3.74731
-3.74648
-3.74688
-3.74241
-3.74003
-3.74056
-3.74063
-3.74367
-3.74463
-3.74671
-3.7462
-3.74213
-3.7424
-3.74022
-3.7369
-3.7349
-3.73386
-3.73513
-3.73666
-3.73673
-3.73919
-3.74162
-3.74172
-3.74413
-3.7421
-3.74146
-3.74134
-3.73976
-3.74039
-3.73986
-3.74173
-3.74175
-3.7428
-3.74333
-3.74433
-3.74211
-3.74124
-3.74123
-3.7419
-3.74094
-3.74397
-3.74337
-3.74579
-3.74326
-3.74292
-3.74356
-3.74136
-3.74096
-3.74152
-3.74123
-3.7396
-3.73987
-3.73865
-3.73774
-3.73806
-3.74107
-3.74341
-3.74453
-3.74484
-3.74717
-3.74637
-3.74548
-3.74349
-3.74227
-3.74053
-3.74061
-3.74033
-3.74009
-3.7384
-3.73473
-3.73601
-3.7372
-3.7361
-3.73767
-3.74074
-3.74184
-3.74264
-3.74357
-3.74407
-3.74145
-3.74058
-3.74037
-3.74211
-3.74478
-3.74754
-3.74697
-3.74743
-3.7445
-3.74339
-3.73673
-3.73535
-3.73279
-3.73449
-3.7338
-3.73276
-3.81318
-3.81169
-3.81501
-3.81527
-3.817
-3.81978
-3.82347
-3.82497
-3.82419
-3.82289
-3.81933
-3.81678
-3.81326
-3.81231
-3.81253
-3.8154
-3.81675
-3.81794
-3.81932
-3.82078
-3.82279
-3.8222
-3.82272
-3.82494
-3.82466
-3.82436
-3.82294
-3.82111
-3.81822
-3.81674
-3.81619
-3.81793
-3.8187
-3.81555
-3.81444
-3.81465
-3.81318
-3.81445
-3.81596
-3.81765
-3.81943
-3.82157
-3.82207
-3.82298
-3.82316
-3.82132
-3.81948
-3.81964
-3.81636
-3.81724
-3.81963
-3.81998
-3.81861
-3.81807
-3.81799
-3.81596
-3.81817
-3.82133
-3.82431
-3.82897
-3.82948
-3.82935
-3.82795
-3.82491
-3.82324
-3.82332
-3.81924
-3.81763
-3.81313
-3.81107
-3.80913
-3.80881
-3.81113
-3.812
-3.81386
-3.81556
-3.8183
-3.81991
-3.81915
-3.81809
-3.81722
-3.81732
-3.81883
-3.81766
-3.81686
-3.81851
-3.81772
-3.82007
-3.82205
-3.82577
-3.82714
-3.82981
-3.83217
-3.83292
-3.83136
-3.8308
-3.828
-3.82414
-3.81969
-3.81731
-3.81796
-3.81817
-3.81864
-3.8198
-3.82298
-3.82297
-3.82328
-3.82341
-3.82306
-3.8209
-3.82122
-3.82133
-3.82006
-3.81829
-3.8194
-3.82019
-3.82273
-3.82794
-3.8291
-3.82915
-3.82868
-3.82791
-3.82391
-3.82061
-3.81904
-3.81668
-3.81648
-3.81516
-3.81632
-3.81979
-3.82207
-3.82452
-3.82191
-3.82128
-3.81978
-3.81859
-3.81951
-3.82141
-3.82213
-3.8225
-3.82437
-3.82574
-3.82163
-3.82353
-3.82529
-3.82329
-3.82206
-3.82373
-3.82017
-3.81712
-3.81918
-3.82049
-3.82183
-3.81966
-3.81994
-3.81991
-3.81463
-3.81238
-3.81209
-3.81099
-3.81142
-3.81099
-3.81423
-3.81747
-3.8186
-3.81895
-3.82051
-3.82099
-3.8199
-3.8175
-3.81933
-3.8195
-3.82195
-3.82117
-3.82379
-3.82554
-3.82671
-3.82571
-3.82703
-3.82415
-3.82217
-3.82074
-3.81934
-3.81702
-3.81435
-3.81379
-3.81707
-3.81528
-3.81924
-3.82266
-3.82134
-3.82059
-3.8189
-3.81782
-3.81685
-3.81725
-3.81896
-3.8185
-3.81691
-3.81869
-3.82005
-3.82137
-3.82344
-3.82489
-3.82535
-3.82595
-3.82331
-3.82333
-3.82297
-3.82365
-3.82296
-3.8229
-3.82581
-3.82438
-3.82388
-3.82442
-3.82429
-3.82495
-3.82613
-3.82365
-3.82258
-3.82358
-3.82022
-3.81906
-3.82043
-3.82257
-3.8227
-3.82151
-3.81872
-3.81825
-3.81718
-3.81755
-3.81601
-3.81688
-3.81747
-3.81824
-3.82036
-3.82046
-3.82023
-3.8192
-3.8196
-3.81923
-3.81897
-3.81727
-3.81736
-3.81962
-3.82278
-3.82214
-3.82405
-3.82374
-3.82208
-3.82098
-3.81968
-3.81762
-3.81947
-3.81862
-3.82034
-3.82089
-3.82103
-3.8214
-3.82145
-3.81668
-3.81615
-3.81637
-3.81597
-3.81737
-3.81578
-3.81755
-3.8163
-3.81712
-3.81575
-3.81684
-3.81837
-3.82036
-3.82059
-3.82043
-3.82289
-3.82691
-3.82527
-3.82411
-3.82127
-3.82122
-3.81981
-3.81792
-3.81879
-3.81792
-3.82123
-3.82003
-3.82067
-3.82194
-3.82472
-3.82475
-3.82513
-3.82361
-3.82626
-3.82732
-3.82783
-3.82529
-3.82529
-3.82436
-3.82301
-3.82139
-3.82063
-3.81999
-3.81896
-3.81727
-3.81745
-3.81768
-3.81671
-3.81753
-3.81913
-3.81871
-3.81717
-3.81925
-3.8195
-3.81988
-3.81906
-3.81861
-3.81812
-3.81775
-3.81695
-3.81829
-3.8166
-3.8192
-3.82249
-3.82104
-3.82301
-3.8202
-3.82128
-3.82246
-3.8216
-3.8208
-3.81987
-3.81886
-3.82135
-3.82192
-3.82134
-3.8198
-3.82203
-3.82394
-3.82495
-3.82036
-3.82018
-3.81715
-3.81263
-3.81259
-3.81156
-3.81162
-3.81236
-3.81393
-3.81637
-3.82055
-3.82223
-3.82503
-3.82649
-3.82938
-3.82922
-3.8269
-3.8255
-3.82416
-3.8206
-3.81853
-3.81368
-3.81291
-3.81306
-3.81469
-3.81465
-3.81773
-3.82028
-3.8214
-3.82248
-3.81901
-3.81896
-3.81856
-3.81795
-3.82006
-3.82221
-3.82199
-3.82421
-3.82299
-3.8227
-3.82115
-3.81791
-3.81346
-3.8113
-3.80995
-3.80932
-3.80888
-3.81123
-3.81383
-3.81588
-3.81699
-3.81925
-3.82063
-3.82358
-3.82302
-3.82255
-3.82388
-3.82262
-3.82289
-3.82316
-3.82117
-3.82234
-3.82206
-3.82072
-3.81695
-3.81582
-3.81556
-3.81469
-3.81516
-3.81603
-3.81968
-3.82061
-3.82142
-3.82238
-3.82073
-3.82218
-3.82332
-3.82547
-3.82442
-3.82401
-3.82252
-3.82206
-3.82093
-3.82111
-3.82183
-3.82052
-3.82046
-3.81981
-3.82092
-3.82232
-3.82144
-3.82046
-3.82013
-3.82066
-3.82104
-3.82097
-3.82257
-3.82205
-3.82219
-3.82186
-3.82157
-3.8215
-3.82012
-3.8197
-3.81899
-3.81939
-3.82063
-3.82258
-3.82557
-3.82793
-3.82943
-3.83154
-3.82871
-3.82718
-3.8246
-3.82256
-3.82107
-3.81807
-3.8171
-3.81698
-3.81814
-3.81752
-3.81789
-3.81698
-3.81792
-3.81778
-3.81663
-3.81606
-3.81961
-3.81877
-3.81859
-3.81785
-3.81853
-3.82079
-3.82451
-3.82475
-3.82738
-3.82823
-3.82604
-3.82084
-3.81809
-3.81412
-3.81534
-3.81786
-3.82093
-3.82582
-3.82727
-3.82712
-3.82654
-3.82358
-3.82067
-3.81686
-3.817
-3.82024
-3.82232
-3.82503
-3.8261
-3.82695
-3.82594
-3.824
-3.8226
-3.82005
-3.81886
-3.81906
-3.81861
-3.82085
-3.82401
-3.82492
-3.82433
-3.82364
-3.82673
-3.82697
-3.82766
-3.82619
-3.82372
-3.82056
-3.81778
-3.81274
-3.81015
-3.80988
-3.81179
-3.81352
-3.81555
-3.81568
-3.8155
-3.81613
-3.81723
-3.81881
-3.82022
-3.82263
-3.82278
-3.82048
-3.81987
-3.81755
-3.81607
-3.816
-3.81964
-3.82554
-3.82504
-3.82681
-3.82417
-3.8201
-3.81769
-3.81665
-3.81545
-3.81437
-3.8125
-3.81367
-3.81764
-3.82139
-3.82289
-3.82309
-3.82269
-3.82125
-3.82252
-3.82263
-3.82232
-3.82411
-3.823
-3.82192
-3.82294
-3.82349
-3.82376
-3.82488
-3.82481
-3.82541
-3.82288
-3.8236
-3.82092
-3.81873
-3.81844
-3.81909
-3.81799
-3.81819
-3.81941
-3.8181
-3.81652
-3.81811
-3.81789
-3.81826
-3.81807
-3.81898
-3.81762
-3.81536
-3.81409
-3.8145
-3.81647
-3.82084
-3.82394
-3.82785
-3.82942
-3.82537
-3.82562
-3.82358
-3.81948
-3.81766
-3.81842
-3.82102
-3.81851
-3.81778
-3.81763
-3.8169
-3.81711
-3.81454
-3.81216
-3.8148
-3.8137
-3.81265
-3.81113
-3.81096
-3.814
-3.81679
-3.81972
-3.82126
-3.82225
-3.82253
-3.82617
-3.82725
-3.82812
-3.82693
-3.82896
-3.82727
-3.82476
-3.82302
-3.81947
-3.8162
-3.81656
-3.81593
-3.81669
-3.81817
-3.8234
-3.82454
-3.82498
-3.82457
-3.82568
-3.82662
-3.82574
-3.82404
-3.82228
-3.82201
-3.82341
-3.82181
-3.82034
-3.82111
-3.82001
-3.82016
-3.82155
-3.82338
-3.82423
-3.82118
-3.82151
-3.81969
-3.81939
-3.82131
-3.8212
-3.82255
-3.82191
-3.82217
-3.82224
-3.82213
-3.81893
-3.81941
-3.81807
-3.81807
-3.81651
-3.81731
-3.81915
-3.8188
-3.82098
-3.82177
-3.82006
-3.81963
-3.82121
-3.81922
-3.82026
-3.82005
-3.8196
-3.81989
-3.8185
-3.81907
-3.81969
-3.81987
-3.82145
-3.82264
-3.82169
-3.82041
-3.81733
-3.81731
-3.81716
-3.81672
-3.81744
-3.81837
-3.81723
-3.8195
-3.81965
-3.82215
-3.82328
-3.8235
-3.82491
-3.82703
-3.8259
-3.82435
-3.82366
-3.82336
-3.82221
-3.82093
-3.82214
-3.82123
-3.81967
-3.82028
-3.8195
-3.81872
-3.81897
-3.82003
-3.82047
-3.82048
-3.82179
-3.82188
-3.82552
-3.82704
-3.82527
-3.82474
-3.82471
-3.82481
-3.82447
-3.82538
-3.82589
-3.8243
-3.82213
-3.82168
-3.82065
-3.82283
-3.82215
-3.82545
-3.82604
-3.82669
-3.82409
-3.82327
-3.8243
-3.82146
-3.82001
-3.81958
-3.81993
-3.8199
-3.82086
-3.82322
-3.82412
-3.82641
-3.82669
-3.82737
-3.82464
-3.82508
-3.82254
-3.82346
-3.82209
-3.82122
-3.82366
-3.82287
-3.82227
-3.82146
-3.82108
-3.82062
-3.8208
-3.81766
-3.81897
-3.81848
-3.81771
-3.82038
-3.8211
-3.82317
-3.82239
-3.82287
-3.82383
-3.82438
-3.82466
-3.82399
-3.82273
-3.82132
-3.81852
-3.81742
-3.81873
-3.81857
-3.81932
-3.821
-3.82091
-3.82192
-3.82113
-3.82201
-3.82213
-3.82264
-3.82156
-3.8233
-3.82195
-3.82394
-3.82367
-3.82283
-3.82055
-3.82019
-3.81747
-3.81671
-3.81801
-3.81979
-3.82034
-3.81979
-3.81972
-3.82282
-3.8249
-3.82899
-3.82992
-3.83228
-3.83024
-3.82847
-3.82374
-3.82672
-3.82392
-3.82417
-3.82493
-3.8274
-3.82596
-3.82695
-3.82622
-3.8232
-3.81953
-3.81558
-3.81249
-3.81315
-3.80943
-3.81185
-3.81674
-3.82282
-3.82814
-3.82912
-3.82932
-3.82946
-3.82712
-3.82217
-3.81923
-3.81407
-3.81446
-3.8148
-3.8155
-3.81532
-3.8136
-3.81241
-3.81133
-3.81071
-3.81185
-3.81407
-3.81421
-3.81657
-3.81993
-3.82335
-3.82131
-3.82141
-3.82024
-3.82072
-3.82078
-3.82076
-3.82253
-3.82154
-3.82178
-3.82431
-3.82611
-3.82409
-3.82002
-3.81653
-3.8168
-3.818
-3.8201
-3.82291
-3.82344
-3.82569
-3.82259
-3.82149
-3.8211
-3.81985
-3.81904
-3.8184
-3.81714
-3.81598
-3.81194
-3.81296
-3.81095
-3.81022
-3.81233
-3.81608
-3.81678
-3.81794
-3.81663
-3.81556
-3.81572
-3.81853
-3.81983
-3.82285
-3.82433
-3.82351
-3.82288
-3.82124
-3.82061
-3.82257
-3.82113
-3.82361
-3.82278
-3.82096
-3.82282
-3.82252
-3.82392
-3.82359
-3.82343
-3.82553
-3.82658
-3.8269
-3.82484
-3.82627
-3.8268
-3.82656
-3.82639
-3.82562
-3.82307
-3.82285
-3.82218
-3.81942
-3.81962
-3.81918
-3.81871
-3.81713
-3.81414
-3.81325
-3.81086
-3.81416
-3.81885
-3.82346
-3.82776
-3.82911
-3.82712
-3.82528
-3.82226
-3.82467
-3.82664
-3.82547
-3.82439
-3.81954
-3.81647
-3.81522
-3.81525
-3.81482
-3.81658
-3.81804
-3.81783
-3.82155
-3.82454
-3.82484
-3.82587
-3.82325
-3.82164
-3.81835
-3.81749
-3.81637
-3.81575
-3.81609
-3.81576
-3.8193
-3.8212
-3.82469
-3.82419
-3.82253
-3.82251
-3.82011
-3.81995
-3.82072
-3.82047
-3.82153
-3.81979
-3.81886
-3.81838
-3.81722
-3.81691
-3.81584
-3.81484
-3.81495
-3.8168
-3.81487
-3.81623
-3.81843
-3.81782
-3.81807
-3.81655
-3.81961
-3.81962
-3.82201
-3.82011
-3.82131
-3.82275
-3.82251
-3.8247
-3.82494
-3.82468
-3.82735
-3.82527
-3.92556
-3.92232
-3.92168
-3.91999
-3.92155
-3.92265
-3.92362
-3.92607
-3.92676
-3.92556
-3.92655
-3.92503
-3.92588
-3.92622
-3.92645
-3.92597
-3.92567
-3.92793
-3.92923
-3.93
-3.92843
-3.93071
-3.93062
-3.9294
-3.92783
-3.92641
-3.92699
-3.92549
-3.92519
-3.92782
-3.92751
-3.92838
-3.92949
-3.92974
-3.92692
-3.92509
-3.92198
-3.92099
-3.91811
-3.9164
-3.91728
-3.9193
-3.92141
-3.92182
-3.92514
-3.92692
-3.92844
-3.93005
-3.93008
-3.9296
-3.92964
-3.92868
-3.92832
-3.92457
-3.92244
-3.92032
-3.92415
-3.92599
-3.92978
-3.93054
-3.93169
-3.93011
-3.92947
-3.93008
-3.9318
-3.92949
-3.92967
-3.92712
-3.92735
-3.92548
-3.92628
-3.926
-3.92576
-3.92557
-3.92644
-3.92385
-3.92065
-3.91986
-3.9179
-3.91551
-3.91674
-3.92009
-3.92087
-3.92031
-3.9213
-3.92095
-3.92164
-3.92296
-3.92339
-3.9233
-3.92301
-3.92029
-3.91992
-3.91792
-3.91522
-3.91474
-3.91479
-3.91552
-3.91523
-3.9184
-3.91929
-3.92185
-3.92085
-3.92241
-3.92269
-3.92607
-3.9287
-3.93009
-3.93076
-3.93184
-3.93055
-3.92874
-3.92521
-3.92361
-3.92202
-3.92246
-3.92151
-3.92048
-3.91891
-3.91787
-3.91713
-3.9189
-3.9235
-3.92571
-3.92753
-3.92841
-3.9278
-3.92952
-3.92802
-3.92384
-3.92244
-3.92149
-3.91845
-3.91624
-3.91789
-3.91967
-3.92134
-3.92291
-3.92399
-3.92505
-3.92472
-3.92517
-3.92783
-3.92821
-3.92701
-3.92959
-3.9314
-3.93242
-3.93018
-3.92698
-3.929
-3.93005
-3.92996
-3.93092
-3.93043
-3.93003
-3.93035
-3.92896
-3.9263
-3.92566
-3.92237
-3.92148
-3.92017
-3.92114
-3.92475
-3.92642
-3.92933
-3.93108
-3.93155
-3.9305
-3.92885
-3.92669
-3.92641
-3.92751
-3.92703
-3.92583
-3.92705
-3.92566
-3.92476
-3.92289
-3.91921
-3.91978
-3.91755
-3.91841
-3.92026
-3.92125
-3.92049
-3.9202
-3.92165
-3.92362
-3.92553
-3.92784
-3.92799
-3.92797
-3.9276
-3.92471
-3.92359
-3.92344
-3.92263
-3.92339
-3.92246
-3.92242
-3.92307
-3.92281
-3.92266
-3.92046
-3.92252
-3.92065
-3.92032
-3.9211
-3.92383
-3.92714
-3.92682
-3.92895
-3.92871
-3.92804
-3.92497
-3.92485
-3.92413
-3.92305
-3.92312
-3.92368
-3.9241
-3.9226
-3.92195
-3.92195
-3.92001
-3.9209
-3.92255
-3.92494
-3.92639
-3.92708
-3.92678
-3.92726
-3.92496
-3.92143
-3.9223
-3.92218
-3.92136
-3.92294
-3.92348
-3.92434
-3.9246
-3.92534
-3.92649
-3.92633
-3.92494
-3.92477
-3.92472
-3.92451
-3.92257
-3.92469
-3.9263
-3.92797
-3.92807
-3.92691
-3.92616
-3.9234
-3.92
-3.91928
-3.91879
-3.92005
-3.92202
-3.9233
-3.92393
-3.92423
-3.92465
-3.92598
-3.92631
-3.92601
-3.92611
-3.92491
-3.92749
-3.92755
-3.92702
-3.9257
-3.9242
-3.92266
-3.92539
-3.92526
-3.92567
-3.9249
-3.92661
-3.92677
-3.92941
-3.93013
-3.92889
-3.9267
-3.92441
-3.9236
-3.9228
-3.92428
-3.92245
-3.92154
-3.92202
-3.92181
-3.924
-3.924
-3.92388
-3.92531
-3.92317
-3.92173
-3.92148
-3.91947
-3.91992
-3.91861
-3.91887
-3.91938
-3.92096
-3.92063
-3.92075
-3.9214
-3.92167
-3.92168
-3.92255
-3.92268
-3.92032
-3.91899
-3.92158
-3.92149
-3.9211
-3.92346
-3.92418
-3.92406
-3.92525
-3.92699
-3.92692
-3.9255
-3.92479
-3.92566
-3.92653
-3.9257
-3.92616
-3.92536
-3.92565
-3.92496
-3.92355
-3.92271
-3.92398
-3.92733
-3.92878
-3.92901
-3.93088
-3.93142
-3.93239
-3.93077
-3.92868
-3.92774
-3.92679
-3.92437
-3.92406
-3.92026
-3.91915
-3.91534
-3.91435
-3.91403
-3.91824
-3.92158
-3.92312
-3.92507
-3.92986
-3.93445
-3.9331
-3.93204
-3.93099
-3.92826
-3.92729
-3.92827
-3.9258
-3.92603
-3.9261
-3.92835
-3.92874
-3.92785
-3.92632
-3.92719
-3.92629
-3.92521
-3.92326
-3.92099
-3.91781
-3.91655
-3.91622
-3.92092
-3.92352
-3.92538
-3.92757
-3.93013
-3.92843
-3.92705
-3.92553
-3.92523
-3.92676
-3.92935
-3.92969
-3.92885
-3.93055
-3.93167
-3.92871
-3.92812
-3.92617
-3.92271
-3.92223
-3.92373
-3.9249
-3.92293
-3.92227
-3.92172
-3.92127
-3.91933
-3.91847
-3.91768
-3.91862
-3.91938
-3.9215
-3.92718
-3.92869
-3.92862
-3.92764
-3.92821
-3.92824
-3.92733
-3.92531
-3.92399
-3.91993
-3.917
-3.91612
-3.91487
-3.9167
-3.91971
-3.92237
-3.92637
-3.93023
-3.93102
-3.92816
-3.92524
-3.92545
-3.92644
-3.92551
-3.92424
-3.9239
-3.92354
-3.92435
-3.92187
-3.92232
-3.92148
-3.92114
-3.91997
-3.91864
-3.91875
-3.92093
-3.9234
-3.92682
-3.92962
-3.92763
-3.92675
-3.92732
-3.92577
-3.92386
-3.92394
-3.92419
-3.92294
-3.92297
-3.92103
-3.91946
-3.91862
-3.91732
-3.91685
-3.91926
-3.9207
-3.92447
-3.92615
-3.92558
-3.92849
-3.92783
-3.92843
-3.93044
-3.93189
-3.93352
-3.93388
-3.93243
-3.93056
-3.92913
-3.92693
-3.92662
-3.92617
-3.92443
-3.92217
-3.91853
-3.91929
-3.92165
-3.92025
-3.92052
-3.91958
-3.92099
-3.92207
-3.92065
-3.92239
-3.92483
-3.92573
-3.92719
-3.92674
-3.92784
-3.92932
-3.92563
-3.92616
-3.92547
-3.92446
-3.92279
-3.92314
-3.92539
-3.92612
-3.92502
-3.92545
-3.92661
-3.92731
-3.92902
-3.92935
-3.92745
-3.92734
-3.92768
-3.92626
-3.92377
-3.92431
-3.92512
-3.92691
-3.92781
-3.92676
-3.92435
-3.92357
-3.924
-3.92434
-3.92481
-3.92498
-3.9261
-3.92659
-3.92878
-3.92845
-3.92789
-3.92849
-3.92894
-3.93065
-3.93069
-3.93043
-3.93076
-3.92822
-3.92599
-3.92604
-3.92525
-3.92268
-3.92204
-3.92042
-3.92326
-3.92677
-3.92833
-3.92951
-3.93035
-3.9294
-3.92677
-3.92427
-3.92609
-3.92657
-3.92862
-3.9294
-3.92707
-3.92636
-3.9233
-3.92389
-3.92475
-3.92489
-3.92876
-3.92697
-3.92785
-3.92847
-3.92679
-3.92685
-3.92645
-3.92641
-3.92667
-3.92735
-3.92759
-3.92732
-3.92773
-3.92392
-3.92435
-3.92554
-3.92661
-3.92847
-3.92848
-3.92756
-3.92713
-3.92593
-3.92534
-3.92708
-3.92954
-3.92959
-3.92776
-3.92816
-3.92957
-3.93049
-3.92911
-3.92657
-3.92408
-3.92379
-3.92232
-3.92171
-3.92002
-3.92012
-3.9227
-3.9213
-3.92353
-3.92464
-3.92446
-3.92364
-3.92469
-3.92428
-3.92427
-3.92424
-3.92544
-3.92367
-3.92166
-3.921
-3.91988
-3.92175
-3.92464
-3.92804
-3.93069
-3.93372
-3.93535
-3.93858
-3.93791
-3.93391
-3.9309
-3.92945
-3.92524
-3.92314
-3.92154
-3.91894
-3.91965
-3.91843
-3.92094
-3.92282
-3.92432
-3.92614
-3.92616
-3.92835
-3.92897
-3.93124
-3.92466
-3.92229
-3.92021
-3.91826
-3.91782
-3.91597
-3.91912
-3.91971
-3.92218
-3.92153
-3.9242
-3.92662
-3.92759
-3.92545
-3.92877
-3.92908
-3.92878
-3.92546
-3.92478
-3.92288
-3.92196
-3.92069
-3.92054
-3.92051
-3.92379
-3.927
-3.92799
-3.92883
-3.92825
-3.9247
-3.92354
-3.9194
-3.91799
-3.92056
-3.92206
-3.92612
-3.92864
-3.93129
-3.93127
-3.9298
-3.92686
-3.92374
-3.92277
-3.92321
-3.92484
-3.92534
-3.9262
-3.92559
-3.92745
-3.92825
-3.92941
-3.9273
-3.92402
-3.92043
-3.91811
-3.91587
-3.91426
-3.91793
-3.92228
-3.92398
-3.92596
-3.92633
-3.9266
-3.92596
-3.92484
-3.92315
-3.92297
-3.92284
-3.92236
-3.92414
-3.92622
-3.92989
-3.93101
-3.9298
-3.92755
-3.92514
-3.92488
-3.91988
-3.92291
-3.92122
-3.9223
-3.92394
-3.92515
-3.92545
-3.92311
-3.9239
-3.92326
-3.92107
-3.92378
-3.92575
-3.92538
-3.92676
-3.92585
-3.92499
-3.92202
-3.92343
-3.92278
-3.92465
-3.92593
-3.92823
-3.92949
-3.93132
-3.92989
-3.92864
-3.92503
-3.92255
-3.91892
-3.9167
-3.91675
-3.91653
-3.91698
-3.92208
-3.92495
-3.9279
-3.92833
-3.93031
-3.93141
-3.93164
-3.93111
-3.92894
-3.92605
-3.9252
-3.92419
-3.92288
-3.92492
-3.92766
-3.9288
-3.92823
-3.92852
-3.92924
-3.92721
-3.92664
-3.92627
-3.92594
-3.92386
-3.9251
-3.92771
-3.92563
-3.92559
-3.92781
-3.92722
-3.92718
-3.92696
-3.92543
-3.92452
-3.9242
-3.92452
-3.9243
-3.92248
-3.92354
-3.92325
-3.9276
-3.92838
-3.92681
-3.92375
-3.92307
-3.92354
-3.92184
-3.92277
-3.92152
-3.92561
-3.92619
-3.92298
-3.92194
-3.92309
-3.92122
-3.92025
-3.92187
-3.92412
-3.92676
-3.92719
-3.92994
-3.92942
-3.92841
-3.92739
-3.9267
-3.92503
-3.92856
-3.92809
-3.9248
-3.92311
-3.92177
-3.92032
-3.91972
-3.92034
-3.92195
-3.92228
-3.92303
-3.92788
-3.92824
-3.92911
-3.92807
-3.92779
-3.92586
-3.92333
-3.92425
-3.92217
-3.91981
-3.91965
-3.92096
-3.92391
-3.92698
-3.92471
-3.92592
-3.92876
-3.93153
-3.93283
-3.93257
-3.93211
-3.92931
-3.92713
-3.92651
-3.92452
-3.92719
-3.92781
-3.92765
-3.92803
-3.927
-3.92658
-3.92564
-3.92398
-3.92635
-3.92761
-3.92522
-3.92542
-3.92261
-3.92033
-3.92057
-3.91924
-3.91865
-3.91943
-3.92242
-3.92534
-3.92602
-3.92796
-3.92974
-3.93219
-3.92951
-3.92902
-3.9274
-3.92831
-3.92431
-3.92331
-3.92143
-3.92332
-3.92461
-3.92785
-3.92704
-3.92729
-3.92622
-3.92722
-3.92566
-3.92413
-3.92295
-3.922
-3.92185
-3.9203
-3.92194
-3.92417
-3.92366
-3.92586
-3.92851
-3.92995
-3.93185
-3.93292
-3.93177
-3.93104
-3.92892
-3.92669
-3.92482
-3.9234
-3.92095
-3.9189
-3.91763
-3.91985
-3.92114
-3.9228
-3.92525
-3.92752
-3.93029
-3.92955
-3.92987
-3.92703
-3.92529
-3.92561
-3.92422
-3.92086
-3.9212
-3.92313
-3.92435
-3.92748
-3.92941
-3.93153
-3.93129
-3.92939
-3.92661
-3.92414
-3.92408
-3.92057
-3.92221
-3.92224
-3.92427
-3.92673
-3.93032
-3.9306
-3.93125
-3.93061
-3.92909
-3.9306
-3.93295
-3.93087
-3.93114
-3.92815
-3.92767
-3.92398
-3.92068
-3.92015
-3.92038
-3.92083
-3.92399
-3.92455
-3.92407
-3.92442
-3.92462
-3.92399
-3.92455
-3.92452
-3.92581
-3.92807
-3.92951
-3.92609
-3.92547
-3.92669
-3.92338
-3.92291
-3.92345
-3.92592
-3.92707
-3.92731
-3.92652
-3.92646
-3.92255
-3.92156
-3.92008
-3.92164
-3.92101
-3.92495
-3.92467
-3.92484
-3.92599
-3.92332
-3.92447
-3.70194
-3.70113
-3.7042
-3.70405
-3.7043
-3.70465
-3.70438
-3.70416
-3.70161
-3.70202
-3.70091
-3.6985
-3.70052
-3.70066
-3.70093
-3.70165
-3.69874
-3.6975
-3.69784
-3.6964
-3.69831
-3.70132
-3.70534
-3.70531
-3.70505
-3.70473
-3.70174
-3.70173
-3.70193
-3.70417
-3.70458
-3.70552
-3.70204
-3.69999
-3.69876
-3.69716
-3.69733
-3.69491
-3.69679
-3.69719
-3.69974
-3.69921
-3.70162
-3.70422
-3.70402
-3.70123
-3.70311
-3.70239
-3.70128
-3.70013
-3.70045
-3.70175
-3.70248
-3.70142
-3.70222
-3.70177
-3.7011
-3.6992
-3.69611
-3.69565
-3.69405
-3.69758
-3.69758
-3.69983
-3.70181
-3.70406
-3.70843
-3.70855
-3.70732
-3.70568
-3.70231
-3.70014
-3.69782
-3.69606
-3.69329
-3.69432
-3.69741
-3.70126
-3.70401
-3.70572
-3.70432
-3.70435
-3.70108
-3.6992
-3.6983
-3.69682
-3.69676
-3.7001
-3.70129
-3.70134
-3.70096
-3.7007
-3.69983
-3.70312
-3.70448
-3.70952
-3.70835
-3.70767
-3.70703
-3.70269
-3.69897
-3.69809
-3.70015
-3.70101
-3.70241
-3.70178
-3.70334
-3.70154
-3.70026
-3.69721
-3.69574
-3.69599
-3.6963
-3.69952
-3.69911
-3.69901
-3.70054
-3.70166
-3.7009
-3.70038
-3.70055
-3.69852
-3.69905
-3.69739
-3.69861
-3.69941
-3.7038
-3.70722
-3.70905
-3.7088
-3.70729
-3.70523
-3.70381
-3.70174
-3.70057
-3.69813
-3.69959
-3.6981
-3.69764
-3.69773
-3.69972
-3.70178
-3.70648
-3.70892
-3.71166
-3.71055
-3.70833
-3.7068
-3.70385
-3.70107
-3.6986
-3.69688
-3.69677
-3.69623
-3.69569
-3.69752
-3.69907
-3.7007
-3.70064
-3.70212
-3.70324
-3.70373
-3.70349
-3.7024
-3.7035
-3.70422
-3.70485
-3.70482
-3.70348
-3.70316
-3.7018
-3.69924
-3.6984
-3.69906
-3.70184
-3.70341
-3.70415
-3.70315
-3.69989
-3.69894
-3.69727
-3.69734
-3.69663
-3.69679
-3.69899
-3.70246
-3.70611
-3.70657
-3.70593
-3.70726
-3.70447
-3.70164
-3.69901
-3.69722
-3.69761
-3.70074
-3.70275
-3.7026
-3.70246
-3.70491
-3.70702
-3.70549
-3.70218
-3.7017
-3.69981
-3.70037
-3.69927
-3.69802
-3.69844
-3.69827
-3.70281
-3.70272
-3.70176
-3.70189
-3.70156
-3.69888
-3.69969
-3.69883
-3.69539
-3.69497
-3.69683
-3.70024
-3.70487
-3.70649
-3.70529
-3.70219
-3.70255
-3.70295
-3.70081
-3.69858
-3.69494
-3.69495
-3.69421
-3.69651
-3.69913
-3.70219
-3.7045
-3.70452
-3.70657
-3.70382
-3.70236
-3.70047
-3.70034
-3.69663
-3.69672
-3.69913
-3.70071
-3.69843
-3.69974
-3.69893
-3.69749
-3.69791
-3.69591
-3.69816
-3.69836
-3.6982
-3.70027
-3.70258
-3.70465
-3.70482
-3.70326
-3.70232
-3.70351
-3.70468
-3.70421
-3.70295
-3.70398
-3.70281
-3.70004
-3.69743
-3.69514
-3.69454
-3.69621
-3.7025
-3.70471
-3.70672
-3.70913
-3.7097
-3.70958
-3.7092
-3.70635
-3.70334
-3.70124
-3.69936
-3.69849
-3.69732
-3.69491
-3.69255
-3.69364
-3.69286
-3.69679
-3.70069
-3.70237
-3.70451
-3.70493
-3.70734
-3.70549
-3.7059
-3.70682
-3.70486
-3.703
-3.70145
-3.69933
-3.69732
-3.69538
-3.69618
-3.69543
-3.69724
-3.69565
-3.69921
-3.70204
-3.70056
-3.70246
-3.70239
-3.70536
-3.70712
-3.7062
-3.70542
-3.70454
-3.70385
-3.70182
-3.70297
-3.70131
-3.70555
-3.70734
-3.70898
-3.70959
-3.7075
-3.70702
-3.70697
-3.70708
-3.70642
-3.70368
-3.70324
-3.70016
-3.69985
-3.69744
-3.69853
-3.70169
-3.70326
-3.70445
-3.70299
-3.70334
-3.7058
-3.704
-3.70034
-3.69667
-3.69415
-3.6926
-3.69405
-3.69359
-3.69253
-3.69162
-3.69255
-3.69429
-3.6982
-3.70043
-3.7076
-3.70723
-3.70784
-3.70766
-3.70241
-3.69943
-3.69798
-3.69606
-3.69887
-3.69819
-3.6994
-3.70124
-3.70286
-3.70661
-3.70539
-3.70607
-3.70619
-3.70436
-3.70334
-3.70233
-3.69954
-3.69932
-3.69716
-3.69741
-3.69721
-3.69946
-3.70158
-3.70317
-3.70426
-3.70386
-3.70265
-3.6996
-3.69857
-3.69767
-3.70011
-3.70347
-3.70402
-3.70641
-3.70251
-3.70225
-3.7028
-3.70488
-3.70401
-3.70199
-3.69924
-3.69787
-3.69801
-3.69871
-3.69335
-3.69536
-3.69497
-3.69975
-3.70373
-3.70593
-3.70597
-3.70504
-3.70238
-3.69999
-3.7018
-3.70147
-3.70393
-3.70613
-3.70698
-3.70753
-3.70978
-3.70867
-3.70995
-3.71303
-3.71258
-3.71146
-3.70902
-3.70681
-3.70711
-3.70571
-3.70732
-3.7057
-3.70521
-3.70136
-3.69861
-3.69414
-3.69108
-3.6899
-3.6911
-3.69412
-3.69643
-3.69782
-3.69905
-3.69833
-3.6999
-3.70094
-3.70078
-3.70397
-3.70499
-3.70739
-3.70996
-3.71046
-3.71089
-3.71155
-3.70891
-3.70547
-3.70474
-3.70233
-3.70087
-3.6976
-3.69587
-3.69764
-3.69625
-3.69901
-3.70084
-3.70439
-3.70422
-3.70512
-3.70611
-3.70637
-3.70159
-3.70251
-3.70524
-3.70416
-3.70367
-3.70246
-3.70018
-3.69874
-3.69786
-3.69937
-3.69893
-3.69749
-3.69835
-3.70099
-3.70129
-3.70442
-3.70512
-3.70433
-3.70465
-3.70744
-3.7087
-3.71132
-3.70861
-3.70761
-3.70345
-3.70159
-3.69934
-3.69768
-3.69525
-3.69398
-3.69285
-3.69497
-3.70036
-3.704
-3.70569
-3.70726
-3.70693
-3.70622
-3.70317
-3.70028
-3.70063
-3.69794
-3.69723
-3.69768
-3.69781
-3.69568
-3.69685
-3.69793
-3.6972
-3.6961
-3.69739
-3.69819
-3.69938
-3.69904
-3.69946
-3.69728
-3.69643
-3.69968
-3.70216
-3.70363
-3.70458
-3.70874
-3.70858
-3.70968
-3.70684
-3.70571
-3.7067
-3.70599
-3.70539
-3.70227
-3.70233
-3.70022
-3.697
-3.69525
-3.69667
-3.69849
-3.69727
-3.69787
-3.6978
-3.69838
-3.69873
-3.69937
-3.70151
-3.70504
-3.70759
-3.71013
-3.71127
-3.71171
-3.71273
-3.71082
-3.70494
-3.70314
-3.70129
-3.70161
-3.69983
-3.69816
-3.69499
-3.69496
-3.69273
-3.69552
-3.69749
-3.69683
-3.69609
-3.69893
-3.7013
-3.70488
-3.70422
-3.70371
-3.70157
-3.70238
-3.7004
-3.69836
-3.6934
-3.69453
-3.69764
-3.70027
-3.70252
-3.70509
-3.71008
-3.71203
-3.71005
-3.70945
-3.70858
-3.70765
-3.70667
-3.70326
-3.70311
-3.6999
-3.69832
-3.69705
-3.69858
-3.70001
-3.70235
-3.70402
-3.70405
-3.70285
-3.70045
-3.69812
-3.70077
-3.70053
-3.70233
-3.70063
-3.70182
-3.70224
-3.70303
-3.70367
-3.7052
-3.70741
-3.70661
-3.70476
-3.70456
-3.70165
-3.70001
-3.70052
-3.70405
-3.70276
-3.69984
-3.69881
-3.6986
-3.69813
-3.69747
-3.6977
-3.69854
-3.69713
-3.69714
-3.69715
-3.69802
-3.69984
-3.69834
-3.69872
-3.69767
-3.6972
-3.6981
-3.7
-3.69896
-3.6977
-3.69863
-3.69896
-3.69816
-3.69865
-3.69876
-3.69797
-3.70123
-3.70281
-3.7028
-3.70396
-3.70557
-3.70499
-3.70468
-3.70605
-3.70616
-3.70653
-3.707
-3.706
-3.70465
-3.70625
-3.70591
-3.70865
-3.71052
-3.70931
-3.70737
-3.70512
-3.69998
-3.69783
-3.69581
-3.69598
-3.69762
-3.6989
-3.70059
-3.70446
-3.70865
-3.711
-3.71489
-3.71691
-3.71468
-3.71355
-3.71328
-3.70946
-3.70942
-3.70767
-3.70644
-3.70622
-3.70563
-3.70536
-3.70708
-3.70574
-3.7045
-3.70086
-3.69981
-3.70015
-3.7026
-3.70256
-3.70124
-3.70263
-3.70347
-3.70364
-3.70565
-3.70811
-3.71147
-3.71301
-3.71281
-3.70963
-3.70825
-3.70327
-3.70072
-3.69987
-3.69909
-3.70265
-3.70267
-3.70184
-3.7014
-3.70056
-3.69866
-3.69623
-3.69642
-3.6959
-3.69769
-3.70241
-3.70537
-3.70768
-3.70665
-3.70565
-3.70556
-3.70337
-3.70236
-3.70033
-3.69644
-3.69724
-3.69837
-3.70003
-3.70062
-3.70199
-3.70187
-3.70235
-3.70217
-3.70395
-3.70434
-3.7049
-3.70659
-3.70669
-3.7057
-3.70521
-3.70177
-3.69897
-3.69625
-3.69845
-3.69978
-3.6999
-3.699
-3.70008
-3.69906
-3.69925
-3.69872
-3.70095
-3.70054
-3.70284
-3.70514
-3.7038
-3.70276
-3.70169
-3.70096
-3.70117
-3.70055
-3.6985
-3.69741
-3.69452
-3.69141
-3.69178
-3.6928
-3.69954
-3.70443
-3.707
-3.70949
-3.7085
-3.70488
-3.70523
-3.70495
-3.7044
-3.70817
-3.71106
-3.71432
-3.71296
-3.71369
-3.71441
-3.71264
-3.71005
-3.70721
-3.70714
-3.70512
-3.70405
-3.70305
-3.69856
-3.69666
-3.69782
-3.69881
-3.69748
-3.69973
-3.70295
-3.70249
-3.7017
-3.70177
-3.70204
-3.6985
-3.6965
-3.69642
-3.70077
-3.70065
-3.70163
-3.70143
-3.7018
-3.70057
-3.70223
-3.70264
-3.70258
-3.70563
-3.70787
-3.70611
-3.70478
-3.70115
-3.69669
-3.69565
-3.69523
-3.69665
-3.69548
-3.6957
-3.69878
-3.69955
-3.69918
-3.69797
-3.69965
-3.70088
-3.70311
-3.70563
-3.70519
-3.70293
-3.69783
-3.69623
-3.69819
-3.69768
-3.69947
-3.70183
-3.70226
-3.70092
-3.70158
-3.70294
-3.70437
-3.7033
-3.70192
-3.70207
-3.69946
-3.69759
-3.69639
-3.69497
-3.69534
-3.69993
-3.70317
-3.7073
-3.70824
-3.70967
-3.71029
-3.70743
-3.70658
-3.70783
-3.7038
-3.70245
-3.70049
-3.69771
-3.69568
-3.694
-3.6936
-3.69478
-3.69426
-3.69766
-3.70033
-3.70403
-3.70634
-3.70546
-3.70552
-3.70316
-3.70143
-3.69931
-3.69882
-3.6986
-3.70056
-3.70254
-3.70351
-3.70198
-3.7014
-3.7009
-3.6981
-3.69836
-3.70159
-3.7021
-3.70184
-3.70593
-3.70851
-3.71294
-3.71141
-3.71022
-3.70769
-3.70751
-3.70522
-3.70646
-3.70713
-3.70943
-3.70858
-3.70625
-3.70321
-3.7016
-3.70227
-3.7019
-3.70322
-3.70348
-3.70667
-3.71038
-3.71088
-3.71115
-3.70852
-3.70521
-3.70032
-3.69631
-3.69557
-3.69674
-3.69867
-3.7007
-3.70137
-3.7034
-3.70488
-3.70848
-3.70648
-3.70614
-3.70552
-3.70564
-3.70555
-3.70444
-3.70358
-3.70126
-3.69762
-3.69836
-3.69941
-3.70208
-3.70178
-3.70389
-3.70302
-3.70565
-3.70452
-3.70458
-3.70058
-3.70075
-3.69669
-3.69638
-3.69744
-3.70046
-3.70163
-3.70538
-3.70863
-3.70701
-3.70753
-3.70717
-3.7066
-3.70423
-3.70259
-3.70211
-3.69997
-3.69819
-3.69682
-3.69882
-3.7
-3.70132
-3.70203
-3.70343
-3.70348
-3.70573
-3.70455
-3.70635
-3.70402
-3.70177
-3.70117
-3.70031
-3.69879
-3.70004
-3.7021
-3.70263
-3.70338
-3.70111
-3.69908
-3.69758
-3.69559
-3.69614
-nan
-nan
-nan
-nan
-nan
-nan
-nan
-nan
-nan
-nan
-nan
-nan
-nan
-nan
-nan
-nan
-nan
-nan
-nan
-nan
-nan
-nan
-nan
-nan
-nan
-nan
-nan
-nan
-nan
-nan
-nan
-nan
-nan
-nan
-nan
-nan
-nan
-nan
-nan
-nan
-nan
-nan
-nan
-nan
-nan
-nan
-nan
-nan
-nan
-nan
-nan
-nan
-nan
-nan
-nan
-nan
-nan
-nan
-nan
-nan
-nan
-nan
-nan
-nan
-nan
-nan
-nan
-nan
-nan
-nan
-nan
-nan
-nan
-nan
-nan
-nan
-nan
-nan
-nan
-nan
-nan
-nan
-nan
-nan
-nan
-nan
-nan
-nan
-nan
-nan
-nan
-nan
-nan
-nan
-nan
-nan
-nan
-nan
-nan
-nan
-nan
-nan
-nan
-nan
-nan
-nan
-nan
-nan
-nan
-nan
-nan
-nan
-nan
-nan
-nan
-nan
-nan
-nan
-nan
-nan
-nan
-nan
-nan
-nan
-nan
-nan
-nan
-nan
-nan
-nan
-nan
-nan
-nan
-nan
-nan
-nan
-nan
-nan
-nan
-nan
-nan
-nan
-nan
-nan
-nan
-nan
-nan
-nan
-nan
-nan
-nan
-nan
-nan
-nan
-nan
-nan
-nan
-nan
-nan
-nan
-nan
-nan
-nan
-nan
-nan
-nan
-nan
-nan
-nan
-nan
-nan
-nan
-nan
-nan
-nan
-nan
-nan
-nan
-nan
-nan
-nan
-nan
-nan
-nan
-nan
-nan
-nan
-nan
-nan
-nan
-nan
-nan
-nan
-nan
-nan
-nan
-nan
-nan
-nan
-nan
-nan
-nan
-nan
-nan
-nan
-nan
-nan
-nan
-nan
-nan
-nan
-nan
-nan
-nan
-nan
-nan
-nan
-nan
-nan
-nan
-nan
-nan
-nan
-nan
-nan
-nan
-nan
-nan
-nan
-nan
-nan
-nan
-nan
-nan
-nan
-nan
-nan
-nan
-nan
-nan
-nan
-nan
-nan
-nan
-nan
-nan
-nan
-nan
-nan
-nan
-nan
-nan
-nan
-nan
-nan
-nan
-nan
-nan
-nan
-nan
-nan
-nan
-nan
-nan
-nan
-nan
-nan
-nan
-nan
-nan
-nan
-nan
-nan
-nan
-nan
-nan
-nan
-nan
-nan
-nan
-nan
-nan
-nan
-nan
-nan
-nan
-nan
-nan
-nan
-nan
-nan
-nan
-nan
-nan
-nan
-nan
-nan
-nan
-nan
-nan
-nan
-nan
-nan
-nan
-nan
-nan
-nan
-nan
-nan
-nan
-nan
-nan
-nan
-nan
-nan
-nan
-nan
-nan
-nan
-nan
-nan
-nan
-nan
-nan
-nan
-nan
-nan
-nan
-nan
-nan
-nan
-nan
-nan
-nan
-nan
-nan
-nan
-nan
-nan
-nan
-nan
-nan
-nan
-nan
-nan
-nan
-nan
-nan
-nan
-nan
-nan
-nan
-nan
-nan
-nan
-nan
-nan
-nan
-nan
-nan
-nan
-nan
-nan
-nan
-nan
-nan
-nan
-nan
-nan
-nan
-nan
-nan
-nan
-nan
-nan
-nan
-nan
-nan
-nan
-nan
-nan
-nan
-nan
-nan
-nan
-nan
-nan
-nan
-nan
-nan
-nan
-nan
-nan
-nan
-nan
-nan
-nan
-nan
-nan
-nan
-nan
-nan
-nan
-nan
-nan
-nan
-nan
-nan
-nan
-nan
-nan
-nan
-nan
-nan
-nan
-nan
-nan
-nan
-nan
-nan
-nan
-nan
-nan
-nan
-nan
-nan
-nan
-nan
-nan
-nan
-nan
-nan
-nan
-nan
-nan
-nan
-nan
-nan
-nan
-nan
-nan
-nan
-nan
-nan
-nan
-nan
-nan
-nan
-nan
-nan
-nan
-nan
-nan
-nan
-nan
-nan
-nan
-nan
-nan
-nan
-nan
-nan
-nan
-nan
-nan
-nan
-nan
-nan
-nan
-nan
-nan
-nan
-nan
-nan
-nan
-nan
-nan
-nan
-nan
-nan
-nan
-nan
-nan
-nan
-nan
-nan
-nan
-nan
-nan
-nan
-nan
-nan
-nan
-nan
-nan
-nan
-nan
-nan
-nan
-nan
-nan
-nan
-nan
-nan
-nan
-nan
-nan
-nan
-nan
-nan
-nan
-nan
-nan
-nan
-nan
-nan
-nan
-nan
-nan
-nan
-nan
-nan
-nan
-nan
-nan
-nan
-nan
-nan
-nan
-nan
-nan
-nan
-nan
-nan
-nan
-nan
-nan
-nan
-nan
-nan
-nan
-nan
-nan
-nan
-nan
-nan
-nan
-nan
-nan
-nan
-nan
-nan
-nan
-nan
-nan
-nan
-nan
-nan
-nan
-nan
-nan
-nan
-nan
-nan
-nan
-nan
-nan
-nan
-nan
-nan
-nan
-nan
-nan
-nan
-nan
-nan
-nan
-nan
-nan
-nan
-nan
-nan
-nan
-nan
-nan
-nan
-nan
-nan
-nan
-nan
-nan
-nan
-nan
-nan
-nan
-nan
-nan
-nan
-nan
-nan
-nan
-nan
-nan
-nan
-nan
-nan
-nan
-nan
-nan
-nan
-nan
-nan
-nan
-nan
-nan
-nan
-nan
-nan
-nan
-nan
-nan
-nan
-nan
-nan
-nan
-nan
-nan
-nan
-nan
-nan
-nan
-nan
-nan
-nan
-nan
-nan
-nan
-nan
-nan
-nan
-nan
-nan
-nan
-nan
-nan
-nan
-nan
-nan
-nan
-nan
-nan
-nan
-nan
-nan
-nan
-nan
-nan
-nan
-nan
-nan
-nan
-nan
-nan
-nan
-nan
-nan
-nan
-nan
-nan
-nan
-nan
-nan
-nan
-nan
-nan
-nan
-nan
-nan
-nan
-nan
-nan
-nan
-nan
-nan
-nan
-nan
-nan
-nan
-nan
-nan
-nan
-nan
-nan
-nan
-nan
-nan
-nan
-nan
-nan
-nan
-nan
-nan
-nan
-nan
-nan
-nan
-nan
-nan
-nan
-nan
-nan
-nan
-nan
-nan
-nan
-nan
-nan
-nan
-nan
-nan
-nan
-nan
-nan
-nan
-nan
-nan
-nan
-nan
-nan
-nan
-nan
-nan
-nan
-nan
-nan
-nan
-nan
-nan
-nan
-nan
-nan
-nan
-nan
-nan
-nan
-nan
-nan
-nan
-nan
-nan
-nan
-nan
-nan
-nan
-nan
-nan
-nan
-nan
-nan
-nan
-nan
-nan
-nan
-nan
-nan
-nan
-nan
-nan
-nan
-nan
-nan
-nan
-nan
-nan
-nan
-nan
-nan
-nan
-nan
-nan
-nan
-nan
-nan
-nan
-nan
-nan
-nan
-nan
-nan
-nan
-nan
-nan
-nan
-nan
-nan
-nan
-nan
-nan
-nan
-nan
-nan
-nan
-nan
-nan
-nan
-nan
-nan
-nan
-nan
-nan
-nan
-nan
-nan
-nan
-nan
-nan
-nan
-nan
-nan
-nan
-nan
-nan
-nan
-nan
-nan
-nan
-nan
-nan
-nan
-nan
-nan
-nan
-nan
-nan
-nan
-nan
-nan
-nan
-nan
-nan
-nan
-nan
-nan
-nan
-nan
-nan
-nan
-nan
-nan
-nan
-nan
-nan
-nan
-nan
-nan
-nan
-nan
-nan
-nan
-nan
-nan
-nan
-nan
-nan
-nan
-nan
-nan
-nan
-nan
-nan
-nan
-nan
-nan
-nan
-nan
-nan
-nan
-nan
-nan
-nan
-nan
-nan
-nan
-nan
-nan
-nan
-nan
-nan
-nan
-nan
-nan
-nan
-nan
-nan
-nan
-nan
-nan
-nan
-nan
-nan
-nan
-nan
-nan
-nan
-nan
-nan
-nan
-nan
-nan
-nan
-nan
-nan
-nan
-nan
-nan
-nan
-nan
-nan
-nan
-nan
-nan
-nan
-nan
-nan
-nan
-nan
-nan
-nan
-nan
-nan
-nan
-nan
-nan
-nan
-nan
-nan
-nan
-nan
-nan
-nan
-nan
-nan
-nan
-nan
-nan
-nan
-nan
-nan
-nan
-nan
-nan
-nan
-nan
-nan
-nan
-nan
-nan
-nan
-nan
-nan
-nan
-nan
-nan
-nan
-nan
-nan
-nan
-nan
-nan
-nan
-nan
-nan
-nan
-nan
-nan
-nan
-nan
-nan
-nan
-nan
-nan
-nan
-nan
-nan
-nan
-nan
-nan
-nan
-nan
-nan
-nan
-nan
-nan
-nan
-nan
-nan
-nan
-nan
-nan
-nan
-nan
-nan
-nan
-nan
-nan
-nan
-nan
-nan
-nan
-nan
-nan
-nan
-nan
-nan
-nan
-nan
-nan
-nan
-nan
-nan
-nan
-nan
-nan
-nan
-nan
-nan
-nan
-nan
-nan
-nan
-nan
-nan
-nan
-nan
-nan
-nan
-nan
-nan
-nan
-nan
-nan
-nan
-nan
-nan
-nan
-nan
-nan
-nan
-nan
-nan
-nan
-nan
-nan
-nan
-nan
-nan
-nan
-nan
-nan
-nan
-nan
-nan
-nan
-nan
-nan
-nan
-nan
-nan
-nan
-nan
-nan
-nan
-nan
-nan
-nan
-nan
-nan
-nan
-nan
-nan
-nan
-nan
-nan
-nan
-nan
-nan
-nan
-nan
-nan
-nan
-nan
-nan
-nan
-nan
-nan
-nan
-nan
-nan
-nan
-nan
-nan
-nan
-nan
-nan
-nan
-nan
-nan
-nan
-nan
-nan
-nan
-nan
-nan
-nan
-nan
-nan
-nan
-nan
-nan
-nan
-nan
-nan
-nan
-nan
-nan
-nan
-nan
-nan
-nan
-nan
-nan
-nan
-nan
-nan
-nan
-nan
-nan
-nan
-nan
-nan
-nan
-nan
-nan
-nan
-nan
-nan
-nan
-nan
-nan
-nan
-nan
-nan
-nan
-nan
-nan
-nan
-nan
-nan
-nan
-nan
-nan
-nan
-nan
-nan
-nan
-nan
-nan
-nan
-nan
-nan
-nan
-nan
-nan
-nan
-nan
-nan
-nan
-nan
-nan
-nan
-nan
-nan
-nan
-nan
-nan
-nan
-nan
-nan
-nan
-nan
-nan
-nan
-nan
-nan
-nan
-nan
-nan
-nan
-nan
-nan
-nan
-nan
-nan
-nan
-nan
-nan
-nan
-nan
-nan
-nan
-nan
-nan
-nan
-nan
-nan
-nan
-nan
-nan
-nan
-nan
-nan
-nan
-nan
-nan
-nan
-nan
-nan
-nan
-nan
-nan
-nan
-nan
-nan
-nan
-nan
-nan
-nan
-nan
-nan
-nan
-nan
-nan
-nan
-nan
-nan
-nan
-nan
-nan
-nan
-nan
-nan
-nan
-nan
-nan
-nan
-nan
-nan
-nan
-nan
-nan
-nan
-nan
-nan
-nan
-nan
-nan
-nan
-nan
-nan
-nan
-nan
-nan
-nan
-nan
-nan
-nan
-nan
-nan
-nan
-nan
-nan
-nan
-nan
-nan
-nan
-nan
-nan
-nan
-nan
-nan
-nan
-nan
-nan
-nan
-nan
-nan
-nan
-nan
-nan
-nan
-nan
-nan
-nan
-nan
-nan
-nan
-nan
-nan
-nan
-nan
-nan
-nan
-nan
-nan
-nan
-nan
-nan
-nan
-nan
-nan
-nan
-nan
-nan
-nan
-nan
-nan
-nan
-nan
-nan
-nan
-nan
-nan
-nan
-nan
-nan
-nan
-nan
-nan
-nan
-nan
-nan
-nan
-nan
-nan
-nan
-nan
-nan
-nan
-nan
-nan
-nan
-nan
-nan
-nan
-nan
-nan
-nan
-nan
-nan
-nan
-nan
-nan
-nan
-nan
-nan
-nan
-nan
-nan
-nan
-nan
-nan
-nan
-nan
-nan
-nan
-nan
-nan
-nan
-nan
-nan
-nan
-nan
-nan
-nan
-nan
-nan
-nan
-nan
-nan
-nan
-nan
-nan
-nan
-nan
-nan
-nan
-nan
-nan
-nan
-nan
-nan
-nan
-nan
-nan
-nan
-nan
-nan
-nan
-nan
-nan
-nan
-nan
-nan
-nan
-nan
-nan
-nan
-nan
-nan
-nan
-nan
-nan
-nan
-nan
-nan
-nan
-nan
-nan
-nan
-nan
-nan
-nan
-nan
-nan
-nan
-nan
-nan
-nan
-nan
-nan
-nan
-nan
-nan
-nan
-nan
-nan
-nan
-nan
-nan
-nan
-nan
-nan
-nan
-nan
-nan
-nan
-nan
-nan
-nan
-nan
-nan
-nan
-nan
-nan
-nan
-nan
-nan
-nan
-nan
-nan
-nan
-nan
-nan
-nan
-nan
-nan
-nan
-nan
-nan
-nan
-nan
-nan
-nan
-nan
-nan
-nan
-nan
-nan
-nan
-nan
-nan
-nan
-nan
-nan
-nan
-nan
-nan
-nan
-nan
-nan
-nan
-nan
-nan
-nan
-nan
-nan
-nan
-nan
-nan
-nan
-nan
-nan
-nan
-nan
-nan
-nan
-nan
-nan
-nan
-3.90339
-3.90186
-3.90121
-3.89945
-3.89912
-3.89925
-3.89913
-3.90011
-3.89968
-3.90257
-3.90548
-3.904
-3.90599
-3.90623
-3.90561
-3.90615
-3.90663
-3.90794
-3.90696
-3.90684
-3.90551
-3.90389
-3.90395
-3.90628
-3.90953
-3.91017
-3.91024
-3.90929
-3.90688
-3.90481
-3.90095
-3.89804
-3.8946
-3.89431
-3.89634
-3.8998
-3.90264
-3.90467
-3.90803
-3.90803
-3.91028
-3.91033
-3.90851
-3.90629
-3.90286
-3.90012
-3.90052
-3.89799
-3.89646
-3.89488
-3.89534
-3.89944
-3.90108
-3.90237
-3.90619
-3.90762
-3.90686
-3.90792
-3.90812
-3.91025
-3.91208
-3.9128
-3.90963
-3.90901
-3.90784
-3.90695
-3.90676
-3.90277
-3.90374
-3.90298
-3.9039
-3.90469
-3.90397
-3.90558
-3.90588
-3.90614
-3.90339
-3.90431
-3.90186
-3.89746
-3.89763
-3.90013
-3.90174
-3.90331
-3.90494
-3.90866
-3.90615
-3.90357
-3.9009
-3.89874
-3.89465
-3.89144
-3.89296
-3.89032
-3.89437
-3.89707
-3.89898
-3.90031
-3.90349
-3.9054
-3.90578
-3.90323
-3.90117
-3.90042
-3.89764
-3.89563
-3.89441
-3.89823
-3.90048
-3.8998
-3.89639
-3.89861
-3.89966
-3.89961
-3.90124
-3.90308
-3.90242
-3.90218
-3.90186
-3.90172
-3.90134
-3.90098
-3.90285
-3.90355
-3.90169
-3.9001
-3.89763
-3.89795
-3.89551
-3.89496
-3.89643
-3.89877
-3.89995
-3.90376
-3.90702
-3.90605
-3.90325
-3.9026
-3.90111
-3.90194
-3.8982
-3.90006
-3.89914
-3.89668
-3.89717
-3.89605
-3.89548
-3.8969
-3.89934
-3.90399
-3.90556
-3.90776
-3.91111
-3.91066
-3.90988
-3.90778
-3.90196
-3.8995
-3.89638
-3.89533
-3.89719
-3.89594
-3.89537
-3.89776
-3.89715
-3.89968
-3.90013
-3.89964
-3.90044
-3.90004
-3.90211
-3.90625
-3.90731
-3.91187
-3.9137
-3.91315
-3.90854
-3.90762
-3.90632
-3.90467
-3.90503
-3.905
-3.90318
-3.9036
-3.90228
-3.9012
-3.90182
-3.89996
-3.90143
-3.90147
-3.90249
-3.90105
-3.90281
-3.90491
-3.90651
-3.90868
-3.90981
-3.91021
-3.90804
-3.90851
-3.90654
-3.90656
-3.90868
-3.90771
-3.90561
-3.90778
-3.90664
-3.90485
-3.90227
-3.90283
-3.90395
-3.90534
-3.9076
-3.90511
-3.9056
-3.90662
-3.90527
-3.90537
-3.9045
-3.90379
-3.90483
-3.90601
-3.90666
-3.9076
-3.907
-3.90569
-3.9069
-3.90682
-3.90623
-3.90514
-3.90328
-3.90169
-3.90031
-3.89736
-3.90049
-3.90339
-3.90436
-3.90691
-3.91117
-3.91317
-3.91389
-3.91526
-3.91018
-3.90441
-3.90047
-3.90096
-3.90026
-3.89887
-3.89712
-3.89956
-3.89793
-3.8961
-3.89575
-3.89526
-3.89816
-3.8994
-3.90104
-3.90375
-3.90316
-3.90512
-3.90652
-3.90797
-3.90516
-3.90586
-3.90265
-3.90401
-3.9026
-3.9003
-3.89962
-3.9012
-3.903
-3.903
-3.90574
-3.90547
-3.90717
-3.90689
-3.90423
-3.90232
-3.90264
-3.90195
-3.90195
-3.90102
-3.9019
-3.90084
-3.90062
-3.90096
-3.90062
-3.89786
-3.89752
-3.89954
-3.90333
-3.90215
-3.90388
-3.90475
-3.90592
-3.90747
-3.90931
-3.91062
-3.91152
-3.9119
-3.91097
-3.90833
-3.90333
-3.90278
-3.90048
-3.89763
-3.89408
-3.89482
-3.89636
-3.89649
-3.89778
-3.90017
-3.90365
-3.90482
-3.90733
-3.90899
-3.91242
-3.91341
-3.91373
-3.91477
-3.91335
-3.91149
-3.90881
-3.90619
-3.9062
-3.90452
-3.90059
-3.89615
-3.89408
-3.89316
-3.89534
-3.89673
-3.89695
-3.90126
-3.90179
-3.90197
-3.90437
-3.9071
-3.90783
-3.90939
-3.90913
-3.90613
-3.90766
-3.9066
-3.90588
-3.90576
-3.90499
-3.90618
-3.90633
-3.90998
-3.91254
-3.91176
-3.91123
-3.9078
-3.90721
-3.90429
-3.9003
-3.90112
-3.90105
-3.90216
-3.90397
-3.90469
-3.90668
-3.90654
-3.90438
-3.90349
-3.90061
-3.90091
-3.89706
-3.90013
-3.90296
-3.90209
-3.90381
-3.90528
-3.90645
-3.90618
-3.90674
-3.90902
-3.90775
-3.90475
-3.90337
-3.90349
-3.90373
-3.90425
-3.90451
-3.90372
-3.90598
-3.9074
-3.90982
-3.91149
-3.9111
-3.90949
-3.90867
-3.9063
-3.90822
-3.90848
-3.90521
-3.90475
-3.90534
-3.90876
-3.91148
-3.9145
-3.91696
-3.9196
-3.92038
-3.91813
-3.91339
-3.91146
-3.90952
-3.907
-3.90505
-3.90239
-3.90071
-3.89974
-3.90054
-3.90367
-3.90464
-3.90474
-3.90622
-3.90713
-3.9077
-3.90981
-3.90944
-3.91169
-3.91174
-3.91269
-3.9109
-3.9085
-3.90598
-3.90603
-3.90531
-3.90412
-3.90523
-3.9068
-3.90732
-3.90693
-3.90496
-3.90243
-3.90175
-3.90157
-3.90119
-3.90176
-3.90335
-3.90558
-3.90773
-3.90907
-3.90752
-3.90664
-3.90356
-3.90104
-3.89793
-3.8966
-3.89813
-3.8998
-3.90116
-3.90317
-3.90295
-3.90648
-3.91038
-3.9124
-3.91466
-3.91572
-3.91351
-3.9101
-3.90658
-3.90357
-3.9009
-3.89923
-3.89859
-3.89765
-3.89861
-3.89875
-3.89834
-3.90069
-3.90101
-3.9038
-3.90538
-3.9066
-3.90735
-3.90794
-3.9088
-3.90927
-3.91069
-3.91089
-3.91094
-3.90837
-3.90778
-3.90833
-3.90689
-3.9057
-3.90511
-3.90578
-3.90543
-3.90317
-3.90227
-3.90471
-3.90884
-3.9108
-3.91066
-3.90853
-3.9069
-3.9057
-3.90417
-3.90319
-3.90057
-3.89979
-3.89972
-3.89897
-3.89682
-3.89682
-3.90258
-3.90662
-3.91107
-3.91338
-3.91673
-3.91558
-3.91097
-3.90852
-3.90368
-3.90193
-3.90188
-3.90178
-3.90188
-3.90241
-3.90173
-3.90459
-3.90845
-3.91064
-3.91067
-3.91038
-3.91057
-3.90915
-3.90673
-3.90277
-3.90259
-3.90271
-3.90317
-3.90364
-3.90233
-3.90275
-3.90246
-3.90669
-3.90853
-3.90847
-3.90803
-3.90491
-3.90299
-3.90038
-3.89936
-3.89742
-3.89817
-3.89861
-3.90095
-3.90199
-3.90347
-3.90391
-3.90442
-3.90404
-3.90442
-3.90522
-3.90574
-3.90484
-3.90398
-3.90584
-3.90522
-3.9074
-3.90824
-3.90769
-3.90839
-3.90874
-3.9063
-3.90608
-3.90713
-3.90733
-3.90747
-3.90612
-3.90608
-3.90405
-3.90472
-3.90631
-3.90498
-3.90697
-3.90654
-3.90882
-3.9064
-3.90741
-3.90532
-3.90564
-3.90575
-3.90286
-3.90338
-3.90342
-3.9034
-3.90255
-3.90384
-3.90334
-3.90402
-3.90372
-3.90409
-3.90119
-3.90293
-3.90339
-3.90273
-3.90234
-3.90329
-3.90435
-3.90577
-3.9063
-3.90746
-3.90644
-3.90564
-3.90376
-3.90198
-3.90055
-3.89971
-3.8987
-3.89733
-3.89813
-3.89959
-3.90077
-3.9027
-3.90519
-3.90578
-3.90507
-3.90521
-3.9057
-3.90496
-3.90491
-3.90418
-3.90341
-3.90232
-3.90453
-3.90426
-3.9034
-3.9029
-3.90144
-3.90037
-3.89996
-3.90006
-3.89831
-3.89837
-3.89871
-3.89885
-3.90126
-3.90244
-3.90495
-3.90842
-3.90887
-3.90924
-3.90996
-3.90862
-3.90871
-3.90444
-3.9026
-3.90121
-3.90084
-3.89762
-3.89498
-3.89404
-3.89442
-3.89354
-3.89336
-3.89412
-3.8922
-3.89154
-3.89327
-3.89436
-3.89689
-3.89748
-3.89838
-3.90028
-3.90314
-3.90487
-3.90621
-3.90628
-3.9047
-3.90509
-3.90377
-3.90293
-3.90102
-3.90046
-3.89976
-3.89949
-3.90009
-3.90381
-3.90852
-3.90676
-3.90961
-3.90777
-3.90572
-3.9044
-3.90211
-3.90047
-3.8974
-3.89561
-3.89425
-3.89487
-3.89726
-3.90006
-3.90273
-3.90657
-3.90958
-3.91186
-3.91105
-3.91312
-3.91337
-3.90993
-3.90481
-3.90066
-3.89812
-3.89782
-3.89738
-3.89936
-3.90094
-3.90527
-3.90646
-3.91085
-3.90772
-3.90576
-3.90336
-3.90354
-3.90299
-3.90692
-3.90894
-3.90953
-3.90824
-3.90652
-3.90697
-3.90835
-3.90606
-3.90686
-3.90423
-3.90329
-3.9019
-3.90039
-3.89916
-3.89809
-3.89994
-3.89907
-3.89756
-3.89999
-3.89766
-3.89873
-3.89825
-3.89754
-3.90127
-3.90222
-3.90146
-3.90289
-3.90304
-3.90441
-3.90511
-3.90433
-3.90634
-3.90553
-3.90712
-3.9055
-3.90252
-3.90124
-3.90177
-3.9006
-3.90217
-3.90286
-3.90182
-3.90254
-3.90396
-3.90529
-3.90308
-3.90202
-3.90058
-3.90013
-3.90211
-3.9001
-3.89972
-3.89846
-3.8994
-3.90145
-3.90042
-3.90175
-3.89993
-3.89878
-3.8983
-3.89943
-3.89937
-3.90034
-3.90125
-3.90323
-3.90441
-3.90422
-3.90441
-3.90591
-3.90467
-3.9058
-3.90441
-3.90304
-3.90257
-3.9024
-3.90017
-3.90015
-3.90008
-3.90127
-3.90187
-3.90198
-3.90101
-3.90166
-3.90171
-3.90051
-3.89996
-3.90144
-3.90271
-3.90456
-3.90548
-3.9051
-3.90718
-3.90881
-3.91159
-3.90996
-3.90717
-3.90539
-3.90297
-3.89921
-3.89939
-3.90141
-3.90339
-3.9066
-3.90891
-3.91005
-3.90956
-3.90896
-3.9076
-3.90509
-3.9077
-3.90446
-3.90249
-3.9018
-3.89864
-3.90122
-3.90044
-3.90192
-3.90289
-3.90464
-3.90533
-3.90542
-3.90292
-3.90405
-3.90557
-3.90638
-3.90994
-3.91136
-3.91294
-3.90994
-3.90588
-3.90404
-3.90222
-3.89984
-3.89797
-3.8949
-3.89715
-3.89813
-3.89839
-3.89896
-3.89947
-3.89998
-3.90257
-3.90277
-3.90388
-3.90229
-3.90194
-3.90128
-3.90056
-3.90395
-3.90715
-3.90767
-3.90664
-3.90587
-3.90315
-3.90182
-3.90213
-3.90165
-3.90211
-3.89996
-3.90093
-3.90433
-3.90456
-3.905
-3.90544
-3.90514
-3.90497
-3.90575
-3.90897
-3.90963
-3.90989
-3.9116
-3.91058
-3.90906
-3.91077
-3.90947
-3.91061
-3.90734
-3.90348
-3.9015
-3.90079
-3.90162
-3.90071
-3.90062
-3.90042
-3.90168
-3.9061
-3.90783
-3.90738
-3.90896
-3.90931
-3.9093
-3.90993
-3.90853
-3.90749
-3.90583
-3.90482
-3.90356
-3.90339
-3.90145
-3.89621
-3.89819
-3.89913
-3.90011
-3.9012
-3.90174
-3.90013
-3.90133
-3.90268
-3.89952
-3.89882
-3.89993
-3.89937
-3.89737
-3.89822
-3.89998
-3.90312
-3.90212
-3.90135
-3.90386
-3.90321
-3.90479
-3.90487
-3.90627
-3.90496
-3.90396
-3.90129
-3.90197
-3.90232
-3.90188
-3.89943
-3.8986
-3.89952
-3.90034
-3.89931
-3.89949
-3.89927
-3.89933
-3.90091
-3.90227
-3.90366
-3.90856
-3.91156
-3.91079
-3.91453
-3.91372
-3.91186
-3.91212
-3.91235
-3.91263
-3.91217
-3.91131
-3.91123
-3.91159
-3.90963
-3.90969
-3.90948
-3.90664
-3.90736
-3.90462
-3.90472
-3.90324
-3.90432
-3.90452
-3.9081
-3.90745
-3.90602
-3.90644
-3.90676
-3.90843
-3.90893
-3.90991
-3.91056
-3.90872
-3.90645
-3.9052
-3.90297
-3.90269
-3.90354
-3.68647
-3.68675
-3.6874
-3.68945
-3.6888
-3.69003
-3.69051
-3.69045
-3.68858
-3.68883
-3.69031
-3.69155
-3.68888
-3.69084
-3.68953
-3.68715
-3.68598
-3.6861
-3.68549
-3.68531
-3.68568
-3.68561
-3.68484
-3.68368
-3.68295
-3.68306
-3.68455
-3.68724
-3.68865
-3.69061
-3.69293
-3.69589
-3.69592
-3.69411
-3.69281
-3.68867
-3.68502
-3.68107
-3.67719
-3.67545
-3.67633
-3.67726
-3.67954
-3.68054
-3.68785
-3.6889
-3.68945
-3.69087
-3.68915
-3.68552
-3.68692
-3.68325
-3.68085
-3.67982
-3.68053
-3.67737
-3.67718
-3.67771
-3.68027
-3.68344
-3.6877
-3.69074
-3.69308
-3.69168
-3.69099
-3.69234
-3.69108
-3.69187
-3.68776
-3.68731
-3.68194
-3.67855
-3.67612
-3.67924
-3.68273
-3.68532
-3.68977
-3.69318
-3.69202
-3.69395
-3.69377
-3.69482
-3.69188
-3.68981
-3.68446
-3.68387
-3.68285
-3.68174
-3.68191
-3.68322
-3.6831
-3.68286
-3.68258
-3.6835
-3.6851
-3.68818
-3.69122
-3.69287
-3.69299
-3.69323
-3.69276
-3.69034
-3.68731
-3.68578
-3.68368
-3.6838
-3.68248
-3.68219
-3.67869
-3.68219
-3.68375
-3.68534
-3.68502
-3.68431
-3.68466
-3.68717
-3.68896
-3.68908
-3.68903
-3.69032
-3.6918
-3.68969
-3.68934
-3.6874
-3.68829
-3.68614
-3.68399
-3.68231
-3.68258
-3.68056
-3.6792
-3.68154
-3.6848
-3.68577
-3.68949
-3.69016
-3.69313
-3.69203
-3.69281
-3.69283
-3.6903
-3.68856
-3.68489
-3.68442
-3.68244
-3.68148
-3.68282
-3.68386
-3.6859
-3.68715
-3.68752
-3.68895
-3.68948
-3.68998
-3.68945
-3.6879
-3.68748
-3.68668
-3.68555
-3.6822
-3.68055
-3.68023
-3.68553
-3.6879
-3.69094
-3.69529
-3.69405
-3.69151
-3.687
-3.68457
-3.68443
-3.67924
-3.67823
-3.67561
-3.67671
-3.68189
-3.68278
-3.68558
-3.68796
-3.6882
-3.69033
-3.6872
-3.68793
-3.68826
-3.68939
-3.69069
-3.68747
-3.68724
-3.68607
-3.68306
-3.6834
-3.68426
-3.68425
-3.68372
-3.68367
-3.68292
-3.67857
-3.67624
-3.67567
-3.67663
-3.68013
-3.68415
-3.6863
-3.68861
-3.69252
-3.692
-3.68948
-3.68678
-3.68425
-3.6823
-3.68312
-3.68309
-3.6853
-3.6851
-3.68587
-3.68453
-3.68279
-3.68232
-3.68196
-3.68675
-3.68616
-3.68337
-3.68387
-3.68487
-3.68731
-3.69003
-3.69034
-3.69351
-3.69186
-3.69082
-3.68965
-3.68833
-3.68625
-3.68467
-3.68379
-3.68131
-3.68395
-3.68672
-3.68972
-3.69361
-3.69338
-3.69102
-3.68899
-3.68462
-3.68352
-3.68242
-3.68042
-3.6787
-3.67888
-3.67674
-3.67726
-3.67744
-3.67829
-3.68065
-3.67928
-3.67806
-3.67904
-3.6798
-3.68073
-3.67966
-3.68016
-3.68194
-3.68405
-3.68797
-3.68745
-3.68871
-3.69019
-3.68823
-3.68942
-3.68627
-3.68543
-3.68304
-3.6853
-3.68442
-3.68646
-3.68447
-3.68603
-3.68604
-3.68826
-3.69032
-3.68959
-3.6907
-3.68933
-3.6861
-3.68737
-3.68718
-3.68851
-3.68835
-3.68892
-3.69187
-3.69306
-3.68987
-3.69076
-3.68911
-3.68746
-3.68274
-3.67993
-3.67832
-3.67486
-3.67431
-3.67375
-3.67283
-3.67538
-3.67839
-3.68116
-3.68209
-3.68317
-3.68635
-3.68939
-3.6908
-3.69232
-3.69144
-3.69075
-3.69057
-3.68713
-3.68718
-3.68496
-3.68328
-3.68026
-3.67775
-3.67797
-3.67832
-3.67837
-3.67845
-3.67855
-3.67986
-3.67964
-3.68317
-3.68318
-3.68302
-3.68612
-3.68764
-3.68809
-3.6922
-3.6913
-3.69088
-3.69003
-3.68998
-3.68975
-3.69293
-3.69398
-3.69119
-3.68878
-3.68373
-3.68317
-3.68274
-3.68381
-3.68358
-3.68411
-3.68609
-3.69035
-3.68953
-3.69388
-3.69466
-3.69423
-3.69394
-3.69111
-3.69025
-3.68588
-3.68188
-3.67981
-3.68065
-3.68383
-3.68349
-3.6836
-3.68319
-3.6838
-3.6826
-3.68349
-3.68552
-3.6888
-3.69183
-3.6937
-3.6918
-3.69134
-3.68883
-3.68655
-3.68708
-3.68693
-3.68613
-3.68573
-3.68923
-3.6894
-3.68879
-3.6891
-3.68734
-3.68794
-3.68658
-3.6839
-3.68373
-3.68542
-3.68447
-3.68492
-3.68447
-3.68356
-3.68302
-3.68206
-3.68242
-3.68252
-3.68423
-3.68838
-3.68598
-3.6875
-3.68825
-3.69043
-3.68942
-3.68783
-3.68679
-3.68661
-3.68312
-3.68123
-3.68054
-3.68329
-3.68338
-3.68591
-3.68705
-3.68896
-3.69124
-3.69106
-3.68723
-3.68535
-3.6852
-3.68397
-3.68475
-3.68386
-3.6853
-3.6825
-3.68179
-3.68226
-3.68605
-3.68863
-3.6889
-3.68779
-3.68677
-3.68501
-3.68278
-3.68033
-3.6797
-3.68075
-3.68177
-3.68193
-3.68403
-3.68374
-3.68228
-3.68243
-3.68335
-3.68531
-3.68498
-3.68475
-3.6832
-3.68403
-3.68491
-3.68491
-3.68837
-3.68939
-3.69117
-3.69037
-3.69057
-3.68845
-3.68899
-3.68824
-3.68685
-3.68661
-3.68753
-3.68539
-3.68597
-3.68535
-3.68618
-3.68243
-3.68006
-3.68007
-3.67874
-3.67825
-3.68271
-3.68244
-3.68238
-3.68178
-3.68194
-3.67897
-3.67825
-3.68022
-3.67967
-3.6817
-3.68234
-3.68597
-3.68694
-3.68773
-3.6866
-3.68756
-3.68716
-3.68689
-3.68645
-3.68563
-3.68594
-3.68761
-3.68691
-3.69028
-3.69141
-3.69204
-3.68905
-3.68716
-3.68576
-3.68355
-3.68074
-3.68028
-3.68157
-3.68118
-3.68323
-3.68524
-3.68544
-3.68562
-3.68481
-3.68479
-3.68305
-3.68511
-3.68473
-3.68768
-3.6883
-3.69074
-3.69218
-3.69096
-3.68679
-3.68465
-3.68075
-3.68006
-3.67758
-3.68053
-3.68165
-3.68272
-3.68365
-3.68781
-3.68905
-3.68893
-3.69122
-3.69105
-3.69102
-3.68853
-3.68662
-3.6857
-3.68317
-3.68109
-3.68271
-3.68369
-3.6808
-3.68075
-3.6814
-3.68243
-3.68377
-3.68421
-3.68441
-3.68436
-3.68749
-3.68795
-3.68974
-3.68853
-3.68856
-3.68734
-3.68541
-3.68241
-3.68384
-3.68101
-3.68038
-3.67981
-3.68161
-3.68322
-3.68521
-3.68717
-3.6872
-3.68817
-3.68484
-3.68297
-3.68187
-3.6816
-3.68058
-3.67889
-3.68031
-3.67819
-3.67794
-3.67989
-3.68141
-3.68095
-3.68156
-3.68033
-3.68148
-3.68035
-3.68495
-3.68907
-3.69006
-3.68949
-3.68911
-3.68787
-3.68414
-3.68376
-3.68175
-3.68215
-3.68321
-3.68486
-3.68603
-3.6856
-3.68725
-3.68631
-3.68852
-3.68594
-3.68712
-3.68653
-3.68751
-3.6875
-3.68398
-3.68285
-3.68437
-3.68444
-3.68973
-3.68815
-3.68876
-3.69
-3.68646
-3.68589
-3.68108
-3.67882
-3.6796
-3.67884
-3.67833
-3.68215
-3.68546
-3.68728
-3.68741
-3.6879
-3.68847
-3.68732
-3.68762
-3.68615
-3.68576
-3.68736
-3.68885
-3.68833
-3.68842
-3.68853
-3.69056
-3.69018
-3.69017
-3.68918
-3.6894
-3.68896
-3.68859
-3.69029
-3.69051
-3.69204
-3.6934
-3.69321
-3.69158
-3.68974
-3.68695
-3.68597
-3.6822
-3.68179
-3.68279
-3.68242
-3.68151
-3.68246
-3.68137
-3.67833
-3.67998
-3.68106
-3.68302
-3.68229
-3.68425
-3.68634
-3.68736
-3.68849
-3.69014
-3.69224
-3.69328
-3.6938
-3.6905
-3.6881
-3.68453
-3.68352
-3.67969
-3.67586
-3.6761
-3.6747
-3.67812
-3.68149
-3.68183
-3.68385
-3.68396
-3.68477
-3.68381
-3.68524
-3.68317
-3.68298
-3.68329
-3.6824
-3.68168
-3.68403
-3.68585
-3.68841
-3.6897
-3.69023
-3.68738
-3.68661
-3.68465
-3.68491
-3.68256
-3.68145
-3.68293
-3.68205
-3.68328
-3.68483
-3.68839
-3.68865
-3.69049
-3.69221
-3.69333
-3.69277
-3.69343
-3.69145
-3.69004
-3.68675
-3.68145
-3.67859
-3.67515
-3.6757
-3.67557
-3.68041
-3.6834
-3.68437
-3.68355
-3.68271
-3.6836
-3.68314
-3.68196
-3.67937
-3.67793
-3.67859
-3.68123
-3.68434
-3.68255
-3.68486
-3.68411
-3.68752
-3.68661
-3.68503
-3.6864
-3.6861
-3.68358
-3.68208
-3.6828
-3.68307
-3.68259
-3.68195
-3.68151
-3.68171
-3.68226
-3.68135
-3.68318
-3.68353
-3.6827
-3.684
-3.68175
-3.68275
-3.68138
-3.68491
-3.68753
-3.69064
-3.69251
-3.6944
-3.69399
-3.69188
-3.68993
-3.68829
-3.6861
-3.68521
-3.68602
-3.68655
-3.68716
-3.68644
-3.68599
-3.68615
-3.68601
-3.6853
-3.68595
-3.68796
-3.68716
-3.68864
-3.68928
-3.69097
-3.69322
-3.69021
-3.68819
-3.68751
-3.68824
-3.68693
-3.68517
-3.68424
-3.68121
-3.67899
-3.68019
-3.68226
-3.68409
-3.6845
-3.68197
-3.68205
-3.67936
-3.68361
-3.68485
-3.69005
-3.69094
-3.69295
-3.69215
-3.68965
-3.68703
-3.6869
-3.68303
-3.67755
-3.67252
-3.66989
-3.67215
-3.67554
-3.6806
-3.68593
-3.68898
-3.68896
-3.69092
-3.69115
-3.6905
-3.68829
-3.68556
-3.68111
-3.68233
-3.68164
-3.68329
-3.68447
-3.68452
-3.68342
-3.6849
-3.68702
-3.6852
-3.68598
-3.68424
-3.68173
-3.68046
-3.68044
-3.68134
-3.6835
-3.68392
-3.68462
-3.68353
-3.68316
-3.68486
-3.68669
-3.68698
-3.68819
-3.68852
-3.68767
-3.68704
-3.68255
-3.68186
-3.67992
-3.68086
-3.68142
-3.68361
-3.6858
-3.68666
-3.68747
-3.68816
-3.69024
-3.68854
-3.68716
-3.68569
-3.68285
-3.6791
-3.67893
-3.67885
-3.67979
-3.68084
-3.68221
-3.68437
-3.68786
-3.68927
-3.69112
-3.68979
-3.68776
-3.68731
-3.68263
-3.68082
-3.6786
-3.67936
-3.6785
-3.67753
-3.6789
-3.67857
-3.68003
-3.68091
-3.68042
-3.68199
-3.68662
-3.68976
-3.69073
-3.68908
-3.68732
-3.68688
-3.68411
-3.68254
-3.68157
-3.68027
-3.68321
-3.68567
-3.68784
-3.68971
-3.69026
-3.69132
-3.68929
-3.69218
-3.69007
-3.68827
-3.68924
-3.68831
-3.68993
-3.69307
-3.6956
-3.69699
-3.69731
-3.69482
-3.69219
-3.69196
-3.69167
-3.6874
-3.68742
-3.68655
-3.68189
-3.68273
-3.68243
-3.68321
-3.68635
-3.68813
-3.68859
-3.69048
-3.69183
-3.69127
-3.68939
-3.68693
-3.68344
-3.68217
-3.68118
-3.68044
-3.68315
-3.68395
-3.68521
-3.6856
-3.68579
-3.68585
-3.68551
-3.6852
-3.68363
-3.67994
-3.6811
-3.68064
-3.68131
-3.68329
-3.68324
-3.68475
-3.68545
-3.68519
-3.68619
-3.68979
-3.69017
-3.69063
-3.6894
-3.68905
-3.68579
-3.68509
-3.68374
-3.68245
-3.68464
-3.68474
-3.682
-3.68161
-3.6791
-3.67671
-3.67723
-3.67959
-3.68061
-3.68245
-3.68664
-3.68754
-3.68906
-3.68943
-3.68989
-3.68818
-3.68774
-3.68514
-3.6841
-3.68166
-3.68008
-3.68068
-3.67841
-3.67928
-3.68512
-3.68816
-3.7439
-3.7454
-3.74472
-3.74217
-3.74194
-3.73942
-3.73682
-3.73689
-3.73887
-3.74218
-3.74251
-3.74033
-3.74076
-3.74208
-3.74021
-3.74171
-3.74331
-3.74311
-3.74378
-3.7445
-3.74419
-3.74363
-3.74364
-3.74204
-3.74177
-3.74003
-3.73741
-3.73491
-3.73381
-3.73322
-3.73566
-3.73569
-3.74083
-3.74395
-3.74484
-3.74435
-3.74385
-3.73974
-3.73768
-3.73426
-3.73301
-3.73556
-3.73885
-3.74097
-3.74513
-3.74804
-3.74911
-3.75103
-3.75081
-3.74897
-3.74725
-3.74484
-3.74588
-3.74629
-3.74727
-3.74345
-3.73902
-3.73751
-3.736
-3.73821
-3.74099
-3.73976
-3.73969
-3.7413
-3.74345
-3.7428
-3.74145
-3.74136
-3.74083
-3.74158
-3.74191
-3.74257
-3.74186
-3.73947
-3.7388
-3.73701
-3.73774
-3.73959
-3.74199
-3.74182
-3.74284
-3.7423
-3.7441
-3.74387
-3.74192
-3.74
-3.74085
-3.74241
-3.74456
-3.74433
-3.74444
-3.74269
-3.74012
-3.7375
-3.73731
-3.73709
-3.73924
-3.73853
-3.74044
-3.74372
-3.74718
-3.74616
-3.74678
-3.74619
-3.74558
-3.74485
-3.74355
-3.74339
-3.74106
-3.74107
-3.73987
-3.73827
-3.74044
-3.74149
-3.74263
-3.74342
-3.7446
-3.74396
-3.7437
-3.74482
-3.74294
-3.74104
-3.7439
-3.74455
-3.74643
-3.74902
-3.75036
-3.75072
-3.74939
-3.74619
-3.74339
-3.74286
-3.73997
-3.7388
-3.73721
-3.7346
-3.73352
-3.73486
-3.73519
-3.73491
-3.73804
-3.74099
-3.74073
-3.74318
-3.74231
-3.74317
-3.74303
-3.74055
-3.73591
-3.73521
-3.7364
-3.7363
-3.73789
-3.73903
-3.73944
-3.74149
-3.74282
-3.74335
-3.74334
-3.74155
-3.73648
-3.73518
-3.73727
-3.73507
-3.73902
-3.74003
-3.74023
-3.74318
-3.74525
-3.74519
-3.74498
-3.74671
-3.74685
-3.74552
-3.74113
-3.73631
-3.73394
-3.73356
-3.73177
-3.73093
-3.73418
-3.73458
-3.74184
-3.7444
-3.74769
-3.74785
-3.74816
-3.74804
-3.7456
-3.74564
-3.74394
-3.74272
-3.73869
-3.73662
-3.73545
-3.73663
-3.73998
-3.74161
-3.74204
-3.74311
-3.74289
-3.74555
-3.74335
-3.73986
-3.73926
-3.73977
-3.73844
-3.73786
-3.73881
-3.7401
-3.74087
-3.74258
-3.74254
-3.74386
-3.74551
-3.74483
-3.74777
-3.74865
-3.74845
-3.74603
-3.74445
-3.74375
-3.74431
-3.74479
-3.743
-3.7417
-3.7412
-3.74032
-3.74157
-3.74025
-3.73862
-3.73859
-3.73942
-3.74121
-3.74194
-3.74226
-3.74294
-3.74647
-3.7489
-3.74855
-3.74701
-3.74708
-3.74661
-3.7464
-3.74539
-3.74456
-3.74176
-3.74318
-3.74406
-3.74401
-3.74319
-3.74433
-3.742
-3.74065
-3.73922
-3.7364
-3.73744
-3.73664
-3.73645
-3.73825
-3.74077
-3.74432
-3.74524
-3.74528
-3.74669
-3.74311
-3.74136
-3.743
-3.74334
-3.74013
-3.74004
-3.73803
-3.73852
-3.73921
-3.73722
-3.73644
-3.73602
-3.73804
-3.73841
-3.73753
-3.73804
-3.73958
-3.74325
-3.74382
-3.74484
-3.74349
-3.74469
-3.74492
-3.74333
-3.74411
-3.74516
-3.74853
-3.74908
-3.74935
-3.74806
-3.74947
-3.7493
-3.74629
-3.74691
-3.74807
-3.7476
-3.74554
-3.74397
-3.74177
-3.74066
-3.73948
-3.73964
-3.74
-3.74289
-3.74591
-3.74636
-3.74703
-3.7478
-3.74927
-3.74587
-3.7452
-3.74415
-3.74281
-3.74202
-3.74407
-3.74506
-3.74879
-3.74944
-3.74836
-3.74973
-3.74971
-3.74996
-3.74745
-3.74616
-3.7436
-3.73916
-3.73952
-3.74103
-3.74127
-3.74272
-3.74449
-3.74511
-3.74661
-3.7469
-3.74499
-3.74431
-3.74124
-3.73975
-3.73842
-3.73726
-3.73969
-3.74358
-3.7446
-3.74295
-3.74214
-3.7418
-3.74328
-3.7462
-3.74768
-3.74692
-3.74394
-3.742
-3.74169
-3.74052
-3.74163
-3.73943
-3.7418
-3.7422
-3.74006
-3.73977
-3.74078
-3.74226
-3.74119
-3.74459
-3.74785
-3.75163
-3.75191
-3.751
-3.74751
-3.74315
-3.73863
-3.7366
-3.73614
-3.7386
-3.74119
-3.74534
-3.7468
-3.74866
-3.74663
-3.74323
-3.74205
-3.73963
-3.73933
-3.74003
-3.74298
-3.74466
-3.74291
-3.74133
-3.74416
-3.74539
-3.75
-3.74948
-3.74859
-3.74495
-3.74302
-3.7439
-3.7429
-3.73973
-3.73646
-3.73182
-3.73466
-3.73515
-3.73802
-3.7392
-3.74075
-3.73892
-3.73805
-3.7402
-3.74161
-3.74229
-3.74538
-3.74319
-3.74145
-3.74285
-3.74185
-3.74233
-3.74369
-3.74736
-3.74956
-3.74851
-3.74712
-3.74267
-3.74074
-3.736
-3.73803
-3.73809
-3.7406
-3.74345
-3.74434
-3.74484
-3.74495
-3.74381
-3.74214
-3.73997
-3.7354
-3.73441
-3.73624
-3.73766
-3.73801
-3.73487
-3.73364
-3.73256
-3.73062
-3.73357
-3.73603
-3.73956
-3.74362
-3.74545
-3.74349
-3.74521
-3.74681
-3.74748
-3.74928
-3.75248
-3.75344
-3.74937
-3.75009
-3.74691
-3.74804
-3.74508
-3.74492
-3.74362
-3.74249
-3.74111
-3.74222
-3.7421
-3.74189
-3.7408
-3.74239
-3.7407
-3.74016
-3.73999
-3.74055
-3.73974
-3.74155
-3.7395
-3.74311
-3.74337
-3.74262
-3.74319
-3.74515
-3.74528
-3.74861
-3.74716
-3.745
-3.7457
-3.74475
-3.74689
-3.74594
-3.74329
-3.7435
-3.7448
-3.74446
-3.7461
-3.74931
-3.7496
-3.74859
-3.74784
-3.74866
-3.74665
-3.74687
-3.74565
-3.74126
-3.73743
-3.73886
-3.74184
-3.74314
-3.74646
-3.74852
-3.75027
-3.75156
-3.75043
-3.75074
-3.74981
-3.74732
-3.74151
-3.73793
-3.73682
-3.73621
-3.73682
-3.73823
-3.73726
-3.74115
-3.74366
-3.7435
-3.74305
-3.74467
-3.74598
-3.74426
-3.74467
-3.74374
-3.74274
-3.74083
-3.74099
-3.74245
-3.74189
-3.74381
-3.74623
-3.74689
-3.74646
-3.74583
-3.74324
-3.74174
-3.73946
-3.74057
-3.74363
-3.74835
-3.75123
-3.75314
-3.75439
-3.75038
-3.74515
-3.74383
-3.74054
-3.73599
-3.73473
-3.73393
-3.73506
-3.73633
-3.73645
-3.7387
-3.74104
-3.74309
-3.74491
-3.74432
-3.74247
-3.74145
-3.74107
-3.74163
-3.74312
-3.74121
-3.74344
-3.74592
-3.74833
-3.74824
-3.74772
-3.74696
-3.74298
-3.74184
-3.74092
-3.74267
-3.74245
-3.7397
-3.73923
-3.73782
-3.73866
-3.74073
-3.74298
-3.74437
-3.74622
-3.74663
-3.74578
-3.7434
-3.7402
-3.73936
-3.73853
-3.73837
-3.74088
-3.74231
-3.74278
-3.74604
-3.74548
-3.74526
-3.74466
-3.74575
-3.74422
-3.74367
-3.74184
-3.73859
-3.73812
-3.73927
-3.7382
-3.73994
-3.74151
-3.74268
-3.74217
-3.74297
-3.74122
-3.73965
-3.74286
-3.7421
-3.74147
-3.73981
-3.73729
-3.7364
-3.73649
-3.73768
-3.73984
-3.73865
-3.73981
-3.74095
-3.74343
-3.74146
-3.74186
-3.74376
-3.74524
-3.74768
-3.74777
-3.74713
-3.74792
-3.74655
-3.74419
-3.74159
-3.74154
-3.74225
-3.74517
-3.7467
-3.74729
-3.74787
-3.7473
-3.74838
-3.7479
-3.74704
-3.74677
-3.74684
-3.74663
-3.74278
-3.73963
-3.73727
-3.73572
-3.73245
-3.73136
-3.73375
-3.73496
-3.73781
-3.73836
-3.74055
-3.73924
-3.73866
-3.74069
-3.7422
-3.74218
-3.74349
-3.74268
-3.74351
-3.74185
-3.74076
-3.73973
-3.73935
-3.73934
-3.73962
-3.739
-3.74032
-3.73977
-3.74029
-3.73947
-3.74033
-3.74105
-3.74372
-3.74598
-3.74532
-3.74854
-3.74923
-3.74966
-3.74676
-3.74758
-3.74688
-3.74368
-3.74053
-3.73703
-3.73928
-3.74291
-3.74388
-3.74163
-3.74121
-3.74332
-3.74349
-3.7421
-3.74375
-3.7428
-3.74195
-3.73886
-3.73855
-3.7366
-3.73759
-3.74084
-3.74092
-3.74306
-3.74282
-3.74107
-3.74047
-3.74042
-3.74111
-3.74064
-3.74045
-3.7407
-3.74116
-3.74322
-3.74259
-3.74035
-3.73983
-3.74079
-3.74173
-3.74046
-3.74017
-3.74192
-3.74346
-3.74397
-3.74518
-3.74741
-3.75022
-3.75106
-3.74979
-3.74917
-3.74759
-3.74466
-3.74153
-3.73853
-3.73735
-3.73698
-3.73956
-3.74141
-3.7417
-3.7437
-3.74774
-3.74648
-3.74604
-3.74584
-3.74506
-3.74584
-3.74417
-3.73884
-3.73732
-3.73576
-3.73552
-3.73622
-3.7379
-3.74317
-3.74941
-3.75405
-3.75574
-3.75196
-3.7466
-3.7449
-3.74243
-3.74095
-3.73863
-3.73684
-3.73884
-3.73956
-3.74377
-3.74582
-3.74662
-3.7467
-3.74707
-3.74316
-3.7433
-3.74194
-3.74033
-3.74153
-3.74431
-3.74853
-3.74826
-3.74848
-3.74821
-3.74788
-3.74813
-3.74782
-3.74808
-3.74416
-3.73943
-3.73674
-3.73721
-3.73734
-3.73999
-3.73918
-3.74053
-3.74123
-3.74143
-3.74276
-3.7446
-3.74417
-3.74402
-3.74322
-3.7443
-3.74308
-3.74379
-3.74402
-3.74556
-3.74762
-3.74797
-3.74998
-3.74899
-3.74866
-3.74642
-3.74334
-3.74296
-3.74195
-3.74406
-3.7421
-3.74295
-3.74453
-3.74342
-3.74527
-3.74424
-3.74396
-3.74212
-3.73932
-3.74069
-3.73952
-3.73906
-3.73987
-3.73937
-3.73968
-3.73957
-3.74169
-3.74486
-3.7466
-3.74633
-3.74587
-3.7434
-3.74065
-3.73878
-3.73868
-3.73659
-3.74006
-3.74021
-3.74021
-3.74022
-3.73981
-3.74101
-3.74341
-3.74757
-3.75143
-3.75045
-3.74994
-3.75002
-3.74737
-3.74681
-3.74571
-3.74396
-3.74394
-3.74463
-3.74269
-3.74096
-3.74069
-3.7391
-3.73915
-3.73891
-3.74033
-3.74116
-3.74194
-3.74427
-3.74608
-3.74722
-3.74811
-3.74775
-3.74678
-3.74571
-3.74175
-3.73921
-3.73553
-3.73478
-3.73424
-3.73473
-3.73586
-3.7372
-3.73879
-3.74081
-3.742
-3.74553
-3.74672
-3.74613
-3.74712
-3.74232
-3.73966
-3.74027
-3.74074
-3.74409
-3.74433
-3.74762
-3.74642
-3.74233
-3.74291
-3.73973
-3.73738
-3.73507
-3.73311
-3.73479
-3.73673
-3.73655
-3.73934
-3.74142
-3.74147
-3.74382
-3.74207
-3.74208
-3.74102
-3.73983
-3.74019
-3.74001
-3.74123
-3.74186
-3.74315
-3.74424
-3.74419
-3.74225
-3.74073
-3.74109
-3.74154
-3.74163
-3.74407
-3.74347
-3.74488
-3.74328
-3.74258
-3.74254
-3.74097
-3.74056
-3.74177
-3.74118
-3.73926
-3.73988
-3.73801
-3.7371
-3.73812
-3.74123
-3.74391
-3.7443
-3.74551
-3.74716
-3.7457
-3.74577
-3.74377
-3.7422
-3.74077
-3.73987
-3.74088
-3.74033
-3.73801
-3.7347
-3.73572
-3.73664
-3.73657
-3.73751
-3.74085
-3.74186
-3.74257
-3.74343
-3.74327
-3.74103
-3.74092
-3.7402
-3.74205
-3.74503
-3.74801
-3.7476
-3.7476
-3.74395
-3.74186
-3.73591
-3.73493
-3.73308
-3.73478
-3.7331
